time	V(vout)	V(n001)
0.000000000000000e+00	8.417926e-03	0.000000e+00
4.882812557061023e-11	8.417926e-03	1.533981e-07
9.765625114122045e-11	8.417926e-03	3.067962e-07
1.953125022824409e-10	8.417926e-03	6.135923e-07
3.906250045648818e-10	8.417926e-03	1.227185e-06
7.812500091297636e-10	8.417926e-03	2.454369e-06
1.562500018259527e-09	8.417926e-03	4.908738e-06
3.125000036519054e-09	8.417928e-03	9.817477e-06
6.250000073038109e-09	8.417942e-03	1.963495e-05
1.250000014607622e-08	8.418018e-03	3.926991e-05
2.500000029215244e-08	8.418337e-03	7.853982e-05
5.000000058430487e-08	8.418867e-03	1.570796e-04
1.000000011686097e-07	8.412015e-03	3.141593e-04
2.000000023372195e-07	8.320896e-03	6.283183e-04
4.000000046744390e-07	7.738227e-03	1.256636e-03
7.183191871245439e-07	6.060560e-03	2.256659e-03
1.032772596629386e-06	4.080097e-03	3.244528e-03
1.363096920906619e-06	1.995079e-03	4.282243e-03
1.702163391652595e-06	-1.344388e-04	5.347402e-03
2.380296333144549e-06	-4.394434e-03	7.477643e-03
3.736562216128455e-06	-1.291454e-02	1.173768e-02
6.449093982096268e-06	-2.994884e-02	2.025488e-02
7.449093982096268e-06	-3.622646e-02	2.339348e-02
1.187415751403189e-05	-6.397936e-02	3.726917e-02
1.287415751403189e-05	-7.024465e-02	4.040127e-02
1.775697001403189e-05	-1.007851e-01	5.566951e-02
1.875697001403190e-05	-1.070286e-01	5.879045e-02
2.363978251403190e-05	-1.374417e-01	7.399379e-02
2.463978251403190e-05	-1.436548e-01	7.709931e-02
2.952259501403190e-05	-1.738990e-01	9.221699e-02
3.052259501403190e-05	-1.800733e-01	9.530285e-02
3.540540751403190e-05	-2.101073e-01	1.103142e-01
3.640540751403189e-05	-2.162343e-01	1.133762e-01
4.128822001403189e-05	-2.460171e-01	1.282607e-01
4.228822001403189e-05	-2.520884e-01	1.312947e-01
4.717103251403189e-05	-2.815792e-01	1.460321e-01
4.817103251403188e-05	-2.875866e-01	1.490338e-01
5.305384501403188e-05	-3.167452e-01	1.636039e-01
5.405384501403188e-05	-3.226805e-01	1.665693e-01
5.893665751403187e-05	-3.514670e-01	1.809522e-01
5.993665751403187e-05	-3.573221e-01	1.838772e-01
6.481947001403188e-05	-3.856972e-01	1.980533e-01
6.581947001403187e-05	-3.914640e-01	2.009340e-01
7.070228251403188e-05	-4.193890e-01	2.148839e-01
7.170228251403188e-05	-4.250596e-01	2.177163e-01
7.658509501403188e-05	-4.524963e-01	2.314209e-01
7.758509501403188e-05	-4.580631e-01	2.342011e-01
8.246790751403188e-05	-4.849740e-01	2.476418e-01
8.346790751403188e-05	-4.904293e-01	2.503660e-01
8.835072001403188e-05	-5.167777e-01	2.635243e-01
8.935072001403188e-05	-5.221141e-01	2.661889e-01
9.423353251403188e-05	-5.478639e-01	2.790469e-01
9.523353251403188e-05	-5.530741e-01	2.816482e-01
1.001163450140319e-04	-5.781902e-01	2.941883e-01
1.011163450140319e-04	-5.832670e-01	2.967227e-01
1.059991575140319e-04	-6.077151e-01	3.089277e-01
1.069991575140319e-04	-6.126516e-01	3.113918e-01
1.118819700140319e-04	-6.363984e-01	3.232452e-01
1.128819700140319e-04	-6.411879e-01	3.256356e-01
1.177647825140319e-04	-6.642007e-01	3.371210e-01
1.187647825140319e-04	-6.688367e-01	3.394345e-01
1.236475950140319e-04	-6.910842e-01	3.505364e-01
1.246475950140319e-04	-6.955603e-01	3.527697e-01
1.295304075140319e-04	-7.170121e-01	3.634728e-01
1.305304075140319e-04	-7.213222e-01	3.656230e-01
1.354132200140319e-04	-7.419490e-01	3.759128e-01
1.364132200140319e-04	-7.460872e-01	3.779768e-01
1.412960325140319e-04	-7.658608e-01	3.878392e-01
1.422960325140319e-04	-7.698215e-01	3.898142e-01
1.471788450140319e-04	-7.887149e-01	3.992357e-01
1.481788450140319e-04	-7.924926e-01	4.011192e-01
1.487891965765319e-04	-7.947803e-01	4.022610e-01
1.489417844671569e-04	-7.953514e-01	4.025455e-01
1.492469602484069e-04	-7.964919e-01	4.031134e-01
1.495446832090854e-04	-7.972661e-01	4.036660e-01
1.498255751297973e-04	-7.973819e-01	4.041862e-01
1.500094457630587e-04	-7.973012e-01	4.045259e-01
1.502697397050310e-04	-7.972593e-01	4.050060e-01
1.507903275889756e-04	-7.971700e-01	4.059629e-01
1.515184151259062e-04	-7.970397e-01	4.072939e-01
1.522691177970059e-04	-7.969114e-01	4.086573e-01
1.532896939580721e-04	-7.967302e-01	4.104964e-01
1.544599023169137e-04	-7.965292e-01	4.125842e-01
1.546526476594506e-04	-7.964943e-01	4.129259e-01
1.550381383445243e-04	-7.964270e-01	4.136076e-01
1.553544164207223e-04	-8.016143e-01	4.141651e-01
1.556716829448991e-04	-8.138666e-01	4.147227e-01
1.558125762602857e-04	-8.184924e-01	4.149698e-01
1.559530697068039e-04	-8.204944e-01	4.152158e-01
1.561086609824904e-04	-8.213807e-01	4.154879e-01
1.562874791074406e-04	-8.220345e-01	4.158002e-01
1.564700518787680e-04	-8.226166e-01	4.161185e-01
1.568351974214227e-04	-8.238543e-01	4.167534e-01
1.574400077423544e-04	-8.259528e-01	4.178002e-01
1.586496283842179e-04	-8.301208e-01	4.198757e-01
1.608993093416781e-04	-8.377331e-01	4.236711e-01
1.653986712565985e-04	-8.524597e-01	4.310072e-01
1.663986712565985e-04	-8.556359e-01	4.325911e-01
1.708582507365810e-04	-8.693996e-01	4.394459e-01
1.718582507365810e-04	-8.723889e-01	4.409358e-01
1.767410632365810e-04	-8.864962e-01	4.479598e-01
1.777410632365810e-04	-8.892798e-01	4.493465e-01
1.826238757365810e-04	-9.023704e-01	4.558617e-01
1.836238757365810e-04	-9.049444e-01	4.571432e-01
1.885066882365810e-04	-9.170005e-01	4.631408e-01
1.895066882365810e-04	-9.193612e-01	4.643155e-01
1.943895007365810e-04	-9.303663e-01	4.697872e-01
1.953895007365810e-04	-9.325105e-01	4.708535e-01
2.002723132365810e-04	-9.424498e-01	4.757919e-01
2.012723132365810e-04	-9.443744e-01	4.767482e-01
2.061551257365810e-04	-9.532343e-01	4.811466e-01
2.071551257365810e-04	-9.549367e-01	4.819917e-01
2.120379382365810e-04	-9.627051e-01	4.858440e-01
2.130379382365810e-04	-9.641829e-01	4.865767e-01
2.179207507365810e-04	-9.708492e-01	4.898777e-01
2.189207507365810e-04	-9.721005e-01	4.904970e-01
2.238035632365810e-04	-9.776556e-01	4.932422e-01
2.248035632365810e-04	-9.786786e-01	4.937473e-01
2.296863757365810e-04	-9.831150e-01	4.959329e-01
2.306863757365810e-04	-9.839082e-01	4.963230e-01
2.355691882365810e-04	-9.872198e-01	4.979461e-01
2.365691882365810e-04	-9.877822e-01	4.982207e-01
2.414520007365810e-04	-9.899645e-01	4.992790e-01
2.424520007365810e-04	-9.902953e-01	4.994378e-01
2.473348132365810e-04	-9.913453e-01	4.999299e-01
2.522176257365810e-04	-9.914540e-01	4.999515e-01
2.571004382365810e-04	-9.906220e-01	4.995025e-01
2.619832507365810e-04	-9.888494e-01	4.985834e-01
2.668660632365810e-04	-9.861386e-01	4.971951e-01
2.717488757365810e-04	-9.824913e-01	4.953388e-01
2.766316882365810e-04	-9.779118e-01	4.930163e-01
2.776316882365810e-04	-9.768590e-01	4.924834e-01
2.825145007365810e-04	-9.711618e-01	4.896022e-01
2.835145007365811e-04	-9.698808e-01	4.889551e-01
2.883973132365811e-04	-9.630735e-01	4.855191e-01
2.893973132365811e-04	-9.615661e-01	4.847590e-01
2.942801257365811e-04	-9.536580e-01	4.807729e-01
2.952801257365811e-04	-9.519263e-01	4.799006e-01
3.001629382365811e-04	-9.429284e-01	4.753698e-01
3.011629382365811e-04	-9.409746e-01	4.743866e-01
3.060457507365812e-04	-9.308990e-01	4.693174e-01
3.070457507365812e-04	-9.287259e-01	4.682246e-01
3.119285632365812e-04	-9.175865e-01	4.626238e-01
3.129285632365812e-04	-9.151970e-01	4.614229e-01
3.178113757365812e-04	-9.030090e-01	4.552982e-01
3.188113757365812e-04	-9.004064e-01	4.539908e-01
3.236941882365812e-04	-8.871863e-01	4.473507e-01
3.246941882365813e-04	-8.843742e-01	4.459386e-01
3.295770007365813e-04	-8.701403e-01	4.387920e-01
3.305770007365813e-04	-8.671224e-01	4.372772e-01
3.354598132365813e-04	-8.518940e-01	4.296339e-01
3.364598132365813e-04	-8.486745e-01	4.280184e-01
3.413426257365813e-04	-8.324724e-01	4.198889e-01
3.423426257365813e-04	-8.290558e-01	4.181749e-01
3.472254382365814e-04	-8.119021e-01	4.095702e-01
3.482254382365814e-04	-8.082930e-01	4.077602e-01
3.488357897990814e-04	-8.060721e-01	4.066475e-01
3.500564929240813e-04	-8.016025e-01	4.044042e-01
3.503616687053313e-04	-8.004754e-01	4.038396e-01
3.509720202678313e-04	-7.982154e-01	4.027061e-01
3.511246081584563e-04	-7.976482e-01	4.024217e-01
3.514297839397063e-04	-7.968366e-01	4.018520e-01
3.517174845290264e-04	-7.966565e-01	4.013135e-01
3.519212883073863e-04	-7.966846e-01	4.009313e-01
3.521754008445680e-04	-7.966536e-01	4.004538e-01
3.526836259189313e-04	-7.966037e-01	3.994957e-01
3.534060657083653e-04	-7.965363e-01	3.981268e-01
3.541567239183531e-04	-7.964618e-01	3.966957e-01
3.551831326894841e-04	-7.963662e-01	3.947246e-01
3.563546644609029e-04	-7.962523e-01	3.924548e-01
3.565479948784405e-04	-7.962351e-01	3.920782e-01
3.569346557135157e-04	-7.961986e-01	3.913232e-01
3.571983141471032e-04	-7.961735e-01	3.908071e-01
3.574020404064960e-04	-7.931581e-01	3.904076e-01
3.575727559097710e-04	-7.858608e-01	3.900723e-01
3.577444951584070e-04	-7.778084e-01	3.897345e-01
3.578628763731154e-04	-7.744032e-01	3.895014e-01
3.579943133124286e-04	-7.723564e-01	3.892424e-01
3.581291154342315e-04	-7.711452e-01	3.889764e-01
3.583052987028610e-04	-7.701718e-01	3.886284e-01
3.585492423028173e-04	-7.691554e-01	3.881457e-01
3.588592940092096e-04	-7.679482e-01	3.875310e-01
3.593610006081463e-04	-7.659618e-01	3.865331e-01
3.603644138060197e-04	-7.619563e-01	3.845259e-01
3.623712402017667e-04	-7.538578e-01	3.804656e-01
3.663848929932605e-04	-7.372961e-01	3.721642e-01
3.673848929932606e-04	-7.330959e-01	3.700588e-01
3.718380543754137e-04	-7.140378e-01	3.605072e-01
3.728380543754137e-04	-7.096795e-01	3.583232e-01
3.777208668754137e-04	-6.879967e-01	3.474578e-01
3.787208668754137e-04	-6.834739e-01	3.451918e-01
3.836036793754137e-04	-6.610042e-01	3.339337e-01
3.846036793754137e-04	-6.563233e-01	3.315889e-01
3.894864918754137e-04	-6.330971e-01	3.199534e-01
3.904864918754138e-04	-6.282645e-01	3.175329e-01
3.953693043754138e-04	-6.043137e-01	3.055360e-01
3.963693043754138e-04	-5.993360e-01	3.030431e-01
4.012521168754138e-04	-5.746931e-01	2.907012e-01
4.022521168754138e-04	-5.695772e-01	2.881394e-01
4.071349293754138e-04	-5.442760e-01	2.754693e-01
4.081349293754139e-04	-5.390288e-01	2.728420e-01
4.130177418754139e-04	-5.131039e-01	2.598611e-01
4.140177418754139e-04	-5.077325e-01	2.571720e-01
4.189005543754139e-04	-4.812193e-01	2.438978e-01
4.199005543754139e-04	-4.757312e-01	2.411506e-01
4.247833668754139e-04	-4.486659e-01	2.276014e-01
4.257833668754139e-04	-4.430684e-01	2.247997e-01
4.306661793754139e-04	-4.154880e-01	2.109941e-01
4.316661793754140e-04	-4.097889e-01	2.081418e-01
4.365489918754140e-04	-3.817310e-01	1.940985e-01
4.375489918754140e-04	-3.759381e-01	1.911995e-01
4.424318043754140e-04	-3.474410e-01	1.769378e-01
4.434318043754140e-04	-3.415622e-01	1.739960e-01
4.483146168754140e-04	-3.126650e-01	1.595354e-01
4.493146168754141e-04	-3.067082e-01	1.565549e-01
4.541974293754141e-04	-2.774503e-01	1.419150e-01
4.551974293754141e-04	-2.714236e-01	1.388998e-01
4.600802418754141e-04	-2.418450e-01	1.241008e-01
4.610802418754141e-04	-2.357568e-01	1.210550e-01
4.659630543754141e-04	-2.058979e-01	1.061170e-01
4.669630543754141e-04	-1.997565e-01	1.030449e-01
4.718458668754142e-04	-1.696580e-01	8.798824e-02
4.728458668754142e-04	-1.634718e-01	8.489396e-02
4.777286793754142e-04	-1.331749e-01	6.973929e-02
4.787286793754142e-04	-1.269522e-01	6.662706e-02
4.836114918754142e-04	-9.649828e-02	5.139508e-02
4.846114918754142e-04	-9.024771e-02	4.826913e-02
4.894943043754142e-04	-5.967838e-02	3.298065e-02
4.904943043754143e-04	-5.340844e-02	2.984527e-02
4.953771168754143e-04	-2.276544e-02	1.452117e-02
4.963771168754143e-04	-1.648471e-02	1.138064e-02
5.012599293754143e-04	1.419009e-02	-3.958144e-03
5.022599293754143e-04	2.047304e-02	-7.099539e-03
5.071427418754143e-04	5.113773e-02	-2.243205e-02
5.081427418754143e-04	5.741432e-02	-2.557002e-02
5.130255543754144e-04	8.802702e-02	-4.087532e-02
5.140255543754144e-04	9.428867e-02	-4.400557e-02
5.189083668754144e-04	1.248075e-01	-5.926275e-02
5.199083668754144e-04	1.310457e-01	-6.238100e-02
5.247911793754144e-04	1.614291e-01	-7.756922e-02
5.257911793754144e-04	1.676352e-01	-8.067122e-02
5.306739918754144e-04	1.978416e-01	-9.576971e-02
5.316739918754145e-04	2.040072e-01	-9.885123e-02
5.365568043754145e-04	2.339953e-01	-1.138394e-01
5.375568043754145e-04	2.401121e-01	-1.168962e-01
5.424396168754145e-04	2.698409e-01	-1.317535e-01
5.434396168754145e-04	2.759004e-01	-1.347815e-01
5.483224293754145e-04	3.053293e-01	-1.494877e-01
5.493224293754145e-04	3.113233e-01	-1.524826e-01
5.542052418754146e-04	3.404121e-01	-1.670177e-01
5.552052418754146e-04	3.463323e-01	-1.699755e-01
5.600880543754146e-04	3.750414e-01	-1.843195e-01
5.610880543754146e-04	3.808798e-01	-1.872361e-01
5.659708668754146e-04	4.091699e-01	-2.013694e-01
5.669708668754146e-04	4.149185e-01	-2.042410e-01
5.718536793754146e-04	4.427509e-01	-2.181444e-01
5.728536793754147e-04	4.484018e-01	-2.209669e-01
5.777364918754147e-04	4.757385e-01	-2.346213e-01
5.787364918754147e-04	4.812841e-01	-2.373908e-01
5.836193043754147e-04	5.080878e-01	-2.507776e-01
5.846193043754147e-04	5.135204e-01	-2.534905e-01
5.895021168754147e-04	5.397544e-01	-2.665914e-01
5.905021168754147e-04	5.450667e-01	-2.692440e-01
5.953849293754148e-04	5.706952e-01	-2.820410e-01
5.963849293754148e-04	5.758798e-01	-2.846295e-01
6.012677418754148e-04	6.008679e-01	-2.971054e-01
6.022677418754148e-04	6.059178e-01	-2.996263e-01
6.071505543754148e-04	6.302312e-01	-3.117638e-01
6.081505543754148e-04	6.351395e-01	-3.142137e-01
6.130333668754148e-04	6.587451e-01	-3.259963e-01
6.140333668754149e-04	6.635051e-01	-3.283719e-01
6.189161793754149e-04	6.863706e-01	-3.397835e-01
6.199161793754149e-04	6.909757e-01	-3.420815e-01
6.247989918754149e-04	7.130699e-01	-3.531066e-01
6.257989918754149e-04	7.175139e-01	-3.553239e-01
6.306818043754149e-04	7.388065e-01	-3.659472e-01
6.316818043754149e-04	7.430834e-01	-3.680807e-01
6.365646168754150e-04	7.635455e-01	-3.782880e-01
6.375646168754150e-04	7.676493e-01	-3.803348e-01
6.424474293754150e-04	7.872528e-01	-3.901119e-01
6.434474293754150e-04	7.911780e-01	-3.920693e-01
6.483302418754150e-04	8.098962e-01	-4.014030e-01
6.493302418754150e-04	8.136374e-01	-4.032682e-01
6.542130543754150e-04	8.314446e-01	-4.121456e-01
6.552130543754151e-04	8.349968e-01	-4.139161e-01
6.600958668754151e-04	8.518688e-01	-4.223253e-01
6.610958668754151e-04	8.552270e-01	-4.239987e-01
6.659786793754151e-04	8.711407e-01	-4.319280e-01
6.669786793754151e-04	8.743004e-01	-4.335020e-01
6.718614918754151e-04	8.892341e-01	-4.409406e-01
6.728614918754151e-04	8.921909e-01	-4.424131e-01
6.777443043754152e-04	9.061241e-01	-4.493509e-01
6.787443043754152e-04	9.088740e-01	-4.507198e-01
6.836271168754152e-04	9.217879e-01	-4.571474e-01
6.846271168754152e-04	9.243271e-01	-4.584108e-01
6.895099293754152e-04	9.362038e-01	-4.643193e-01
6.905099293754152e-04	9.385290e-01	-4.654756e-01
6.953927418754152e-04	9.493524e-01	-4.708569e-01
6.963927418754153e-04	9.514602e-01	-4.719045e-01
7.012755543754153e-04	9.612155e-01	-4.767513e-01
7.022755543754153e-04	9.631032e-01	-4.776887e-01
7.071583668754153e-04	9.717770e-01	-4.819944e-01
7.081583668754153e-04	9.734420e-01	-4.828204e-01
7.130411793754153e-04	9.810225e-01	-4.865790e-01
7.140411793754153e-04	9.824624e-01	-4.872924e-01
7.189239918754154e-04	9.889393e-01	-4.904990e-01
7.199239918754154e-04	9.901522e-01	-4.910988e-01
7.248068043754154e-04	9.955167e-01	-4.937489e-01
7.258068043754154e-04	9.965009e-01	-4.942343e-01
7.306896168754154e-04	1.000746e+00	-4.963242e-01
7.316896168754154e-04	1.001500e+00	-4.966947e-01
7.365724293754154e-04	1.004619e+00	-4.982216e-01
7.375724293754155e-04	1.005142e+00	-4.984765e-01
7.424552418754155e-04	1.007131e+00	-4.994383e-01
7.434552418754155e-04	1.007423e+00	-4.995773e-01
7.483380543754155e-04	1.008279e+00	-4.999727e-01
7.532208668754155e-04	1.008195e+00	-4.998976e-01
7.581036793754155e-04	1.007169e+00	-4.993520e-01
7.629864918754155e-04	1.005204e+00	-4.983364e-01
7.678693043754155e-04	1.002300e+00	-4.968518e-01
7.727521168754155e-04	9.984611e-01	-4.948996e-01
7.776349293754155e-04	9.936904e-01	-4.924816e-01
7.786349293754155e-04	9.925987e-01	-4.919291e-01
7.835177418754156e-04	9.867114e-01	-4.889530e-01
7.845177418754156e-04	9.853918e-01	-4.882866e-01
7.894005543754156e-04	9.783960e-01	-4.847565e-01
7.904005543754156e-04	9.768503e-01	-4.839771e-01
7.952833668754156e-04	9.687555e-01	-4.798977e-01
7.962833668754156e-04	9.669858e-01	-4.790064e-01
8.011661793754156e-04	9.578031e-01	-4.743834e-01
8.021661793754157e-04	9.558117e-01	-4.733813e-01
8.070489918754157e-04	9.455537e-01	-4.682210e-01
8.080489918754157e-04	9.433435e-01	-4.671096e-01
8.129318043754157e-04	9.320241e-01	-4.614189e-01
8.139318043754157e-04	9.295981e-01	-4.601997e-01
8.188146168754157e-04	9.172328e-01	-4.539866e-01
8.198146168754157e-04	9.145943e-01	-4.526612e-01
8.246974293754158e-04	9.012000e-01	-4.459340e-01
8.256974293754158e-04	8.983525e-01	-4.445043e-01
8.305802418754158e-04	8.839475e-01	-4.372723e-01
8.315802418754158e-04	8.808950e-01	-4.357401e-01
8.364630543754158e-04	8.654990e-01	-4.280131e-01
8.374630543754158e-04	8.622456e-01	-4.263807e-01
8.423458668754158e-04	8.458796e-01	-4.181693e-01
8.433458668754159e-04	8.424298e-01	-4.164388e-01
8.482286793754159e-04	8.251162e-01	-4.077543e-01
8.492286793754159e-04	8.214747e-01	-4.059280e-01
8.541114918754159e-04	8.032371e-01	-3.967822e-01
8.551114918754159e-04	7.994089e-01	-3.948627e-01
8.599943043754159e-04	7.802722e-01	-3.852680e-01
8.609943043754159e-04	7.762625e-01	-3.832580e-01
8.658771168754160e-04	7.562528e-01	-3.732276e-01
8.668771168754160e-04	7.520671e-01	-3.711297e-01
8.717599293754160e-04	7.312119e-01	-3.606773e-01
8.727599293754160e-04	7.268559e-01	-3.584944e-01
8.776427418754160e-04	7.051836e-01	-3.476342e-01
8.786427418754160e-04	7.006631e-01	-3.453694e-01
8.835255543754160e-04	6.782033e-01	-3.341163e-01
8.845255543754161e-04	6.735247e-01	-3.317725e-01
8.894083668754161e-04	6.503081e-01	-3.201419e-01
8.904083668754161e-04	6.454778e-01	-3.177224e-01
8.952911793754161e-04	6.215361e-01	-3.057302e-01
8.962911793754161e-04	6.165605e-01	-3.032383e-01
9.011739918754161e-04	5.919265e-01	-2.909008e-01
9.021739918754161e-04	5.868125e-01	-2.883400e-01
9.070568043754162e-04	5.615197e-01	-2.756741e-01
9.080568043754162e-04	5.562743e-01	-2.730477e-01
9.129396168754162e-04	5.303573e-01	-2.600707e-01
9.139396168754162e-04	5.249877e-01	-2.573824e-01
9.188224293754162e-04	4.984819e-01	-2.441121e-01
9.198224293754162e-04	4.929954e-01	-2.413655e-01
9.247052418754162e-04	4.659370e-01	-2.278199e-01
9.257052418754163e-04	4.603411e-01	-2.250189e-01
9.305880543754163e-04	4.327672e-01	-2.112166e-01
9.315880543754163e-04	4.270695e-01	-2.083649e-01
9.364708668754163e-04	3.990176e-01	-1.943247e-01
9.374708668754163e-04	3.932259e-01	-1.914263e-01
9.423536793754163e-04	3.647344e-01	-1.771674e-01
9.433536793754163e-04	3.588567e-01	-1.742261e-01
9.482364918754164e-04	3.299645e-01	-1.597680e-01
9.492364918754164e-04	3.240087e-01	-1.567879e-01
9.541193043754164e-04	2.947553e-01	-1.421503e-01
9.551193043754164e-04	2.887296e-01	-1.391356e-01
9.600021168754164e-04	2.591550e-01	-1.243385e-01
9.610021168754164e-04	2.530676e-01	-1.212932e-01
9.658849293754164e-04	2.232121e-01	-1.063568e-01
9.668849293754165e-04	2.170713e-01	-1.032850e-01
9.717677418754165e-04	1.869758e-01	-8.822984e-02
9.727677418754165e-04	1.807901e-01	-8.513582e-02
9.776505543754165e-04	1.504955e-01	-6.998232e-02
9.786505543754164e-04	1.442733e-01	-6.687029e-02
9.835333668754163e-04	1.138212e-01	-5.163921e-02
9.845333668754162e-04	1.075709e-01	-4.851342e-02
9.894161793754161e-04	7.700285e-02	-3.322555e-02
9.904161793754160e-04	7.073312e-02	-3.009027e-02
9.952989918754159e-04	4.009082e-02	-1.476650e-02
9.962989918754158e-04	3.381019e-02	-1.162601e-02
1.001181804375416e-03	3.135529e-03	3.712714e-03
1.002181804375416e-03	-3.147442e-03	6.854126e-03
1.007064616875416e-03	-3.381255e-02	2.218686e-02
1.008064616875415e-03	-4.008927e-02	2.532490e-02
1.012947429375415e-03	-7.070293e-02	4.063070e-02
1.013947429375415e-03	-7.696483e-02	4.376108e-02
1.018830241875415e-03	-1.074852e-01	5.901903e-02
1.019830241875415e-03	-1.137238e-01	6.213748e-02
1.024713054375415e-03	-1.441092e-01	7.732674e-02
1.025713054375415e-03	-1.503158e-01	8.042899e-02
1.030595866875415e-03	-1.805248e-01	9.552881e-02
1.031595866875415e-03	-1.866910e-01	9.861062e-02
1.036478679375415e-03	-2.166823e-01	1.136004e-01
1.037478679375415e-03	-2.227997e-01	1.166575e-01
1.042361491875414e-03	-2.525323e-01	1.315168e-01
1.043361491875414e-03	-2.585926e-01	1.345451e-01
1.048244304375414e-03	-2.880258e-01	1.492535e-01
1.049244304375414e-03	-2.940206e-01	1.522489e-01
1.054127116875414e-03	-3.231143e-01	1.667863e-01
1.055127116875414e-03	-3.290355e-01	1.697446e-01
1.060009929375414e-03	-3.577499e-01	1.840913e-01
1.061009929375414e-03	-3.635894e-01	1.870085e-01
1.065892741875414e-03	-3.918853e-01	2.011448e-01
1.066892741875414e-03	-3.976352e-01	2.040170e-01
1.071775554375413e-03	-4.254739e-01	2.179235e-01
1.072775554375413e-03	-4.311262e-01	2.207467e-01
1.077658366875413e-03	-4.584697e-01	2.344045e-01
1.078658366875413e-03	-4.640167e-01	2.371748e-01
1.083541179375413e-03	-4.908277e-01	2.505653e-01
1.084541179375413e-03	-4.962619e-01	2.532789e-01
1.089423991875413e-03	-5.225037e-01	2.663838e-01
1.090423991875413e-03	-5.278176e-01	2.690371e-01
1.095306804375413e-03	-5.534545e-01	2.818384e-01
1.096306804375413e-03	-5.586408e-01	2.844277e-01
1.101189616875413e-03	-5.836376e-01	2.969079e-01
1.102189616875412e-03	-5.886893e-01	2.994298e-01
1.107072429375412e-03	-6.130119e-01	3.115719e-01
1.108072429375412e-03	-6.179221e-01	3.140228e-01
1.112955241875412e-03	-6.415373e-01	3.258102e-01
1.113955241875412e-03	-6.462993e-01	3.281868e-01
1.118838054375412e-03	-6.691748e-01	3.396035e-01
1.119838054375412e-03	-6.737821e-01	3.419025e-01
1.124720866875412e-03	-6.958867e-01	3.529328e-01
1.125720866875412e-03	-7.003329e-01	3.551511e-01
1.130603679375412e-03	-7.216364e-01	3.657799e-01
1.131603679375412e-03	-7.259156e-01	3.679146e-01
1.136486491875411e-03	-7.463888e-01	3.781274e-01
1.137486491875411e-03	-7.504950e-01	3.801754e-01
1.142369304375411e-03	-7.701100e-01	3.899584e-01
1.143369304375411e-03	-7.740377e-01	3.919169e-01
1.148252116875411e-03	-7.927677e-01	4.012566e-01
1.149252116875411e-03	-7.965115e-01	4.031230e-01
1.149265891178536e-03	-7.965628e-01	4.031486e-01
1.149293439784786e-03	-7.966655e-01	4.031998e-01
1.149348536997286e-03	-7.968708e-01	4.033021e-01
1.149430464046746e-03	-7.971411e-01	4.034542e-01
1.149516408843090e-03	-7.973074e-01	4.036136e-01
1.149688298435779e-03	-7.973522e-01	4.039322e-01
1.150032077621157e-03	-7.972679e-01	4.045677e-01
1.150367153443437e-03	-7.972217e-01	4.051854e-01
1.151037305087998e-03	-7.970962e-01	4.064154e-01
1.151744098842955e-03	-7.969778e-01	4.077048e-01
1.152647462720271e-03	-7.968150e-01	4.093411e-01
1.153712719760530e-03	-7.966321e-01	4.112537e-01
1.155089155668066e-03	-7.963889e-01	4.136977e-01
1.155121093891892e-03	-7.963838e-01	4.137540e-01
1.155184970339544e-03	-7.967258e-01	4.138666e-01
1.155312723234847e-03	-8.008165e-01	4.140917e-01
1.155438687774260e-03	-8.078086e-01	4.143134e-01
1.155527272120028e-03	-8.121726e-01	4.144691e-01
1.155645540785173e-03	-8.160734e-01	4.146768e-01
1.155768232060856e-03	-8.185031e-01	4.148920e-01
1.155934028607673e-03	-8.202711e-01	4.151825e-01
1.156119952040494e-03	-8.213078e-01	4.155077e-01
1.156348151773920e-03	-8.221742e-01	4.159060e-01
1.156627033492577e-03	-8.231348e-01	4.163917e-01
1.157105105396700e-03	-8.247911e-01	4.172213e-01
1.157987229449446e-03	-8.278452e-01	4.187421e-01
1.159751477554938e-03	-8.338694e-01	4.217451e-01
1.163279973765922e-03	-8.456103e-01	4.275953e-01
1.164279973765922e-03	-8.488609e-01	4.292151e-01
1.168454304147517e-03	-8.620653e-01	4.357933e-01
1.169454304147517e-03	-8.651398e-01	4.373249e-01
1.174337116647517e-03	-8.796550e-01	4.445540e-01
1.175337116647517e-03	-8.825252e-01	4.459831e-01
1.180219929147517e-03	-8.960317e-01	4.527073e-01
1.181219929147517e-03	-8.986934e-01	4.540320e-01
1.186102741647517e-03	-9.111728e-01	4.602422e-01
1.187102741647517e-03	-9.136224e-01	4.614607e-01
1.191985554147517e-03	-9.250577e-01	4.671483e-01
1.192985554147517e-03	-9.272918e-01	4.682590e-01
1.197868366647517e-03	-9.376674e-01	4.734163e-01
1.198868366647516e-03	-9.396830e-01	4.744177e-01
1.203751179147516e-03	-9.489847e-01	4.790375e-01
1.204751179147516e-03	-9.507789e-01	4.799282e-01
1.209633991647516e-03	-9.589940e-01	4.840043e-01
1.210633991647516e-03	-9.605645e-01	4.847831e-01
1.215516804147516e-03	-9.676818e-01	4.883100e-01
1.216516804147516e-03	-9.690264e-01	4.889757e-01
1.221399616647516e-03	-9.750361e-01	4.919485e-01
1.222399616647516e-03	-9.761530e-01	4.925003e-01
1.227282429147516e-03	-9.810470e-01	4.949151e-01
1.228282429147516e-03	-9.819346e-01	4.953522e-01
1.233165241647515e-03	-9.857062e-01	4.972055e-01
1.234165241647515e-03	-9.863633e-01	4.975273e-01
1.239048054147515e-03	-9.890072e-01	4.988167e-01
1.240048054147515e-03	-9.894330e-01	4.990228e-01
1.244930866647515e-03	-9.909458e-01	4.997464e-01
1.245930866647515e-03	-9.911395e-01	4.998366e-01
1.250813679147515e-03	-9.915190e-01	4.999935e-01
1.255696491647515e-03	-9.909574e-01	4.996798e-01
1.260579304147515e-03	-9.894552e-01	4.988958e-01
1.265462116647515e-03	-9.870138e-01	4.976422e-01
1.270344929147514e-03	-9.836355e-01	4.959204e-01
1.275227741647514e-03	-9.793236e-01	4.937317e-01
1.276227741647514e-03	-9.783257e-01	4.932261e-01
1.281110554147514e-03	-9.728944e-01	4.904779e-01
1.282110554147514e-03	-9.716678e-01	4.898580e-01
1.286993366647514e-03	-9.651245e-01	4.865541e-01
1.287993366647514e-03	-9.636711e-01	4.858208e-01
1.292876179147514e-03	-9.560248e-01	4.819655e-01
1.293876179147514e-03	-9.543464e-01	4.811199e-01
1.298758991647514e-03	-9.456075e-01	4.767186e-01
1.299758991647513e-03	-9.437065e-01	4.757617e-01
1.304641804147513e-03	-9.338869e-01	4.708204e-01
1.305641804147513e-03	-9.317659e-01	4.697536e-01
1.310524616647513e-03	-9.208790e-01	4.642790e-01
1.311524616647513e-03	-9.185410e-01	4.631037e-01
1.316407429147513e-03	-9.066016e-01	4.571034e-01
1.317407429147513e-03	-9.040496e-01	4.558212e-01
1.322290241647513e-03	-8.910742e-01	4.493033e-01
1.323290241647513e-03	-8.883119e-01	4.479161e-01
1.328173054147513e-03	-8.743181e-01	4.408894e-01
1.329173054147513e-03	-8.713490e-01	4.393990e-01
1.334055866647512e-03	-8.563560e-01	4.318733e-01
1.335055866647512e-03	-8.531843e-01	4.302816e-01
1.339938679147512e-03	-8.372126e-01	4.222672e-01
1.340938679147512e-03	-8.338427e-01	4.205765e-01
1.345821491647512e-03	-8.169140e-01	4.120842e-01
1.346821491647512e-03	-8.133504e-01	4.102968e-01
1.347431843210012e-03	-8.111570e-01	4.091980e-01
1.348652546335012e-03	-8.067427e-01	4.069822e-01
1.351093952585012e-03	-7.977617e-01	4.024789e-01
1.351120056100637e-03	-7.976646e-01	4.024302e-01
1.351172263131887e-03	-7.974705e-01	4.023329e-01
1.351276677194387e-03	-7.971346e-01	4.021380e-01
1.351387833887849e-03	-7.969432e-01	4.019304e-01
1.351512994002611e-03	-7.969015e-01	4.016964e-01
1.351763314232134e-03	-7.968870e-01	4.012276e-01
1.352130348219642e-03	-7.968459e-01	4.005385e-01
1.352847440743555e-03	-7.967802e-01	3.991860e-01
1.353576705622439e-03	-7.967067e-01	3.978022e-01
1.354439001313798e-03	-7.966260e-01	3.961553e-01
1.355497511520072e-03	-7.965224e-01	3.941176e-01
1.356835918328808e-03	-7.963963e-01	3.915162e-01
1.356851431185847e-03	-7.963946e-01	3.914859e-01
1.356882456899925e-03	-7.963913e-01	3.914253e-01
1.356944508328081e-03	-7.963852e-01	3.913040e-01
1.357068611184393e-03	-7.950837e-01	3.910611e-01
1.357190839953917e-03	-7.905672e-01	3.908217e-01
1.357320095362787e-03	-7.837794e-01	3.905683e-01
1.357400862420994e-03	-7.801440e-01	3.904099e-01
1.357527420766873e-03	-7.762951e-01	3.901613e-01
1.357654691366631e-03	-7.740208e-01	3.899112e-01
1.357826447459807e-03	-7.723423e-01	3.895732e-01
1.358018725044634e-03	-7.712898e-01	3.891942e-01
1.358258179310761e-03	-7.703069e-01	3.887215e-01
1.358560853752792e-03	-7.691280e-01	3.881228e-01
1.359092794164514e-03	-7.670270e-01	3.870670e-01
1.360156674987959e-03	-7.627872e-01	3.849427e-01
1.362284436634849e-03	-7.542108e-01	3.806424e-01
1.366539959928628e-03	-7.366462e-01	3.718387e-01
1.367539959928628e-03	-7.324420e-01	3.697310e-01
1.371876346215942e-03	-7.138711e-01	3.604239e-01
1.372876346215941e-03	-7.095121e-01	3.582394e-01
1.377759158715941e-03	-6.878237e-01	3.473713e-01
1.378759158715941e-03	-6.833003e-01	3.451048e-01
1.383641971215941e-03	-6.608251e-01	3.338441e-01
1.384641971215941e-03	-6.561435e-01	3.314988e-01
1.389524783715941e-03	-6.329122e-01	3.198609e-01
1.390524783715941e-03	-6.280789e-01	3.174399e-01
1.395407596215941e-03	-6.041232e-01	3.054407e-01
1.396407596215941e-03	-5.991448e-01	3.029475e-01
1.401290408715941e-03	-5.744974e-01	2.906033e-01
1.402290408715940e-03	-5.693808e-01	2.880411e-01
1.407173221215940e-03	-5.440753e-01	2.753689e-01
1.408173221215940e-03	-5.388274e-01	2.727412e-01
1.413056033715940e-03	-5.128984e-01	2.597583e-01
1.414056033715940e-03	-5.075264e-01	2.570688e-01
1.418938846215940e-03	-4.810093e-01	2.437928e-01
1.419938846215940e-03	-4.755206e-01	2.410452e-01
1.424821658715940e-03	-4.484516e-01	2.274943e-01
1.425821658715940e-03	-4.428536e-01	2.246923e-01
1.430704471215940e-03	-4.152699e-01	2.108850e-01
1.431704471215940e-03	-4.095702e-01	2.080324e-01
1.436587283715939e-03	-3.815093e-01	1.939877e-01
1.437587283715939e-03	-3.757158e-01	1.910883e-01
1.442470096215939e-03	-3.472160e-01	1.768253e-01
1.443470096215939e-03	-3.413366e-01	1.738833e-01
1.448352908715939e-03	-3.124369e-01	1.594214e-01
1.449352908715939e-03	-3.064797e-01	1.564406e-01
1.454235721215939e-03	-2.772195e-01	1.417997e-01
1.455235721215939e-03	-2.711925e-01	1.387843e-01
1.460118533715939e-03	-2.416119e-01	1.239842e-01
1.461118533715939e-03	-2.355234e-01	1.209383e-01
1.466001346215938e-03	-2.056627e-01	1.059994e-01
1.467001346215938e-03	-1.995210e-01	1.029272e-01
1.471884158715938e-03	-1.694211e-01	8.786982e-02
1.472884158715938e-03	-1.632346e-01	8.477540e-02
1.477766971215938e-03	-1.329365e-01	6.962017e-02
1.478766971215938e-03	-1.267137e-01	6.650782e-02
1.483649783715938e-03	-9.625886e-02	5.127542e-02
1.484649783715938e-03	-9.000815e-02	4.814940e-02
1.489532596215938e-03	-5.943818e-02	3.286062e-02
1.490532596215938e-03	-5.316817e-02	2.972519e-02
1.495415408715938e-03	-2.252481e-02	1.440093e-02
1.496415408715937e-03	-1.624405e-02	1.126037e-02
1.501298221215937e-03	1.443083e-02	-4.078437e-03
1.502298221215937e-03	2.071375e-02	-7.219824e-03
1.507181033715937e-03	5.137825e-02	-2.255223e-02
1.508181033715937e-03	5.765476e-02	-2.569016e-02
1.513063846215937e-03	8.826699e-02	-4.099521e-02
1.514063846215937e-03	9.452851e-02	-4.412540e-02
1.518946658715937e-03	1.250466e-01	-5.938219e-02
1.519946658715937e-03	1.312846e-01	-6.250036e-02
1.524829471215937e-03	1.616670e-01	-7.768805e-02
1.525829471215937e-03	1.678729e-01	-8.078994e-02
1.530712283715936e-03	1.980779e-01	-9.588778e-02
1.531712283715936e-03	2.042433e-01	-9.896915e-02
1.536595096215936e-03	2.342298e-01	-1.139565e-01
1.537595096215936e-03	2.403462e-01	-1.170132e-01
1.542477908715936e-03	2.700732e-01	-1.318696e-01
1.543477908715936e-03	2.761323e-01	-1.348973e-01
1.548360721215936e-03	3.055592e-01	-1.496025e-01
1.549360721215936e-03	3.115527e-01	-1.525972e-01
1.554243533715936e-03	3.406392e-01	-1.671310e-01
1.555243533715936e-03	3.465589e-01	-1.700886e-01
1.560126346215935e-03	3.752654e-01	-1.844313e-01
1.561126346215935e-03	3.811032e-01	-1.873477e-01
1.566009158715935e-03	4.093904e-01	-2.014796e-01
1.567009158715935e-03	4.151384e-01	-2.043508e-01
1.571891971215935e-03	4.429677e-01	-2.182526e-01
1.572891971215935e-03	4.486180e-01	-2.210748e-01
1.577774783715935e-03	4.759514e-01	-2.347275e-01
1.578774783715935e-03	4.814962e-01	-2.374967e-01
1.583657596215935e-03	5.082963e-01	-2.508817e-01
1.584657596215935e-03	5.137281e-01	-2.535942e-01
1.589540408715935e-03	5.399584e-01	-2.666932e-01
1.590540408715934e-03	5.452698e-01	-2.693453e-01
1.595423221215934e-03	5.708943e-01	-2.821404e-01
1.596423221215934e-03	5.760781e-01	-2.847284e-01
1.601306033715934e-03	6.010618e-01	-2.972021e-01
1.602306033715934e-03	6.061108e-01	-2.997226e-01
1.607188846215934e-03	6.304197e-01	-3.118578e-01
1.608188846215934e-03	6.353271e-01	-3.143073e-01
1.613071658715934e-03	6.589280e-01	-3.260876e-01
1.614071658715934e-03	6.636869e-01	-3.284626e-01
1.618954471215934e-03	6.865475e-01	-3.398718e-01
1.619954471215934e-03	6.911516e-01	-3.421693e-01
1.624837283715933e-03	7.132407e-01	-3.531917e-01
1.625837283715933e-03	7.176837e-01	-3.554085e-01
1.630720096215933e-03	7.389710e-01	-3.660292e-01
1.631720096215933e-03	7.432467e-01	-3.681621e-01
1.636602908715933e-03	7.637033e-01	-3.783666e-01
1.637602908715933e-03	7.678060e-01	-3.804129e-01
1.642485721215933e-03	7.874038e-01	-3.901871e-01
1.643485721215933e-03	7.913278e-01	-3.921439e-01
1.648368533715933e-03	8.100401e-01	-4.014747e-01
1.649368533715933e-03	8.137802e-01	-4.033393e-01
1.654251346215932e-03	8.315814e-01	-4.122137e-01
1.655251346215932e-03	8.351323e-01	-4.139836e-01
1.660134158715932e-03	8.519982e-01	-4.223897e-01
1.661134158715932e-03	8.553551e-01	-4.240624e-01
1.666016971215932e-03	8.712625e-01	-4.319886e-01
1.667016971215932e-03	8.744208e-01	-4.335619e-01
1.671899783715932e-03	8.893481e-01	-4.409973e-01
1.672899783715932e-03	8.923035e-01	-4.424691e-01
1.677782596215932e-03	9.062302e-01	-4.494037e-01
1.678782596215932e-03	9.089788e-01	-4.507719e-01
1.683665408715932e-03	9.218859e-01	-4.571961e-01
1.684665408715931e-03	9.244238e-01	-4.584588e-01
1.689548221215931e-03	9.362937e-01	-4.643639e-01
1.690548221215931e-03	9.386174e-01	-4.655195e-01
1.695431033715931e-03	9.494339e-01	-4.708973e-01
1.696431033715931e-03	9.515404e-01	-4.719442e-01
1.701313846215931e-03	9.612886e-01	-4.767875e-01
1.702313846215931e-03	9.631749e-01	-4.777242e-01
1.707196658715931e-03	9.718416e-01	-4.820264e-01
1.708196658715931e-03	9.735051e-01	-4.828516e-01
1.713079471215931e-03	9.810785e-01	-4.866067e-01
1.714079471215931e-03	9.825169e-01	-4.873194e-01
1.718962283715930e-03	9.889866e-01	-4.905223e-01
1.719962283715930e-03	9.901980e-01	-4.911214e-01
1.724845096215930e-03	9.955552e-01	-4.937678e-01
1.725845096215930e-03	9.965379e-01	-4.942525e-01
1.730727908715930e-03	1.000775e+00	-4.963388e-01
1.731727908715930e-03	1.001528e+00	-4.967085e-01
1.736610721215930e-03	1.004640e+00	-4.982317e-01
1.737610721215930e-03	1.005161e+00	-4.984858e-01
1.742493533715930e-03	1.007143e+00	-4.994440e-01
1.743493533715930e-03	1.007433e+00	-4.995822e-01
1.748376346215929e-03	1.008282e+00	-4.999740e-01
1.753259158715929e-03	1.008190e+00	-4.998952e-01
1.758141971215929e-03	1.007158e+00	-4.993459e-01
1.763024783715929e-03	1.005185e+00	-4.983266e-01
1.767907596215929e-03	1.002274e+00	-4.968383e-01
1.772790408715929e-03	9.984275e-01	-4.948825e-01
1.777673221215929e-03	9.936494e-01	-4.924608e-01
1.778673221215929e-03	9.925563e-01	-4.919076e-01
1.783556033715929e-03	9.866617e-01	-4.889279e-01
1.784556033715929e-03	9.853407e-01	-4.882607e-01
1.789438846215928e-03	9.783376e-01	-4.847270e-01
1.790438846215928e-03	9.767905e-01	-4.839469e-01
1.795321658715928e-03	9.686885e-01	-4.798639e-01
1.796321658715928e-03	9.669174e-01	-4.789719e-01
1.801204471215928e-03	9.577277e-01	-4.743454e-01
1.802204471215928e-03	9.557349e-01	-4.733426e-01
1.807087283715928e-03	9.454699e-01	-4.681787e-01
1.808087283715928e-03	9.432583e-01	-4.670667e-01
1.812970096215928e-03	9.319320e-01	-4.613726e-01
1.813970096215928e-03	9.295046e-01	-4.601527e-01
1.818852908715928e-03	9.171326e-01	-4.539361e-01
1.819852908715927e-03	9.144927e-01	-4.526101e-01
1.824735721215927e-03	9.010918e-01	-4.458796e-01
1.825735721215927e-03	8.982430e-01	-4.444492e-01
1.830618533715927e-03	8.838314e-01	-4.372139e-01
1.831618533715927e-03	8.807776e-01	-4.356811e-01
1.836501346215927e-03	8.653752e-01	-4.279509e-01
1.837501346215927e-03	8.621205e-01	-4.263179e-01
1.842384158715927e-03	8.457483e-01	-4.181034e-01
1.843384158715927e-03	8.422973e-01	-4.163722e-01
1.848266971215927e-03	8.249775e-01	-4.076846e-01
1.849266971215926e-03	8.213348e-01	-4.058578e-01
1.854149783715926e-03	8.030912e-01	-3.967090e-01
1.855149783715926e-03	7.992618e-01	-3.947889e-01
1.860032596215926e-03	7.801194e-01	-3.851914e-01
1.861032596215926e-03	7.761084e-01	-3.831807e-01
1.865915408715926e-03	7.560933e-01	-3.731475e-01
1.866915408715926e-03	7.519064e-01	-3.710491e-01
1.871798221215926e-03	7.310458e-01	-3.605939e-01
1.872798221215926e-03	7.266886e-01	-3.584105e-01
1.877681033715926e-03	7.050111e-01	-3.475477e-01
1.878681033715926e-03	7.004896e-01	-3.452823e-01
1.883563846215925e-03	6.780248e-01	-3.340268e-01
1.884563846215925e-03	6.733452e-01	-3.316825e-01
1.889446658715925e-03	6.501238e-01	-3.200495e-01
1.890446658715925e-03	6.452925e-01	-3.176295e-01
1.895329471215925e-03	6.213462e-01	-3.056350e-01
1.896329471215925e-03	6.163697e-01	-3.031427e-01
1.901212283715925e-03	5.917312e-01	-2.908030e-01
1.902212283715925e-03	5.866163e-01	-2.882417e-01
1.907095096215925e-03	5.613194e-01	-2.755737e-01
1.908095096215925e-03	5.560731e-01	-2.729469e-01
1.912977908715925e-03	5.301522e-01	-2.599680e-01
1.913977908715924e-03	5.247818e-01	-2.572793e-01
1.918860721215924e-03	4.982723e-01	-2.440071e-01
1.919860721215924e-03	4.927851e-01	-2.412602e-01
1.924743533715924e-03	4.657233e-01	-2.277129e-01
1.925743533715924e-03	4.601266e-01	-2.249115e-01
1.930626346215924e-03	4.325495e-01	-2.111076e-01
1.931626346215924e-03	4.268511e-01	-2.082556e-01
1.936509158715924e-03	3.987963e-01	-1.942139e-01
1.937509158715924e-03	3.930040e-01	-1.913151e-01
1.942391971215924e-03	3.645098e-01	-1.770549e-01
1.943391971215923e-03	3.586315e-01	-1.741133e-01
1.948274783715923e-03	3.297369e-01	-1.596540e-01
1.949274783715923e-03	3.237806e-01	-1.566737e-01
1.954157596215923e-03	2.945249e-01	-1.420350e-01
1.955157596215923e-03	2.884988e-01	-1.390200e-01
1.960040408715923e-03	2.589222e-01	-1.242220e-01
1.961040408715923e-03	2.528344e-01	-1.211765e-01
1.965923221215923e-03	2.229772e-01	-1.062393e-01
1.966923221215923e-03	2.168362e-01	-1.031673e-01
1.971806033715923e-03	1.867392e-01	-8.811142e-02
1.972806033715923e-03	1.805532e-01	-8.501727e-02
1.977688846215923e-03	1.502575e-01	-6.986321e-02
1.978688846215923e-03	1.440351e-01	-6.675108e-02
1.983571658715923e-03	1.135821e-01	-5.151955e-02
1.984571658715923e-03	1.073317e-01	-4.839369e-02
1.989454471215923e-03	7.676297e-02	-3.310552e-02
1.990454471215923e-03	7.049315e-02	-2.997019e-02
1.995337283715923e-03	3.985050e-02	-1.464626e-02
1.996337283715924e-03	3.356982e-02	-1.150575e-02
2.001220096215923e-03	2.895087e-03	3.833008e-03
2.002220096215924e-03	-3.387873e-03	6.974412e-03
2.007102908715923e-03	-3.405278e-02	2.230704e-02
2.008102908715924e-03	-4.032943e-02	2.544504e-02
2.012985721215923e-03	-7.094263e-02	4.075060e-02
2.013985721215924e-03	-7.720440e-02	4.388091e-02
2.018868533715924e-03	-1.077241e-01	5.913848e-02
2.019868533715924e-03	-1.139624e-01	6.225684e-02
2.024751346215924e-03	-1.443468e-01	7.744559e-02
2.025751346215924e-03	-1.505532e-01	8.054771e-02
2.030634158715924e-03	-1.807609e-01	9.564689e-02
2.031634158715924e-03	-1.869269e-01	9.872856e-02
2.036516971215924e-03	-2.169166e-01	1.137175e-01
2.037516971215924e-03	-2.230337e-01	1.167745e-01
2.042399783715924e-03	-2.527644e-01	1.316328e-01
2.043399783715924e-03	-2.588243e-01	1.346610e-01
2.048282596215924e-03	-2.882554e-01	1.493683e-01
2.049282596215924e-03	-2.942498e-01	1.523634e-01
2.054165408715924e-03	-3.233411e-01	1.668997e-01
2.055165408715924e-03	-3.292618e-01	1.698578e-01
2.060048221215924e-03	-3.579737e-01	1.842031e-01
2.061048221215924e-03	-3.638126e-01	1.871201e-01
2.065931033715924e-03	-3.921057e-01	2.012549e-01
2.066931033715924e-03	-3.978549e-01	2.041268e-01
2.071813846215924e-03	-4.256905e-01	2.180317e-01
2.072813846215924e-03	-4.313421e-01	2.208546e-01
2.077696658715924e-03	-4.586823e-01	2.345107e-01
2.078696658715924e-03	-4.642286e-01	2.372807e-01
2.083579471215924e-03	-4.910360e-01	2.506694e-01
2.084579471215924e-03	-4.964694e-01	2.533827e-01
2.089462283715924e-03	-5.227075e-01	2.664856e-01
2.090462283715924e-03	-5.280205e-01	2.691385e-01
2.095345096215924e-03	-5.536533e-01	2.819377e-01
2.096345096215924e-03	-5.588388e-01	2.845266e-01
2.101227908715924e-03	-5.838313e-01	2.970047e-01
2.102227908715924e-03	-5.888821e-01	2.995261e-01
2.107110721215924e-03	-6.132002e-01	3.116660e-01
2.108110721215924e-03	-6.181095e-01	3.141164e-01
2.112993533715924e-03	-6.417200e-01	3.259014e-01
2.113993533715924e-03	-6.464810e-01	3.282776e-01
2.118876346215924e-03	-6.693516e-01	3.396917e-01
2.119876346215924e-03	-6.739578e-01	3.419903e-01
2.124759158715924e-03	-6.960573e-01	3.530180e-01
2.125759158715924e-03	-7.005025e-01	3.552358e-01
2.130641971215924e-03	-7.218006e-01	3.658620e-01
2.131641971215924e-03	-7.260787e-01	3.679960e-01
2.136524783715924e-03	-7.465464e-01	3.782061e-01
2.137524783715924e-03	-7.506515e-01	3.802536e-01
2.142407596215924e-03	-7.702609e-01	3.900336e-01
2.143407596215924e-03	-7.741873e-01	3.919916e-01
2.148290408715924e-03	-7.929115e-01	4.013283e-01
2.148415408715924e-03	-7.933809e-01	4.015624e-01
2.148665408715924e-03	-7.943186e-01	4.020299e-01
2.149165408715924e-03	-7.961880e-01	4.029618e-01
2.149562271412584e-03	-7.971609e-01	4.036987e-01
2.149932066067292e-03	-7.972413e-01	4.043830e-01
2.150134211854879e-03	-7.971503e-01	4.047562e-01
2.150425999092823e-03	-7.971084e-01	4.052937e-01
2.151009573568711e-03	-7.970041e-01	4.063646e-01
2.151738368616287e-03	-7.968755e-01	4.076943e-01
2.152568886501584e-03	-7.967308e-01	4.091993e-01
2.153648987061873e-03	-7.965397e-01	4.111398e-01
2.154932512074541e-03	-7.963170e-01	4.134211e-01
2.155136159215424e-03	-7.962804e-01	4.137806e-01
2.155543453497189e-03	-8.033131e-01	4.144975e-01
2.155911459669109e-03	-8.166430e-01	4.151430e-01
2.156084691330285e-03	-8.209632e-01	4.154460e-01
2.156271783310813e-03	-8.222557e-01	4.157728e-01
2.156439402573554e-03	-8.226517e-01	4.160651e-01
2.156617066967570e-03	-8.231734e-01	4.163744e-01
2.156849364601919e-03	-8.239095e-01	4.167780e-01
2.157313959870618e-03	-8.255166e-01	4.175825e-01
2.158243150408015e-03	-8.287242e-01	4.191809e-01
2.159409343104825e-03	-8.327105e-01	4.211668e-01
2.161741728498444e-03	-8.405417e-01	4.250706e-01
2.166406499285682e-03	-8.556630e-01	4.326034e-01
2.167406499285682e-03	-8.588051e-01	4.341702e-01
2.172289311785682e-03	-8.736698e-01	4.415727e-01
2.173289311785682e-03	-8.766087e-01	4.430377e-01
2.178172124285682e-03	-8.904714e-01	4.499387e-01
2.179172124285682e-03	-8.932033e-01	4.513000e-01
2.184054936785682e-03	-9.060450e-01	4.576901e-01
2.185054936785682e-03	-9.085662e-01	4.589458e-01
2.189937749285682e-03	-9.203692e-01	4.648162e-01
2.190937749285682e-03	-9.226764e-01	4.659647e-01
2.195820561785682e-03	-9.334247e-01	4.713073e-01
2.196820561785682e-03	-9.355147e-01	4.723470e-01
2.201703374285682e-03	-9.451936e-01	4.771546e-01
2.202703374285682e-03	-9.470634e-01	4.780840e-01
2.207586186785682e-03	-9.556597e-01	4.823501e-01
2.208586186785682e-03	-9.573069e-01	4.831679e-01
2.213468999285682e-03	-9.648089e-01	4.868866e-01
2.214468999285682e-03	-9.662311e-01	4.875918e-01
2.219351811785682e-03	-9.726285e-01	4.907580e-01
2.220351811785682e-03	-9.738238e-01	4.913495e-01
2.225234624285682e-03	-9.791080e-01	4.939590e-01
2.226234624285682e-03	-9.800746e-01	4.944361e-01
2.231117436785682e-03	-9.842384e-01	4.964851e-01
2.232117436785682e-03	-9.849751e-01	4.968472e-01
2.237000249285682e-03	-9.880127e-01	4.983330e-01
2.238000249285682e-03	-9.885185e-01	4.985795e-01
2.242883061785682e-03	-9.904259e-01	4.995002e-01
2.243883061785682e-03	-9.906999e-01	4.996307e-01
2.248765874285682e-03	-9.914746e-01	4.999850e-01
2.253648686785682e-03	-9.913071e-01	4.998686e-01
2.258531499285682e-03	-9.901997e-01	4.992818e-01
2.263414311785682e-03	-9.881516e-01	4.982251e-01
2.268297124285682e-03	-9.851663e-01	4.966995e-01
2.273179936785682e-03	-9.812451e-01	4.947063e-01
2.274179936785682e-03	-9.803275e-01	4.942406e-01
2.279062749285682e-03	-9.752847e-01	4.916869e-01
2.280062749285682e-03	-9.741379e-01	4.911067e-01
2.284945561785682e-03	-9.679804e-01	4.879957e-01
2.285945561785682e-03	-9.666061e-01	4.873018e-01
2.290828374285682e-03	-9.593423e-01	4.836378e-01
2.291828374285682e-03	-9.577423e-01	4.828312e-01
2.296711186785682e-03	-9.493821e-01	4.786193e-01
2.297711186785682e-03	-9.475586e-01	4.777010e-01
2.302593999285682e-03	-9.381135e-01	4.729469e-01
2.303593999285682e-03	-9.360690e-01	4.719183e-01
2.308476811785682e-03	-9.255518e-01	4.666285e-01
2.309476811785682e-03	-9.232891e-01	4.654908e-01
2.314359624285682e-03	-9.117143e-01	4.596726e-01
2.315359624285682e-03	-9.092365e-01	4.584275e-01
2.320242436785682e-03	-8.966197e-01	4.520887e-01
2.321242436785682e-03	-8.939302e-01	4.507378e-01
2.326125249285682e-03	-8.802888e-01	4.438873e-01
2.327125249285682e-03	-8.773913e-01	4.424325e-01
2.332008061785682e-03	-8.627438e-01	4.350794e-01
2.333008061785682e-03	-8.596422e-01	4.335227e-01
2.337890874285682e-03	-8.440087e-01	4.256772e-01
2.338890874285682e-03	-8.407074e-01	4.240207e-01
2.343773686785682e-03	-8.241091e-01	4.156935e-01
2.344773686785682e-03	-8.206125e-01	4.139395e-01
2.349656499285682e-03	-8.030723e-01	4.051419e-01
2.350656499285682e-03	-7.993851e-01	4.032928e-01
2.350732793230995e-03	-7.991023e-01	4.031511e-01
2.350885381121620e-03	-7.985366e-01	4.028673e-01
2.350923528094276e-03	-7.983950e-01	4.027963e-01
2.350999822039588e-03	-7.981118e-01	4.026543e-01
2.351152409930213e-03	-7.975447e-01	4.023699e-01
2.351355844967872e-03	-7.967876e-01	4.019902e-01
2.351551197926704e-03	-7.962214e-01	4.016249e-01
2.351716487596057e-03	-7.960420e-01	4.013154e-01
2.351930365852403e-03	-7.960356e-01	4.009143e-01
2.352358122365096e-03	-7.959967e-01	4.001098e-01
2.352810960306124e-03	-7.959481e-01	3.992550e-01
2.353581143166413e-03	-7.958784e-01	3.977938e-01
2.354313042252335e-03	-7.958030e-01	3.963965e-01
2.355473999901983e-03	-7.956957e-01	3.941631e-01
2.356649803607241e-03	-7.955790e-01	3.918796e-01
2.356863032801370e-03	-7.955604e-01	3.914632e-01
2.357120062099950e-03	-7.955362e-01	3.909604e-01
2.357304614618239e-03	-7.930396e-01	3.905987e-01
2.357465465099934e-03	-7.865029e-01	3.902830e-01
2.357630078227705e-03	-7.787791e-01	3.899596e-01
2.357742943899157e-03	-7.753103e-01	3.897375e-01
2.357872925365627e-03	-7.730594e-01	3.894816e-01
2.358008958336613e-03	-7.717091e-01	3.892135e-01
2.358186876565316e-03	-7.706584e-01	3.888624e-01
2.358418647452145e-03	-7.696717e-01	3.884043e-01
2.358718427007786e-03	-7.685032e-01	3.878105e-01
2.359176610995565e-03	-7.666942e-01	3.869003e-01
2.360092978971126e-03	-7.630421e-01	3.850704e-01
2.361925714922246e-03	-7.556661e-01	3.813722e-01
2.365591186824486e-03	-7.406088e-01	3.738247e-01
2.366591186824486e-03	-7.364319e-01	3.717310e-01
2.370841544781474e-03	-7.183520e-01	3.626694e-01
2.371841544781474e-03	-7.140221e-01	3.604997e-01
2.376724357281474e-03	-6.924756e-01	3.497021e-01
2.377724357281474e-03	-6.879802e-01	3.474499e-01
2.382607169781474e-03	-6.656417e-01	3.362572e-01
2.383607169781474e-03	-6.609871e-01	3.339255e-01
2.388489982281474e-03	-6.378868e-01	3.223528e-01
2.389489982281474e-03	-6.330795e-01	3.199449e-01
2.394372794781474e-03	-6.092491e-01	3.080081e-01
2.395372794781474e-03	-6.042955e-01	3.055273e-01
2.400255607281474e-03	-5.797675e-01	2.932426e-01
2.401255607281474e-03	-5.746745e-01	2.906923e-01
2.406138419781474e-03	-5.494825e-01	2.780765e-01
2.407138419781474e-03	-5.442570e-01	2.754601e-01
2.412021232281474e-03	-5.184352e-01	2.625305e-01
2.413021232281474e-03	-5.130845e-01	2.598517e-01
2.417904044781474e-03	-4.866683e-01	2.466259e-01
2.418904044781474e-03	-4.811995e-01	2.438883e-01
2.423786857281474e-03	-4.542251e-01	2.303844e-01
2.424786857281474e-03	-4.486456e-01	2.275917e-01
2.429669669781474e-03	-4.211498e-01	2.138282e-01
2.430669669781474e-03	-4.154674e-01	2.109842e-01
2.435552482281474e-03	-3.874877e-01	1.969798e-01
2.436552482281474e-03	-3.817101e-01	1.940884e-01
2.441435294781474e-03	-3.532847e-01	1.798624e-01
2.442435294781474e-03	-3.474199e-01	1.769276e-01
2.447318107281474e-03	-3.185877e-01	1.624992e-01
2.448318107281474e-03	-3.126435e-01	1.595250e-01
2.453200919781474e-03	-2.834439e-01	1.449141e-01
2.454200919781474e-03	-2.774286e-01	1.419045e-01
2.459083732281474e-03	-2.479014e-01	1.271310e-01
2.460083732281474e-03	-2.418231e-01	1.240901e-01
2.464966544781474e-03	-2.120088e-01	1.091742e-01
2.465966544781474e-03	-2.058758e-01	1.061063e-01
2.470849357281474e-03	-1.758150e-01	9.106827e-02
2.471849357281474e-03	-1.696358e-01	8.797745e-02
2.476732169781474e-03	-1.393696e-01	7.283793e-02
2.477732169781474e-03	-1.331525e-01	6.972843e-02
2.482614982281474e-03	-1.027222e-01	5.450809e-02
2.483614982281474e-03	-9.647579e-02	5.138417e-02
2.488497794781474e-03	-6.592307e-02	3.610380e-02
2.489497794781474e-03	-5.965582e-02	3.296971e-02
2.494380607281474e-03	-2.902236e-02	1.765018e-02
2.495380607281474e-03	-2.274285e-02	1.451021e-02
2.500263419781474e-03	7.929507e-03	-8.275573e-04
2.501263419781474e-03	1.421269e-02	-3.969109e-03
2.506146232281474e-03	4.488204e-02	-1.930416e-02
2.507146232281474e-03	5.116031e-02	-2.244301e-02
2.512029044781474e-03	8.178475e-02	-3.775439e-02
2.513029044781474e-03	8.804954e-02	-4.088625e-02
2.517911857281474e-03	1.185872e-01	-5.615304e-02
2.518911857281475e-03	1.248300e-01	-5.927363e-02
2.523794669781474e-03	1.552392e-01	-7.447499e-02
2.524794669781475e-03	1.614514e-01	-7.758004e-02
2.529677482281474e-03	1.916907e-01	-9.269519e-02
2.530677482281475e-03	1.978638e-01	-9.578048e-02
2.535560294781474e-03	2.278917e-01	-1.107888e-01
2.536560294781475e-03	2.340173e-01	-1.138501e-01
2.541443107281475e-03	2.637929e-01	-1.287310e-01
2.542443107281475e-03	2.698627e-01	-1.317641e-01
2.547325919781475e-03	2.993453e-01	-1.464974e-01
2.548325919781475e-03	3.053509e-01	-1.494982e-01
2.553208732281475e-03	3.345002e-01	-1.640636e-01
2.554208732281475e-03	3.404335e-01	-1.670280e-01
2.559091544781475e-03	3.692097e-01	-1.814057e-01
2.560091544781475e-03	3.750625e-01	-1.843296e-01
2.564974357281475e-03	4.034263e-01	-1.985000e-01
2.565974357281475e-03	4.091906e-01	-2.013795e-01
2.570857169781475e-03	4.371032e-01	-2.153231e-01
2.571857169781475e-03	4.427713e-01	-2.181542e-01
2.576739982281475e-03	4.701946e-01	-2.318521e-01
2.577739982281475e-03	4.757585e-01	-2.346309e-01
2.582622794781475e-03	5.026551e-01	-2.480644e-01
2.583622794781475e-03	5.081074e-01	-2.507871e-01
2.588505607281475e-03	5.344405e-01	-2.639377e-01
2.589505607281475e-03	5.397736e-01	-2.666007e-01
2.594388419781475e-03	5.655072e-01	-2.794505e-01
2.595388419781475e-03	5.707139e-01	-2.820501e-01
2.600271232281475e-03	5.958129e-01	-2.945816e-01
2.601271232281475e-03	6.008861e-01	-2.971142e-01
2.606154044781475e-03	6.253162e-01	-3.093102e-01
2.607154044781475e-03	6.302490e-01	-3.117724e-01
2.612036857281475e-03	6.539767e-01	-3.236163e-01
2.613036857281475e-03	6.587623e-01	-3.260047e-01
2.617919669781475e-03	6.817554e-01	-3.374802e-01
2.618919669781475e-03	6.863872e-01	-3.397916e-01
2.623802482281475e-03	7.086142e-01	-3.508832e-01
2.624802482281475e-03	7.130859e-01	-3.531143e-01
2.629685294781475e-03	7.345164e-01	-3.638068e-01
2.630685294781475e-03	7.388220e-01	-3.659547e-01
2.635568107281475e-03	7.594268e-01	-3.762334e-01
2.636568107281475e-03	7.635604e-01	-3.782951e-01
2.641450919781475e-03	7.833111e-01	-3.881461e-01
2.642450919781475e-03	7.872670e-01	-3.901188e-01
2.647333732281475e-03	8.061370e-01	-3.995285e-01
2.648333732281475e-03	8.099098e-01	-4.014095e-01
2.653216544781475e-03	8.278731e-01	-4.103651e-01
2.654216544781475e-03	8.314576e-01	-4.121518e-01
2.659099357281475e-03	8.484896e-01	-4.206411e-01
2.660099357281475e-03	8.518810e-01	-4.223311e-01
2.664982169781475e-03	8.679587e-01	-4.303425e-01
2.665982169781475e-03	8.711522e-01	-4.319335e-01
2.670864982281475e-03	8.862534e-01	-4.394560e-01
2.671864982281475e-03	8.892449e-01	-4.409458e-01
2.676747794781475e-03	9.033490e-01	-4.479691e-01
2.677747794781475e-03	9.061342e-01	-4.493557e-01
2.682630607281475e-03	9.192220e-01	-4.558703e-01
2.683630607281475e-03	9.217972e-01	-4.571518e-01
2.688513419781475e-03	9.338508e-01	-4.631488e-01
2.689513419781475e-03	9.362124e-01	-4.643233e-01
2.694396232281475e-03	9.472153e-01	-4.697945e-01
2.695396232281475e-03	9.493602e-01	-4.708606e-01
2.700279044781475e-03	9.592974e-01	-4.757984e-01
2.701279044781475e-03	9.612225e-01	-4.767546e-01
2.706161857281475e-03	9.700804e-01	-4.811524e-01
2.707161857281475e-03	9.717833e-01	-4.819973e-01
2.712044669781475e-03	9.795498e-01	-4.858490e-01
2.713044669781475e-03	9.810280e-01	-4.865816e-01
2.717927482281475e-03	9.876925e-01	-4.898820e-01
2.718927482281475e-03	9.889439e-01	-4.905011e-01
2.723810294781475e-03	9.944974e-01	-4.932457e-01
2.724810294781476e-03	9.955205e-01	-4.937506e-01
2.729693107281475e-03	9.999552e-01	-4.959356e-01
2.730693107281476e-03	1.000749e+00	-4.963256e-01
2.735575919781475e-03	1.004058e+00	-4.979480e-01
2.736575919781476e-03	1.004621e+00	-4.982225e-01
2.741458732281475e-03	1.006802e+00	-4.992802e-01
2.742458732281476e-03	1.007132e+00	-4.994388e-01
2.747341544781476e-03	1.008181e+00	-4.999303e-01
2.752224357281475e-03	1.008289e+00	-4.999512e-01
2.757107169781475e-03	1.007455e+00	-4.995016e-01
2.761989982281475e-03	1.005681e+00	-4.985818e-01
2.766872794781475e-03	1.002969e+00	-4.971928e-01
2.771755607281475e-03	9.993207e-01	-4.953359e-01
2.776638419781475e-03	9.947397e-01	-4.930128e-01
2.777638419781475e-03	9.936869e-01	-4.924797e-01
2.782521232281475e-03	9.879882e-01	-4.895979e-01
2.783521232281475e-03	9.867070e-01	-4.889507e-01
2.788404044781475e-03	9.798984e-01	-4.855141e-01
2.789404044781475e-03	9.783908e-01	-4.847538e-01
2.794286857281475e-03	9.704815e-01	-4.807671e-01
2.795286857281475e-03	9.687495e-01	-4.798946e-01
2.800169669781475e-03	9.597502e-01	-4.753633e-01
2.801169669781475e-03	9.577963e-01	-4.743799e-01
2.806052482281475e-03	9.477195e-01	-4.693101e-01
2.807052482281475e-03	9.455462e-01	-4.682171e-01
2.811935294781475e-03	9.344055e-01	-4.626158e-01
2.812935294781475e-03	9.320158e-01	-4.614147e-01
2.817818107281475e-03	9.198265e-01	-4.552895e-01
2.818818107281475e-03	9.172238e-01	-4.539820e-01
2.823700919781475e-03	9.040025e-01	-4.473412e-01
2.824700919781475e-03	9.011902e-01	-4.459291e-01
2.829583732281475e-03	8.869550e-01	-4.387819e-01
2.830583732281475e-03	8.839369e-01	-4.372669e-01
2.835466544781475e-03	8.687074e-01	-4.296231e-01
2.836466544781475e-03	8.654878e-01	-4.280075e-01
2.841349357281475e-03	8.492845e-01	-4.198774e-01
2.842349357281475e-03	8.458676e-01	-4.181633e-01
2.847232169781475e-03	8.287129e-01	-4.095581e-01
2.848232169781475e-03	8.251036e-01	-4.077479e-01
2.853114982281475e-03	8.070207e-01	-3.986793e-01
2.854114982281475e-03	8.032238e-01	-3.967755e-01
2.858997794781475e-03	7.842376e-01	-3.872559e-01
2.859997794781475e-03	7.802582e-01	-3.852610e-01
2.864880607281475e-03	7.603946e-01	-3.753035e-01
2.865880607281475e-03	7.562383e-01	-3.732203e-01
2.870763419781475e-03	7.355243e-01	-3.628383e-01
2.871763419781475e-03	7.311967e-01	-3.606697e-01
2.876646232281475e-03	7.096608e-01	-3.498775e-01
2.877646232281476e-03	7.051678e-01	-3.476263e-01
2.882529044781475e-03	6.828393e-01	-3.364388e-01
2.883529044781476e-03	6.781870e-01	-3.341081e-01
2.888411857281475e-03	6.550964e-01	-3.225404e-01
2.889411857281476e-03	6.502913e-01	-3.201335e-01
2.894294669781475e-03	6.264701e-01	-3.082014e-01
2.895294669781476e-03	6.215187e-01	-3.057215e-01
2.900177482281475e-03	5.969996e-01	-2.934414e-01
2.901177482281476e-03	5.919086e-01	-2.908919e-01
2.906060294781476e-03	5.667249e-01	-2.782805e-01
2.907060294781476e-03	5.615013e-01	-2.756649e-01
2.911943107281476e-03	5.356876e-01	-2.627394e-01
2.912943107281476e-03	5.303385e-01	-2.600614e-01
2.917825919781476e-03	5.039299e-01	-2.468394e-01
2.918825919781476e-03	4.984627e-01	-2.441025e-01
2.923708732281476e-03	4.714954e-01	-2.306022e-01
2.924708732281476e-03	4.659174e-01	-2.278102e-01
2.929591544781476e-03	4.384282e-01	-2.140500e-01
2.930591544781476e-03	4.327472e-01	-2.112067e-01
2.935474357281476e-03	4.047736e-01	-1.972054e-01
2.936474357281476e-03	3.989973e-01	-1.943146e-01
2.941357169781476e-03	3.705776e-01	-1.800914e-01
2.942357169781476e-03	3.647138e-01	-1.771571e-01
2.947239982281476e-03	3.358868e-01	-1.627313e-01
2.948239982281476e-03	3.299436e-01	-1.597576e-01
2.953122794781476e-03	3.007486e-01	-1.451490e-01
2.954122794781476e-03	2.947342e-01	-1.421398e-01
2.959005607281476e-03	2.652111e-01	-1.273683e-01
2.960005607281476e-03	2.591336e-01	-1.243279e-01
2.964888419781476e-03	2.293228e-01	-1.094137e-01
2.965888419781476e-03	2.231905e-01	-1.063461e-01
2.970771232281476e-03	1.931327e-01	-9.130958e-02
2.971771232281476e-03	1.869540e-01	-8.821904e-02
2.976654044781476e-03	1.566903e-01	-7.308074e-02
2.977654044781476e-03	1.504737e-01	-6.997146e-02
2.982536857281476e-03	1.200453e-01	-5.475206e-02
2.983536857281476e-03	1.137992e-01	-5.162830e-02
2.988419669781476e-03	8.324783e-02	-3.634859e-02
2.989419669781476e-03	7.698081e-02	-3.321461e-02
2.994302482281476e-03	4.634814e-02	-1.789546e-02
2.995302482281476e-03	4.006875e-02	-1.475554e-02
3.000185294781476e-03	9.396620e-03	5.821206e-04
3.001185294781476e-03	3.113441e-03	3.723679e-03
3.006068107281476e-03	-2.755623e-02	1.905890e-02
3.007068107281476e-03	-3.383462e-02	2.219781e-02
3.011950919781476e-03	-6.445994e-02	3.750965e-02
3.012950919781476e-03	-7.072496e-02	4.064163e-02
3.017833732281476e-03	-1.012641e-01	5.590915e-02
3.018833732281476e-03	-1.075072e-01	5.902992e-02
3.023716544781476e-03	-1.379184e-01	7.423228e-02
3.024716544781476e-03	-1.441310e-01	7.733757e-02
3.029599357281476e-03	-1.743728e-01	9.245400e-02
3.030599357281476e-03	-1.805465e-01	9.553957e-02
3.035482169781476e-03	-2.105775e-01	1.105494e-01
3.036482169781476e-03	-2.167038e-01	1.136111e-01
3.041364982281476e-03	-2.464830e-01	1.284938e-01
3.042364982281476e-03	-2.525536e-01	1.315273e-01
3.047247794781476e-03	-2.820404e-01	1.462627e-01
3.048247794781476e-03	-2.880469e-01	1.492639e-01
3.053130607281476e-03	-3.172009e-01	1.638317e-01
3.054130607281476e-03	-3.231351e-01	1.667966e-01
3.059013419781476e-03	-3.519166e-01	1.811770e-01
3.060013419781476e-03	-3.577705e-01	1.841015e-01
3.064896232281476e-03	-3.861400e-01	1.982747e-01
3.065896232281476e-03	-3.919056e-01	2.011548e-01
3.070779044781476e-03	-4.198245e-01	2.151016e-01
3.071779044781476e-03	-4.254938e-01	2.179334e-01
3.076661857281476e-03	-4.529239e-01	2.316346e-01
3.077661857281476e-03	-4.584892e-01	2.344142e-01
3.082544669781476e-03	-4.853930e-01	2.478512e-01
3.083544669781477e-03	-4.908468e-01	2.505748e-01
3.088427482281476e-03	-5.171877e-01	2.637292e-01
3.089427482281477e-03	-5.225224e-01	2.663930e-01
3.094310294781476e-03	-5.482642e-01	2.792470e-01
3.095310294781477e-03	-5.534727e-01	2.818474e-01
3.100193107281476e-03	-5.785803e-01	2.943832e-01
3.101193107281477e-03	-5.836554e-01	2.969168e-01
3.106075919781476e-03	-6.080945e-01	3.091173e-01
3.107075919781477e-03	-6.130292e-01	3.115804e-01
3.111958732281477e-03	-6.367665e-01	3.234291e-01
3.112958732281477e-03	-6.415541e-01	3.258185e-01
3.117841544781477e-03	-6.645571e-01	3.372991e-01
3.118841544781477e-03	-6.691910e-01	3.396115e-01
3.123724357281477e-03	-6.914284e-01	3.507083e-01
3.124724357281477e-03	-6.959023e-01	3.529405e-01
3.129607169781477e-03	-7.173436e-01	3.636384e-01
3.130607169781477e-03	-7.216514e-01	3.657874e-01
3.135489982281477e-03	-7.422673e-01	3.760717e-01
3.136489982281477e-03	-7.464032e-01	3.781346e-01
3.141372794781477e-03	-7.661655e-01	3.879913e-01
3.142372794781477e-03	-7.701238e-01	3.899652e-01
3.147255607281477e-03	-7.890056e-01	3.993809e-01
3.148255607281477e-03	-7.927809e-01	4.012631e-01
3.148865958843977e-03	-7.950670e-01	4.024042e-01
3.149018546734602e-03	-7.956378e-01	4.026885e-01
3.149056693707258e-03	-7.957805e-01	4.027595e-01
3.149132987652570e-03	-7.960657e-01	4.029015e-01
3.149285575543195e-03	-7.966353e-01	4.031852e-01
3.149489010580854e-03	-7.973932e-01	4.035628e-01
3.149684363539686e-03	-7.979462e-01	4.039249e-01
3.149849653209039e-03	-7.980920e-01	4.042307e-01
3.150063531465385e-03	-7.980386e-01	4.046258e-01
3.150491287978078e-03	-7.979601e-01	4.054138e-01
3.150928584251391e-03	-7.978878e-01	4.062163e-01
3.151700999421332e-03	-7.977463e-01	4.076264e-01
3.152423090328143e-03	-7.976241e-01	4.089359e-01
3.153589386470006e-03	-7.974144e-01	4.110332e-01
3.154753178048787e-03	-7.972146e-01	4.131039e-01
3.154966835379829e-03	-7.971752e-01	4.134817e-01
3.155327517919611e-03	-8.029560e-01	4.141178e-01
3.155697334079544e-03	-8.158838e-01	4.147677e-01
3.155867490477058e-03	-8.201588e-01	4.150660e-01
3.156047094116835e-03	-8.214582e-01	4.153803e-01
3.156231270065861e-03	-8.219182e-01	4.157021e-01
3.156400075250904e-03	-8.224171e-01	4.159966e-01
3.156640332719913e-03	-8.231798e-01	4.164148e-01
3.157120847657931e-03	-8.248466e-01	4.172485e-01
3.158081877533968e-03	-8.281695e-01	4.189045e-01
3.159257722526040e-03	-8.321949e-01	4.209099e-01
3.161609412510185e-03	-8.401020e-01	4.248515e-01
3.166312792478476e-03	-8.553665e-01	4.324558e-01
3.167312792478476e-03	-8.585117e-01	4.340241e-01
3.172195604978476e-03	-8.733923e-01	4.414345e-01
3.173195604978476e-03	-8.763343e-01	4.429012e-01
3.178078417478476e-03	-8.902133e-01	4.498103e-01
3.179078417478476e-03	-8.929483e-01	4.511732e-01
3.183961229978476e-03	-9.058066e-01	4.575715e-01
3.184961229978476e-03	-9.083311e-01	4.588289e-01
3.189844042478476e-03	-9.201509e-01	4.647076e-01
3.190844042478476e-03	-9.224615e-01	4.658578e-01
3.195726854978476e-03	-9.332268e-01	4.712090e-01
3.196726854978476e-03	-9.353201e-01	4.722503e-01
3.201609667478476e-03	-9.450162e-01	4.770666e-01
3.202609667478476e-03	-9.468896e-01	4.779977e-01
3.207492479978476e-03	-9.555032e-01	4.822725e-01
3.208492479978476e-03	-9.571539e-01	4.830921e-01
3.213375292478476e-03	-9.646735e-01	4.868195e-01
3.214375292478476e-03	-9.660992e-01	4.875265e-01
3.219258104978476e-03	-9.725144e-01	4.907016e-01
3.220258104978476e-03	-9.737132e-01	4.912949e-01
3.225140917478476e-03	-9.790152e-01	4.939132e-01
3.226140917478476e-03	-9.799855e-01	4.943922e-01
3.231023729978476e-03	-9.841672e-01	4.964502e-01
3.232023729978476e-03	-9.849076e-01	4.968141e-01
3.236906542478476e-03	-9.879632e-01	4.983089e-01
3.237906542478476e-03	-9.884726e-01	4.985572e-01
3.242789354978476e-03	-9.903981e-01	4.994869e-01
3.243789354978476e-03	-9.906758e-01	4.996194e-01
3.248672167478476e-03	-9.914685e-01	4.999826e-01
3.253554979978476e-03	-9.913191e-01	4.998753e-01
3.258437792478476e-03	-9.902298e-01	4.992975e-01
3.263320604978476e-03	-9.881996e-01	4.982498e-01
3.268203417478476e-03	-9.852324e-01	4.967331e-01
3.273086229978476e-03	-9.813290e-01	4.947490e-01
3.277969042478476e-03	-9.764951e-01	4.922992e-01
3.278969042478476e-03	-9.753900e-01	4.917402e-01
3.283851854978476e-03	-9.694399e-01	4.887325e-01
3.284851854978476e-03	-9.681071e-01	4.880597e-01
3.289734667478476e-03	-9.610489e-01	4.844982e-01
3.290734667478476e-03	-9.594901e-01	4.837124e-01
3.295617479978476e-03	-9.513335e-01	4.796020e-01
3.296617479978476e-03	-9.495509e-01	4.787044e-01
3.301500292478476e-03	-9.403070e-01	4.740507e-01
3.302500292478476e-03	-9.383029e-01	4.730424e-01
3.307383104978476e-03	-9.279844e-01	4.678517e-01
3.308383104978476e-03	-9.257618e-01	4.667341e-01
3.313265917478476e-03	-9.143826e-01	4.610136e-01
3.314265917478476e-03	-9.119443e-01	4.597883e-01
3.319148729978476e-03	-8.995203e-01	4.535457e-01
3.320148729978476e-03	-8.968696e-01	4.522144e-01
3.325031542478476e-03	-8.834175e-01	4.454583e-01
3.326031542478476e-03	-8.805582e-01	4.440227e-01
3.330914354978476e-03	-8.660965e-01	4.367623e-01
3.331914354978476e-03	-8.630324e-01	4.352244e-01
3.336797167478476e-03	-8.475808e-01	4.274696e-01
3.337797167478476e-03	-8.443161e-01	4.258316e-01
3.342679979978476e-03	-8.278957e-01	4.175930e-01
3.343679979978476e-03	-8.244348e-01	4.158570e-01
3.348562792478476e-03	-8.070681e-01	4.071459e-01
3.349562792478476e-03	-8.034158e-01	4.053143e-01
3.350173144040976e-03	-8.011687e-01	4.041885e-01
3.350325731931601e-03	-8.006062e-01	4.039062e-01
3.350630907712851e-03	-7.994792e-01	4.033403e-01
3.350707201658163e-03	-7.991968e-01	4.031986e-01
3.350859789548788e-03	-7.986314e-01	4.029149e-01
3.351164965330038e-03	-7.974980e-01	4.023465e-01
3.351462688290717e-03	-7.967020e-01	4.017905e-01
3.351743580211429e-03	-7.965209e-01	4.012646e-01
3.351927450844690e-03	-7.965478e-01	4.009197e-01
3.352187744786662e-03	-7.965190e-01	4.004306e-01
3.352708332670607e-03	-7.964663e-01	3.994490e-01
3.353436420207538e-03	-7.963981e-01	3.980691e-01
3.354187122878637e-03	-7.963225e-01	3.966376e-01
3.355207699039704e-03	-7.962266e-01	3.946773e-01
3.356377907398545e-03	-7.961113e-01	3.924096e-01
3.356570652741082e-03	-7.960941e-01	3.920340e-01
3.356956143426155e-03	-7.960573e-01	3.912812e-01
3.357218984726348e-03	-7.960320e-01	3.907666e-01
3.357422064820967e-03	-7.930381e-01	3.903683e-01
3.357592589511017e-03	-7.857687e-01	3.900333e-01
3.357764143521266e-03	-7.777350e-01	3.896958e-01
3.357882432568154e-03	-7.743313e-01	3.894629e-01
3.358013885012823e-03	-7.722818e-01	3.892038e-01
3.358148792118805e-03	-7.710683e-01	3.889376e-01
3.358325093874537e-03	-7.700936e-01	3.885893e-01
3.358568925937696e-03	-7.690773e-01	3.881068e-01
3.358878979931184e-03	-7.678698e-01	3.874919e-01
3.359380289913109e-03	-7.658848e-01	3.864947e-01
3.360382909876957e-03	-7.618818e-01	3.844887e-01
3.362388149804654e-03	-7.537887e-01	3.804311e-01
3.366398629660048e-03	-7.372382e-01	3.721353e-01
3.367398629660048e-03	-7.330376e-01	3.700298e-01
3.371828256970693e-03	-7.140800e-01	3.605286e-01
3.372828256970693e-03	-7.097220e-01	3.583447e-01
3.377711069470693e-03	-6.880406e-01	3.474799e-01
3.378711069470693e-03	-6.835181e-01	3.452141e-01
3.383593881970693e-03	-6.610495e-01	3.339566e-01
3.384593881970694e-03	-6.563689e-01	3.316119e-01
3.389476694470693e-03	-6.331440e-01	3.199770e-01
3.390476694470694e-03	-6.283116e-01	3.175566e-01
3.395359506970693e-03	-6.043620e-01	3.055603e-01
3.396359506970694e-03	-5.993845e-01	3.030676e-01
3.401242319470693e-03	-5.747427e-01	2.907262e-01
3.402242319470694e-03	-5.696270e-01	2.881646e-01
3.407125131970693e-03	-5.443270e-01	2.754950e-01
3.408125131970694e-03	-5.390799e-01	2.728679e-01
3.413007944470694e-03	-5.131561e-01	2.598873e-01
3.414007944470694e-03	-5.077849e-01	2.571984e-01
3.418890756970694e-03	-4.812726e-01	2.439247e-01
3.419890756970694e-03	-4.757847e-01	2.411775e-01
3.424773569470694e-03	-4.487202e-01	2.276288e-01
3.425773569470694e-03	-4.431230e-01	2.248272e-01
3.430656381970694e-03	-4.155433e-01	2.110220e-01
3.431656381970694e-03	-4.098445e-01	2.081698e-01
3.436539194470694e-03	-3.817873e-01	1.941269e-01
3.437539194470694e-03	-3.759945e-01	1.912280e-01
3.442422006970694e-03	-3.474982e-01	1.769666e-01
3.443422006970694e-03	-3.416195e-01	1.740249e-01
3.448304819470694e-03	-3.127229e-01	1.595646e-01
3.449304819470694e-03	-3.067662e-01	1.565841e-01
3.454187631970694e-03	-2.775089e-01	1.419445e-01
3.455187631970694e-03	-2.714824e-01	1.389294e-01
3.460070444470694e-03	-2.419043e-01	1.241306e-01
3.461070444470694e-03	-2.358162e-01	1.210849e-01
3.465953256970694e-03	-2.059577e-01	1.061471e-01
3.466953256970694e-03	-1.998163e-01	1.030750e-01
3.471836069470694e-03	-1.697182e-01	8.801854e-02
3.472836069470694e-03	-1.635320e-01	8.492429e-02
3.477718881970694e-03	-1.332354e-01	6.976977e-02
3.478718881970694e-03	-1.270128e-01	6.665756e-02
3.483601694470694e-03	-9.655914e-02	5.142570e-02
3.484601694470694e-03	-9.030861e-02	4.829977e-02
3.489484506970694e-03	-5.973943e-02	3.301137e-02
3.490484506970694e-03	-5.346952e-02	2.987600e-02
3.495367319470694e-03	-2.282661e-02	1.455194e-02
3.496367319470694e-03	-1.654589e-02	1.141141e-02
3.501250131970694e-03	1.412889e-02	-3.927365e-03
3.502250131970694e-03	2.041185e-02	-7.068763e-03
3.507132944470694e-03	5.107658e-02	-2.240130e-02
3.508132944470694e-03	5.735319e-02	-2.553928e-02
3.513015756970694e-03	8.796601e-02	-4.084464e-02
3.514015756970694e-03	9.422769e-02	-4.397491e-02
3.518898569470694e-03	1.247468e-01	-5.923218e-02
3.519898569470694e-03	1.309850e-01	-6.235046e-02
3.524781381970694e-03	1.613686e-01	-7.753880e-02
3.525781381970694e-03	1.675748e-01	-8.064085e-02
3.530664194470694e-03	1.977815e-01	-9.573951e-02
3.531664194470694e-03	2.039472e-01	-9.882106e-02
3.536547006970694e-03	2.339357e-01	-1.138094e-01
3.537547006970694e-03	2.400525e-01	-1.168663e-01
3.542429819470694e-03	2.697818e-01	-1.317239e-01
3.543429819470694e-03	2.758414e-01	-1.347518e-01
3.548312631970694e-03	3.052709e-01	-1.494583e-01
3.549312631970694e-03	3.112649e-01	-1.524533e-01
3.554195444470694e-03	3.403544e-01	-1.669887e-01
3.555195444470694e-03	3.462748e-01	-1.699465e-01
3.560078256970694e-03	3.749845e-01	-1.842908e-01
3.561078256970694e-03	3.808230e-01	-1.872076e-01
3.565961069470694e-03	4.091139e-01	-2.013413e-01
3.566961069470694e-03	4.148626e-01	-2.042129e-01
3.571843881970694e-03	4.426958e-01	-2.181167e-01
3.572843881970694e-03	4.483469e-01	-2.209392e-01
3.577726694470694e-03	4.756845e-01	-2.345941e-01
3.578726694470694e-03	4.812302e-01	-2.373638e-01
3.583609506970694e-03	5.080348e-01	-2.507510e-01
3.584609506970694e-03	5.134676e-01	-2.534640e-01
3.589492319470694e-03	5.397026e-01	-2.665654e-01
3.590492319470695e-03	5.450150e-01	-2.692180e-01
3.595375131970694e-03	5.706446e-01	-2.820156e-01
3.596375131970695e-03	5.758295e-01	-2.846042e-01
3.601257944470694e-03	6.008186e-01	-2.970806e-01
3.602257944470695e-03	6.058688e-01	-2.996016e-01
3.607140756970694e-03	6.301833e-01	-3.117397e-01
3.608140756970695e-03	6.350919e-01	-3.141898e-01
3.613023569470694e-03	6.586986e-01	-3.259730e-01
3.614023569470695e-03	6.634589e-01	-3.283487e-01
3.618906381970695e-03	6.863256e-01	-3.397610e-01
3.619906381970695e-03	6.909311e-01	-3.420591e-01
3.624789194470695e-03	7.130265e-01	-3.530848e-01
3.625789194470695e-03	7.174708e-01	-3.553022e-01
3.630672006970695e-03	7.387648e-01	-3.659263e-01
3.631672006970695e-03	7.430420e-01	-3.680599e-01
3.636554819470695e-03	7.635055e-01	-3.782678e-01
3.637554819470695e-03	7.676096e-01	-3.803148e-01
3.642437631970695e-03	7.872145e-01	-3.900927e-01
3.643437631970695e-03	7.911401e-01	-3.920502e-01
3.648320444470695e-03	8.098597e-01	-4.013846e-01
3.649320444470695e-03	8.136013e-01	-4.032499e-01
3.654203256970695e-03	8.314100e-01	-4.121282e-01
3.655203256970695e-03	8.349625e-01	-4.138989e-01
3.660086069470695e-03	8.518361e-01	-4.223088e-01
3.661086069470695e-03	8.551946e-01	-4.239824e-01
3.665968881970695e-03	8.711099e-01	-4.319125e-01
3.666968881970695e-03	8.742699e-01	-4.334866e-01
3.671851694470695e-03	8.892053e-01	-4.409261e-01
3.672851694470695e-03	8.921624e-01	-4.423988e-01
3.677734506970695e-03	9.060974e-01	-4.493374e-01
3.678734506970695e-03	9.088476e-01	-4.507065e-01
3.683617319470695e-03	9.217631e-01	-4.571349e-01
3.684617319470695e-03	9.243028e-01	-4.583985e-01
3.689500131970695e-03	9.361812e-01	-4.643078e-01
3.690500131970695e-03	9.385067e-01	-4.654644e-01
3.695382944470695e-03	9.493319e-01	-4.708465e-01
3.696382944470695e-03	9.514401e-01	-4.718943e-01
3.701265756970695e-03	9.611971e-01	-4.767420e-01
3.702265756970695e-03	9.630852e-01	-4.776796e-01
3.707148569470695e-03	9.717609e-01	-4.819862e-01
3.708148569470695e-03	9.734262e-01	-4.828123e-01
3.713031381970695e-03	9.810085e-01	-4.865720e-01
3.714031381970695e-03	9.824488e-01	-4.872855e-01
3.718914194470695e-03	9.889276e-01	-4.904930e-01
3.719914194470695e-03	9.901409e-01	-4.910930e-01
3.724797006970695e-03	9.955071e-01	-4.937440e-01
3.725797006970695e-03	9.964918e-01	-4.942297e-01
3.730679819470695e-03	1.000738e+00	-4.963205e-01
3.731679819470695e-03	1.001493e+00	-4.966911e-01
3.736562631970695e-03	1.004614e+00	-4.982190e-01
3.737562631970695e-03	1.005137e+00	-4.984741e-01
3.742445444470695e-03	1.007128e+00	-4.994368e-01
3.743445444470695e-03	1.007420e+00	-4.995760e-01
3.748328256970695e-03	1.008279e+00	-4.999724e-01
3.753211069470695e-03	1.008196e+00	-4.998982e-01
3.758093881970695e-03	1.007172e+00	-4.993536e-01
3.762976694470695e-03	1.005209e+00	-4.983389e-01
3.767859506970695e-03	1.002307e+00	-4.968553e-01
3.772742319470695e-03	9.984701e-01	-4.949040e-01
3.777625131970695e-03	9.937012e-01	-4.924869e-01
3.778625131970695e-03	9.926099e-01	-4.919346e-01
3.783507944470695e-03	9.867245e-01	-4.889595e-01
3.784507944470695e-03	9.854052e-01	-4.882933e-01
3.789390756970695e-03	9.784113e-01	-4.847640e-01
3.790390756970695e-03	9.768659e-01	-4.839848e-01
3.795273569470695e-03	9.687729e-01	-4.799064e-01
3.796273569470695e-03	9.670036e-01	-4.790152e-01
3.801156381970695e-03	9.578227e-01	-4.743931e-01
3.802156381970695e-03	9.558318e-01	-4.733912e-01
3.807039194470695e-03	9.455755e-01	-4.682318e-01
3.808039194470695e-03	9.433657e-01	-4.671206e-01
3.812922006970695e-03	9.320480e-01	-4.614308e-01
3.813922006970695e-03	9.296224e-01	-4.602118e-01
3.818804819470695e-03	9.172588e-01	-4.539995e-01
3.819804819470695e-03	9.146206e-01	-4.526743e-01
3.824687631970695e-03	9.012280e-01	-4.459479e-01
3.825687631970695e-03	8.983809e-01	-4.445184e-01
3.830570444470695e-03	8.839775e-01	-4.372872e-01
3.831570444470695e-03	8.809254e-01	-4.357552e-01
3.836453256970695e-03	8.655310e-01	-4.280291e-01
3.837453256970695e-03	8.622780e-01	-4.263968e-01
3.842336069470695e-03	8.459136e-01	-4.181862e-01
3.843336069470695e-03	8.424641e-01	-4.164559e-01
3.848218881970695e-03	8.251520e-01	-4.077721e-01
3.849218881970695e-03	8.215109e-01	-4.059460e-01
3.854101694470695e-03	8.032748e-01	-3.968009e-01
3.855101694470695e-03	7.994468e-01	-3.948816e-01
3.859984506970695e-03	7.803116e-01	-3.852876e-01
3.860984506970695e-03	7.763022e-01	-3.832778e-01
3.865867319470695e-03	7.562940e-01	-3.732481e-01
3.866867319470695e-03	7.521086e-01	-3.711503e-01
3.871750131970695e-03	7.312548e-01	-3.606986e-01
3.872750131970695e-03	7.268990e-01	-3.585159e-01
3.877632944470695e-03	7.052280e-01	-3.476563e-01
3.878632944470695e-03	7.007079e-01	-3.453916e-01
3.883515756970695e-03	6.782494e-01	-3.341392e-01
3.884515756970695e-03	6.735711e-01	-3.317955e-01
3.889398569470695e-03	6.503557e-01	-3.201656e-01
3.890398569470695e-03	6.455255e-01	-3.177462e-01
3.895281381970695e-03	6.215850e-01	-3.057546e-01
3.896281381970695e-03	6.166097e-01	-3.032628e-01
3.901164194470695e-03	5.919768e-01	-2.909259e-01
3.902164194470695e-03	5.868630e-01	-2.883651e-01
3.907047006970695e-03	5.615712e-01	-2.756997e-01
3.908047006970695e-03	5.563261e-01	-2.730735e-01
3.912929819470695e-03	5.304101e-01	-2.600970e-01
3.913929819470695e-03	5.250407e-01	-2.574088e-01
3.918812631970695e-03	4.985359e-01	-2.441389e-01
3.919812631970695e-03	4.930496e-01	-2.413925e-01
3.924695444470695e-03	4.659921e-01	-2.278473e-01
3.925695444470695e-03	4.603963e-01	-2.250464e-01
3.930578256970695e-03	4.328232e-01	-2.112445e-01
3.931578256970695e-03	4.271257e-01	-2.083929e-01
3.936461069470695e-03	3.990746e-01	-1.943531e-01
3.937461069470695e-03	3.932831e-01	-1.914547e-01
3.942343881970695e-03	3.647923e-01	-1.771961e-01
3.943343881970695e-03	3.589146e-01	-1.742550e-01
3.948226694470695e-03	3.300231e-01	-1.597971e-01
3.949226694470695e-03	3.240674e-01	-1.568172e-01
3.954109506970695e-03	2.948146e-01	-1.421798e-01
3.955109506970696e-03	2.887890e-01	-1.391651e-01
3.959992319470695e-03	2.592148e-01	-1.243683e-01
3.960992319470696e-03	2.531276e-01	-1.213230e-01
3.965875131970695e-03	2.232725e-01	-1.063869e-01
3.966875131970696e-03	2.171319e-01	-1.033152e-01
3.971757944470695e-03	1.870366e-01	-8.826013e-02
3.972757944470696e-03	1.808510e-01	-8.516615e-02
3.977640756970695e-03	1.505567e-01	-7.001280e-02
3.978640756970696e-03	1.443346e-01	-6.690080e-02
3.983523569470696e-03	1.138827e-01	-5.166982e-02
3.984523569470696e-03	1.076325e-01	-4.854405e-02
3.989406381970696e-03	7.706456e-02	-3.325626e-02
3.990406381970696e-03	7.079487e-02	-3.012099e-02
3.995289194470696e-03	4.015265e-02	-1.479727e-02
3.996289194470696e-03	3.387202e-02	-1.165678e-02
4.001172006970696e-03	3.197386e-03	3.681935e-03
4.002172006970696e-03	-3.085589e-03	6.823349e-03
4.007054819470696e-03	-3.375075e-02	2.215611e-02
4.008054819470696e-03	-4.002749e-02	2.529416e-02
4.012937631970696e-03	-7.064127e-02	4.060002e-02
4.013937631970696e-03	-7.690320e-02	4.373042e-02
4.018820444470696e-03	-1.074238e-01	5.898847e-02
4.019820444470696e-03	-1.136624e-01	6.210693e-02
4.024703256970696e-03	-1.440481e-01	7.729633e-02
4.025703256970696e-03	-1.502548e-01	8.039861e-02
4.030586069470696e-03	-1.804641e-01	9.549860e-02
4.031586069470696e-03	-1.866304e-01	9.858045e-02
4.036468881970696e-03	-2.166220e-01	1.135704e-01
4.037468881970696e-03	-2.227395e-01	1.166276e-01
4.042351694470696e-03	-2.524725e-01	1.314871e-01
4.043351694470696e-03	-2.585329e-01	1.345155e-01
4.048234506970696e-03	-2.879667e-01	1.492241e-01
4.049234506970696e-03	-2.939616e-01	1.522195e-01
4.054117319470696e-03	-3.230559e-01	1.667573e-01
4.055117319470696e-03	-3.289773e-01	1.697157e-01
4.060000131970696e-03	-3.576924e-01	1.840627e-01
4.061000131970696e-03	-3.635320e-01	1.869800e-01
4.065882944470696e-03	-3.918286e-01	2.011166e-01
4.066882944470696e-03	-3.975786e-01	2.039889e-01
4.071765756970696e-03	-4.254181e-01	2.178958e-01
4.072765756970696e-03	-4.310706e-01	2.207190e-01
4.077648569470696e-03	-4.584150e-01	2.343773e-01
4.078648569470696e-03	-4.639622e-01	2.371477e-01
4.083531381970696e-03	-4.907741e-01	2.505386e-01
4.084531381970696e-03	-4.962085e-01	2.532524e-01
4.089414194470696e-03	-5.224513e-01	2.663577e-01
4.090414194470696e-03	-5.277653e-01	2.690111e-01
4.095297006970696e-03	-5.534032e-01	2.818129e-01
4.096297006970696e-03	-5.585898e-01	2.844024e-01
4.101179819470696e-03	-5.835876e-01	2.968832e-01
4.102179819470696e-03	-5.886396e-01	2.994051e-01
4.107062631970696e-03	-6.129634e-01	3.115478e-01
4.108062631970696e-03	-6.178738e-01	3.139988e-01
4.112945444470696e-03	-6.414902e-01	3.257869e-01
4.113945444470696e-03	-6.462525e-01	3.281636e-01
4.118828256970696e-03	-6.691293e-01	3.395809e-01
4.119828256970696e-03	-6.737368e-01	3.418801e-01
4.124711069470696e-03	-6.958427e-01	3.529110e-01
4.125711069470696e-03	-7.002892e-01	3.551295e-01
4.130593881970696e-03	-7.215940e-01	3.657590e-01
4.131593881970696e-03	-7.258735e-01	3.678937e-01
4.136476694470696e-03	-7.463481e-01	3.781073e-01
4.137476694470696e-03	-7.504546e-01	3.801554e-01
4.142359506970696e-03	-7.700711e-01	3.899391e-01
4.143359506970696e-03	-7.739990e-01	3.918978e-01
4.148242319470696e-03	-7.927306e-01	4.012382e-01
4.149242319470696e-03	-7.964746e-01	4.031048e-01
4.149256093773822e-03	-7.965260e-01	4.031304e-01
4.149283642380072e-03	-7.966287e-01	4.031816e-01
4.149338739592572e-03	-7.968340e-01	4.032839e-01
4.149422631626842e-03	-7.971099e-01	4.034397e-01
4.149532044197833e-03	-7.972996e-01	4.036426e-01
4.149647616792229e-03	-7.973158e-01	4.038568e-01
4.149878761981020e-03	-7.972651e-01	4.042845e-01
4.150225999511122e-03	-7.972087e-01	4.049254e-01
4.150840526201097e-03	-7.970968e-01	4.060549e-01
4.151573785220301e-03	-7.969700e-01	4.073948e-01
4.152336536195461e-03	-7.968335e-01	4.087794e-01
4.153394408436849e-03	-7.966490e-01	4.106841e-01
4.154612424333214e-03	-7.964337e-01	4.128547e-01
4.154812620785595e-03	-7.963992e-01	4.132091e-01
4.155213013690357e-03	-7.963292e-01	4.139161e-01
4.155535668875401e-03	-8.018036e-01	4.144838e-01
4.155857371268867e-03	-8.145227e-01	4.150483e-01
4.155997397279714e-03	-8.191770e-01	4.152934e-01
4.156137534479650e-03	-8.211750e-01	4.155384e-01
4.156292508893225e-03	-8.220426e-01	4.158090e-01
4.156467756143376e-03	-8.226722e-01	4.161145e-01
4.156649330323350e-03	-8.232452e-01	4.164305e-01
4.157012478683299e-03	-8.244705e-01	4.170609e-01
4.157622162807597e-03	-8.265825e-01	4.181143e-01
4.158841531056193e-03	-8.307766e-01	4.202027e-01
4.160997979983578e-03	-8.380628e-01	4.238356e-01
4.165310877838349e-03	-8.521785e-01	4.308673e-01
4.166310877838349e-03	-8.553577e-01	4.324527e-01
4.171179926385408e-03	-8.703652e-01	4.399271e-01
4.172179926385408e-03	-8.733433e-01	4.414114e-01
4.177062738885408e-03	-8.873956e-01	4.484077e-01
4.178062738885408e-03	-8.901678e-01	4.497887e-01
4.182945551385408e-03	-9.032023e-01	4.562759e-01
4.183945551385408e-03	-9.057647e-01	4.575516e-01
4.188828363885408e-03	-9.177637e-01	4.635207e-01
4.189828363885408e-03	-9.201127e-01	4.646895e-01
4.194711176385408e-03	-9.310599e-01	4.701323e-01
4.195711176385408e-03	-9.331921e-01	4.711925e-01
4.200593988885408e-03	-9.430727e-01	4.761016e-01
4.201593988885408e-03	-9.449853e-01	4.770518e-01
4.206476801385408e-03	-9.537858e-01	4.814205e-01
4.207476801385408e-03	-9.554760e-01	4.822595e-01
4.212359613885408e-03	-9.631844e-01	4.860818e-01
4.213359613885409e-03	-9.646499e-01	4.868083e-01
4.218242426385408e-03	-9.712556e-01	4.900790e-01
4.219242426385409e-03	-9.724944e-01	4.906921e-01
4.224125238885408e-03	-9.779886e-01	4.934068e-01
4.225125238885409e-03	-9.789990e-01	4.939056e-01
4.230008051385408e-03	-9.833741e-01	4.960605e-01
4.231008051385409e-03	-9.841547e-01	4.964443e-01
4.235890863885408e-03	-9.874046e-01	4.980366e-01
4.236890863885409e-03	-9.879544e-01	4.983049e-01
4.241773676385409e-03	-9.900748e-01	4.993322e-01
4.242773676385409e-03	-9.903929e-01	4.994847e-01
4.247656488885409e-03	-9.913810e-01	4.999458e-01
4.252539301385408e-03	-9.914277e-01	4.999364e-01
4.257422113885408e-03	-9.905337e-01	4.994564e-01
4.262304926385408e-03	-9.886992e-01	4.985064e-01
4.267187738885408e-03	-9.859266e-01	4.970872e-01
4.272070551385408e-03	-9.822178e-01	4.952001e-01
4.276953363885408e-03	-9.775770e-01	4.928470e-01
4.277953363885408e-03	-9.765117e-01	4.923078e-01
4.282836176385408e-03	-9.707536e-01	4.893962e-01
4.283836176385408e-03	-9.694601e-01	4.887429e-01
4.288718988885408e-03	-9.625924e-01	4.852767e-01
4.289718988885408e-03	-9.610726e-01	4.845104e-01
4.294601801385408e-03	-9.531048e-01	4.804944e-01
4.295601801385408e-03	-9.513608e-01	4.796160e-01
4.300484613885408e-03	-9.423036e-01	4.750556e-01
4.301484613885408e-03	-9.403378e-01	4.740663e-01
4.306367426385408e-03	-9.302037e-01	4.689679e-01
4.307367426385408e-03	-9.280186e-01	4.678691e-01
4.312250238885408e-03	-9.168215e-01	4.622395e-01
4.313250238885408e-03	-9.144202e-01	4.610327e-01
4.318133051385408e-03	-9.021754e-01	4.548796e-01
4.319133051385408e-03	-8.995612e-01	4.535665e-01
4.324015863885408e-03	-8.862852e-01	4.468984e-01
4.325015863885408e-03	-8.834618e-01	4.454806e-01
4.329898676385408e-03	-8.691729e-01	4.383066e-01
4.330898676385408e-03	-8.661439e-01	4.367862e-01
4.335781488885408e-03	-8.508617e-01	4.291161e-01
4.336781488885408e-03	-8.476313e-01	4.274952e-01
4.341664301385408e-03	-8.313766e-01	4.193393e-01
4.342664301385408e-03	-8.279493e-01	4.176201e-01
4.347547113885408e-03	-8.107443e-01	4.089897e-01
4.348547113885408e-03	-8.071248e-01	4.071745e-01
4.349157465447909e-03	-8.048975e-01	4.060586e-01
4.350378168572908e-03	-8.004153e-01	4.038090e-01
4.350683344354158e-03	-7.992852e-01	4.032429e-01
4.350759638299471e-03	-7.990024e-01	4.031011e-01
4.350912226190095e-03	-7.984366e-01	4.028174e-01
4.350950373162752e-03	-7.982951e-01	4.027463e-01
4.351026667108064e-03	-7.980118e-01	4.026043e-01
4.351179254998689e-03	-7.974447e-01	4.023198e-01
4.351320533060490e-03	-7.970116e-01	4.020561e-01
4.351469917843959e-03	-7.968121e-01	4.017770e-01
4.351649719516256e-03	-7.967979e-01	4.014405e-01
4.352009322860850e-03	-7.967714e-01	4.007660e-01
4.352413824392568e-03	-7.967241e-01	4.000048e-01
4.353205344512430e-03	-7.966534e-01	3.985079e-01
4.353918456429169e-03	-7.965783e-01	3.971509e-01
4.354995037621958e-03	-7.964789e-01	3.950871e-01
4.356102516078834e-03	-7.963675e-01	3.929451e-01
4.356302237496555e-03	-7.963501e-01	3.925568e-01
4.356701680331996e-03	-7.963122e-01	3.917784e-01
4.356973647630177e-03	-7.962857e-01	3.912469e-01
4.357183619756010e-03	-7.932358e-01	3.908359e-01
4.357361724449648e-03	-7.858452e-01	3.904867e-01
4.357519037523050e-03	-7.786731e-01	3.901778e-01
4.357633552217582e-03	-7.753917e-01	3.899527e-01
4.357765908310776e-03	-7.732926e-01	3.896923e-01
4.357903520063175e-03	-7.720423e-01	3.894213e-01
4.358083143643322e-03	-7.710469e-01	3.890671e-01
4.358323896956925e-03	-7.700453e-01	3.885916e-01
4.358636834457238e-03	-7.688277e-01	3.879722e-01
4.359133736861600e-03	-7.668640e-01	3.869856e-01
4.360127541670323e-03	-7.629037e-01	3.850011e-01
4.362115151287771e-03	-7.548977e-01	3.809871e-01
4.366090370522667e-03	-7.385272e-01	3.727814e-01
4.367090370522667e-03	-7.343357e-01	3.706804e-01
4.371473235178512e-03	-7.156202e-01	3.613004e-01
4.372473235178512e-03	-7.112723e-01	3.591217e-01
4.377356047678512e-03	-6.896393e-01	3.482810e-01
4.378356047678512e-03	-6.851265e-01	3.460201e-01
4.383238860178512e-03	-6.627047e-01	3.347858e-01
4.384238860178512e-03	-6.580334e-01	3.324458e-01
4.389121672678512e-03	-6.348532e-01	3.208332e-01
4.390121672678512e-03	-6.300298e-01	3.184174e-01
4.395004485178512e-03	-6.061230e-01	3.064424e-01
4.396004485178512e-03	-6.011541e-01	3.039540e-01
4.400887297678512e-03	-5.765532e-01	2.916329e-01
4.401887297678512e-03	-5.714456e-01	2.890753e-01
4.406770110178512e-03	-5.461842e-01	2.764250e-01
4.407770110178512e-03	-5.409450e-01	2.738018e-01
4.412652922678512e-03	-5.150577e-01	2.608395e-01
4.413652922678512e-03	-5.096939e-01	2.581542e-01
4.418535735178512e-03	-4.832161e-01	2.448977e-01
4.419535735178512e-03	-4.777350e-01	2.421539e-01
4.424418547678512e-03	-4.507028e-01	2.286213e-01
4.425418547678512e-03	-4.451120e-01	2.258229e-01
4.430301360178512e-03	-4.175624e-01	2.120326e-01
4.431301360178512e-03	-4.118694e-01	2.091833e-01
4.436184172678512e-03	-3.838400e-01	1.951543e-01
4.437184172678512e-03	-3.780526e-01	1.922580e-01
4.442066985178512e-03	-3.495817e-01	1.780093e-01
4.443066985178512e-03	-3.437079e-01	1.750701e-01
4.447949797678512e-03	-3.148344e-01	1.606212e-01
4.448949797678512e-03	-3.088822e-01	1.576429e-01
4.453832610178512e-03	-2.796455e-01	1.430136e-01
4.454832610178512e-03	-2.736230e-01	1.400005e-01
4.459715422678512e-03	-2.440631e-01	1.252107e-01
4.460715422678512e-03	-2.379785e-01	1.221667e-01
4.465598235178512e-03	-2.081358e-01	1.072367e-01
4.466598235178513e-03	-2.019974e-01	1.041661e-01
4.471481047678512e-03	-1.719126e-01	8.911623e-02
4.472481047678513e-03	-1.657289e-01	8.602320e-02
4.477363860178512e-03	-1.354431e-01	7.087402e-02
4.478363860178513e-03	-1.292224e-01	6.776277e-02
4.483246672678512e-03	-9.877703e-02	5.253499e-02
4.484246672678513e-03	-9.252794e-02	4.940977e-02
4.489129485178513e-03	-6.196455e-02	3.412418e-02
4.490129485178513e-03	-5.569557e-02	3.098926e-02
4.495012297678513e-03	-2.505592e-02	1.566676e-02
4.496012297678513e-03	-1.877561e-02	1.252643e-02
4.500895110178513e-03	1.189844e-02	-2.812057e-03
4.501895110178513e-03	1.818150e-02	-5.953523e-03
4.506777922678513e-03	4.884804e-02	-2.128704e-02
4.507777922678513e-03	5.512527e-02	-2.442534e-02
4.512660735178513e-03	8.574241e-02	-3.973294e-02
4.513660735178513e-03	9.200524e-02	-4.286379e-02
4.518543547678513e-03	1.225311e-01	-5.812456e-02
4.519543547678513e-03	1.287710e-01	-6.124368e-02
4.524426360178513e-03	1.591640e-01	-7.643677e-02
4.525426360178513e-03	1.653724e-01	-7.953991e-02
4.530309172678513e-03	1.955909e-01	-9.464457e-02
4.531309172678513e-03	2.017593e-01	-9.772748e-02
4.536191985178513e-03	2.317621e-01	-1.127231e-01
4.537191985178513e-03	2.378821e-01	-1.157815e-01
4.542074797678513e-03	2.676282e-01	-1.306476e-01
4.543074797678513e-03	2.736915e-01	-1.336774e-01
4.547957610178513e-03	3.031402e-01	-1.483936e-01
4.548957610178513e-03	3.091385e-01	-1.513907e-01
4.553840422678513e-03	3.382496e-01	-1.659369e-01
4.554840422678513e-03	3.441746e-01	-1.688972e-01
4.559723235178513e-03	3.729084e-01	-1.832536e-01
4.560723235178513e-03	3.787521e-01	-1.861729e-01
4.565606047678513e-03	4.070693e-01	-2.003199e-01
4.566606047678513e-03	4.128236e-01	-2.031943e-01
4.571488860178513e-03	4.406856e-01	-2.171125e-01
4.572488860178513e-03	4.463428e-01	-2.199382e-01
4.577371672678513e-03	4.737113e-01	-2.336085e-01
4.578371672678513e-03	4.792636e-01	-2.363815e-01
4.583254485178513e-03	5.061014e-01	-2.497855e-01
4.584254485178513e-03	5.115413e-01	-2.525020e-01
4.589137297678513e-03	5.378117e-01	-2.656211e-01
4.590137297678513e-03	5.431316e-01	-2.682775e-01
4.595020110178513e-03	5.687987e-01	-2.810939e-01
4.596020110178513e-03	5.739915e-01	-2.836865e-01
4.600902922678513e-03	5.990202e-01	-2.961828e-01
4.601902922678513e-03	6.040787e-01	-2.987080e-01
4.606785735178513e-03	6.284350e-01	-3.108670e-01
4.607785735178513e-03	6.333522e-01	-3.133214e-01
4.612668547678513e-03	6.570026e-01	-3.251265e-01
4.613668547678513e-03	6.617720e-01	-3.275068e-01
4.618551360178513e-03	6.846843e-01	-3.389419e-01
4.619551360178513e-03	6.892993e-01	-3.412448e-01
4.624434172678513e-03	7.114421e-01	-3.522942e-01
4.625434172678513e-03	7.158964e-01	-3.545166e-01
4.630316985178513e-03	7.372395e-01	-3.651653e-01
4.631316985178513e-03	7.415270e-01	-3.673041e-01
4.636199797678513e-03	7.620413e-01	-3.775375e-01
4.637199797678513e-03	7.661561e-01	-3.795898e-01
4.642082610178513e-03	7.858136e-01	-3.893940e-01
4.643082610178513e-03	7.897501e-01	-3.913570e-01
4.647965422678513e-03	8.085239e-01	-4.007185e-01
4.648965422678513e-03	8.122767e-01	-4.025895e-01
4.653848235178513e-03	8.301411e-01	-4.114957e-01
4.654848235178513e-03	8.337051e-01	-4.132721e-01
4.659731047678513e-03	8.506358e-01	-4.217106e-01
4.660731047678513e-03	8.540062e-01	-4.233901e-01
4.665613860178513e-03	8.699800e-01	-4.313495e-01
4.666613860178513e-03	8.731521e-01	-4.329297e-01
4.671496672678513e-03	8.881472e-01	-4.403991e-01
4.672496672678514e-03	8.911167e-01	-4.418779e-01
4.677379485178513e-03	9.051126e-01	-4.488471e-01
4.678379485178514e-03	9.078754e-01	-4.502225e-01
4.683262297678513e-03	9.208530e-01	-4.566819e-01
4.684262297678514e-03	9.234054e-01	-4.579520e-01
4.689145110178513e-03	9.353469e-01	-4.638929e-01
4.690145110178514e-03	9.376854e-01	-4.650559e-01
4.695027922678514e-03	9.485746e-01	-4.704701e-01
4.696027922678514e-03	9.506960e-01	-4.715244e-01
4.700910735178514e-03	9.605179e-01	-4.764046e-01
4.701910735178514e-03	9.624193e-01	-4.773489e-01
4.706793547678514e-03	9.711606e-01	-4.816883e-01
4.707793547678514e-03	9.728394e-01	-4.825212e-01
4.712676360178514e-03	9.804881e-01	-4.863140e-01
4.713676360178514e-03	9.819420e-01	-4.870344e-01
4.718559172678514e-03	9.884876e-01	-4.902753e-01
4.719559172678514e-03	9.897146e-01	-4.908822e-01
4.724441985178514e-03	9.951483e-01	-4.935669e-01
4.725441985178514e-03	9.961467e-01	-4.940595e-01
4.730324797678514e-03	1.000461e+00	-4.961842e-01
4.731324797678514e-03	1.001230e+00	-4.965618e-01
4.736207610178514e-03	1.004418e+00	-4.981237e-01
4.737207610178514e-03	1.004956e+00	-4.983858e-01
4.742090422678514e-03	1.007015e+00	-4.993827e-01
4.743090422678514e-03	1.007321e+00	-4.995289e-01
4.747973235178514e-03	1.008248e+00	-4.999595e-01
4.752856047678514e-03	1.008234e+00	-4.999195e-01
4.757738860178514e-03	1.007279e+00	-4.994090e-01
4.762621672678513e-03	1.005383e+00	-4.984285e-01
4.767504485178513e-03	1.002550e+00	-4.969789e-01
4.772387297678513e-03	9.987806e-01	-4.950616e-01
4.777270110178513e-03	9.940793e-01	-4.926783e-01
4.778270110178513e-03	9.930018e-01	-4.921329e-01
4.783152922678513e-03	9.871836e-01	-4.891913e-01
4.784152922678513e-03	9.858781e-01	-4.885320e-01
4.789035735178513e-03	9.789507e-01	-4.850360e-01
4.790035735178513e-03	9.774190e-01	-4.842637e-01
4.794918547678513e-03	9.693920e-01	-4.802182e-01
4.795918547678513e-03	9.676361e-01	-4.793338e-01
4.800801360178513e-03	9.585205e-01	-4.747443e-01
4.801801360178513e-03	9.565429e-01	-4.737491e-01
4.806684172678513e-03	9.463511e-01	-4.686218e-01
4.807684172678513e-03	9.441544e-01	-4.675172e-01
4.812566985178513e-03	9.329004e-01	-4.618592e-01
4.813566985178513e-03	9.304877e-01	-4.606466e-01
4.818449797678513e-03	9.181868e-01	-4.544656e-01
4.819449797678513e-03	9.155613e-01	-4.531468e-01
4.824332610178513e-03	9.022303e-01	-4.464512e-01
4.825332610178514e-03	8.993957e-01	-4.450279e-01
4.830215422678513e-03	8.850528e-01	-4.378269e-01
4.831215422678514e-03	8.820129e-01	-4.363011e-01
4.836098235178513e-03	8.666778e-01	-4.286045e-01
4.837098235178514e-03	8.634368e-01	-4.269782e-01
4.841981047678513e-03	8.471302e-01	-4.187965e-01
4.842981047678514e-03	8.436925e-01	-4.170721e-01
4.847863860178513e-03	8.264369e-01	-4.084165e-01
4.848863860178514e-03	8.228072e-01	-4.065962e-01
4.853746672678514e-03	8.046262e-01	-3.974785e-01
4.854746672678514e-03	8.008094e-01	-3.955648e-01
4.859629485178514e-03	7.817277e-01	-3.859975e-01
4.860629485178514e-03	7.777291e-01	-3.839931e-01
4.865512297678514e-03	7.577728e-01	-3.739893e-01
4.866512297678514e-03	7.535978e-01	-3.718967e-01
4.871395110178514e-03	7.327942e-01	-3.614701e-01
4.872395110178514e-03	7.284486e-01	-3.592924e-01
4.877277922678514e-03	7.068261e-01	-3.484571e-01
4.878277922678514e-03	7.023157e-01	-3.461972e-01
4.883160735178514e-03	6.799039e-01	-3.349681e-01
4.884160735178514e-03	6.752349e-01	-3.326291e-01
4.889043547678514e-03	6.520643e-01	-3.210214e-01
4.890043547678514e-03	6.472432e-01	-3.186066e-01
4.894926360178514e-03	6.233455e-01	-3.066363e-01
4.895926360178514e-03	6.183788e-01	-3.041488e-01
4.900809172678514e-03	5.937867e-01	-2.918322e-01
4.901809172678514e-03	5.886810e-01	-2.892755e-01
4.906691985178514e-03	5.634281e-01	-2.766295e-01
4.907691985178514e-03	5.581906e-01	-2.740071e-01
4.912574797678514e-03	5.323114e-01	-2.610489e-01
4.913574797678514e-03	5.269492e-01	-2.583643e-01
4.918457610178514e-03	5.004789e-01	-2.451117e-01
4.919457610178514e-03	4.949995e-01	-2.423686e-01
4.924340422678514e-03	4.679743e-01	-2.288396e-01
4.925340422678514e-03	4.623849e-01	-2.260418e-01
4.930223235178514e-03	4.348419e-01	-2.122549e-01
4.931223235178514e-03	4.291503e-01	-2.094062e-01
4.936106047678514e-03	4.011270e-01	-1.953802e-01
4.937106047678514e-03	3.953409e-01	-1.924846e-01
4.941988860178514e-03	3.668755e-01	-1.782386e-01
4.942988860178514e-03	3.610029e-01	-1.752999e-01
4.947871672678514e-03	3.321344e-01	-1.608536e-01
4.948871672678514e-03	3.261832e-01	-1.578758e-01
4.953754485178514e-03	2.969510e-01	-1.432488e-01
4.954754485178514e-03	2.909294e-01	-1.402361e-01
4.959637297678514e-03	2.613735e-01	-1.254483e-01
4.960637297678514e-03	2.552897e-01	-1.224047e-01
4.965520110178514e-03	2.254505e-01	-1.074764e-01
4.966520110178514e-03	2.193128e-01	-1.044062e-01
4.971402922678514e-03	1.892309e-01	-8.935773e-02
4.972402922678514e-03	1.830477e-01	-8.626497e-02
4.977285735178514e-03	1.527643e-01	-7.111697e-02
4.978285735178514e-03	1.465441e-01	-6.800593e-02
4.983168547678514e-03	1.161006e-01	-5.277906e-02
4.984168547678514e-03	1.098518e-01	-4.965400e-02
4.989051360178514e-03	7.928971e-02	-3.436904e-02
4.990051360178514e-03	7.302095e-02	-3.123422e-02
4.994934172678514e-03	4.238203e-02	-1.591208e-02
4.995934172678514e-03	3.610182e-02	-1.277178e-02
5.000000000000000e-03	1.056081e-02	-6.123234e-16
