time	V(vout)	V(n001)
0.000000000000000e+00	6.503188e-06	0.000000e+00
4.882812557061023e-11	6.503443e-06	1.533981e-07
9.765625114122045e-11	6.503697e-06	3.067962e-07
1.953125022824409e-10	6.504205e-06	6.135923e-07
3.906250045648818e-10	6.505209e-06	1.227185e-06
7.812500091297636e-10	6.507120e-06	2.454369e-06
1.562500018259527e-09	6.510171e-06	4.908738e-06
3.125000036519054e-09	6.510261e-06	9.817477e-06
6.250000073038109e-09	6.464509e-06	1.963495e-05
1.250000014607622e-08	6.037323e-06	3.926991e-05
2.500000029215244e-08	2.924744e-06	7.853982e-05
5.000000058430487e-08	-1.640658e-05	1.570796e-04
1.000000011686097e-07	-1.146518e-04	3.141593e-04
2.000000023372195e-07	-4.980451e-04	6.283183e-04
2.902813791696833e-07	-9.763251e-04	9.119454e-04
4.047388241937590e-07	-1.651024e-03	1.271523e-03
5.534584737952896e-07	-2.568279e-03	1.738738e-03
8.328106584942789e-07	-4.318585e-03	2.616340e-03
1.332084627815545e-06	-7.456110e-03	4.184818e-03
2.330632566458077e-06	-1.372933e-02	7.321637e-03
4.327728443743142e-06	-2.627468e-02	1.359428e-02
8.321920198313270e-06	-5.135038e-02	2.613217e-02
1.320473269831327e-05	-8.195978e-02	4.143631e-02
1.808754519831327e-05	-1.124917e-01	5.670146e-02
2.297035769831327e-05	-1.429181e-01	7.191323e-02
2.785317019831327e-05	-1.732097e-01	8.705733e-02
3.273598269831327e-05	-2.033385e-01	1.021195e-01
3.761879519831327e-05	-2.332757e-01	1.170855e-01
4.250160769831327e-05	-2.629935e-01	1.319414e-01
4.738442019831326e-05	-2.924637e-01	1.466731e-01
5.226723269831326e-05	-3.216587e-01	1.612667e-01
5.715004519831326e-05	-3.505508e-01	1.757085e-01
6.203285769831326e-05	-3.791132e-01	1.899850e-01
6.691567019831326e-05	-4.073186e-01	2.040827e-01
7.179848269831327e-05	-4.351408e-01	2.179883e-01
7.668129519831327e-05	-4.625533e-01	2.316887e-01
8.156410769831327e-05	-4.895305e-01	2.451711e-01
8.644692019831328e-05	-5.160470e-01	2.584228e-01
9.132973269831328e-05	-5.420778e-01	2.714312e-01
9.621254519831329e-05	-5.675984e-01	2.841841e-01
1.010953576983133e-04	-5.925848e-01	2.966696e-01
1.059781701983133e-04	-6.170135e-01	3.088759e-01
1.108609826983133e-04	-6.408614e-01	3.207915e-01
1.157437951983133e-04	-6.641062e-01	3.324051e-01
1.206266076983133e-04	-6.867259e-01	3.437059e-01
1.255094201983133e-04	-7.086993e-01	3.546832e-01
1.303922326983133e-04	-7.300057e-01	3.653267e-01
1.352750451983133e-04	-7.506251e-01	3.756264e-01
1.401578576983133e-04	-7.705380e-01	3.855726e-01
1.450406701983133e-04	-7.897257e-01	3.951558e-01
1.499234826983133e-04	-8.081701e-01	4.043671e-01
1.548062951983133e-04	-8.258538e-01	4.131979e-01
1.596891076983133e-04	-8.427603e-01	4.216398e-01
1.645719201983133e-04	-8.588737e-01	4.296849e-01
1.694547326983134e-04	-8.741786e-01	4.373255e-01
1.743375451983134e-04	-8.886608e-01	4.445546e-01
1.792203576983134e-04	-9.023067e-01	4.513652e-01
1.841031701983134e-04	-9.151033e-01	4.577511e-01
1.889859826983134e-04	-9.270386e-01	4.637061e-01
1.938687951983134e-04	-9.381015e-01	4.692247e-01
1.987516076983134e-04	-9.482814e-01	4.743017e-01
2.036344201983134e-04	-9.575688e-01	4.789323e-01
2.085172326983134e-04	-9.659550e-01	4.831121e-01
2.134000451983134e-04	-9.734321e-01	4.868373e-01
2.182828576983134e-04	-9.799930e-01	4.901042e-01
2.231656701983134e-04	-9.856315e-01	4.929099e-01
2.280484826983134e-04	-9.903424e-01	4.952517e-01
2.329312951983134e-04	-9.941213e-01	4.971273e-01
2.378141076983134e-04	-9.969645e-01	4.985351e-01
2.426969201983134e-04	-9.988694e-01	4.994737e-01
2.475797326983134e-04	-9.998341e-01	4.999422e-01
2.524625451983134e-04	-9.998578e-01	4.999402e-01
2.573453576983134e-04	-9.989406e-01	4.994676e-01
2.622281701983134e-04	-9.970831e-01	4.985249e-01
2.671109826983134e-04	-9.942872e-01	4.971131e-01
2.719937951983134e-04	-9.905555e-01	4.952334e-01
2.768766076983134e-04	-9.858916e-01	4.928876e-01
2.817594201983135e-04	-9.802997e-01	4.900779e-01
2.866422326983135e-04	-9.737852e-01	4.868070e-01
2.915250451983135e-04	-9.663543e-01	4.830779e-01
2.964078576983135e-04	-9.580138e-01	4.788941e-01
3.012906701983135e-04	-9.487717e-01	4.742596e-01
3.061734826983135e-04	-9.386365e-01	4.691788e-01
3.110562951983135e-04	-9.276180e-01	4.636564e-01
3.159391076983135e-04	-9.157264e-01	4.576976e-01
3.208219201983135e-04	-9.029730e-01	4.513081e-01
3.257047326983135e-04	-8.893697e-01	4.444938e-01
3.305875451983135e-04	-8.749294e-01	4.372611e-01
3.354703576983135e-04	-8.596656e-01	4.296169e-01
3.403531701983135e-04	-8.435928e-01	4.215684e-01
3.452359826983135e-04	-8.267259e-01	4.131231e-01
3.501187951983135e-04	-8.090810e-01	4.042890e-01
3.550016076983135e-04	-7.906746e-01	3.950744e-01
3.598844201983135e-04	-7.715240e-01	3.854880e-01
3.647672326983135e-04	-7.516473e-01	3.755387e-01
3.696500451983135e-04	-7.310631e-01	3.652360e-01
3.745328576983135e-04	-7.097909e-01	3.545896e-01
3.794156701983135e-04	-6.878507e-01	3.436094e-01
3.842984826983135e-04	-6.652631e-01	3.323059e-01
3.891812951983135e-04	-6.420493e-01	3.206896e-01
3.940641076983136e-04	-6.182312e-01	3.087714e-01
3.989469201983136e-04	-5.938314e-01	2.965627e-01
4.038297326983136e-04	-5.688726e-01	2.840748e-01
4.087125451983136e-04	-5.433784e-01	2.713196e-01
4.135953576983136e-04	-5.173727e-01	2.583090e-01
4.184781701983136e-04	-4.908802e-01	2.450554e-01
4.233609826983136e-04	-4.639256e-01	2.315710e-01
4.282437951983136e-04	-4.365344e-01	2.178688e-01
4.331266076983136e-04	-4.087323e-01	2.039614e-01
4.380094201983136e-04	-3.805456e-01	1.898622e-01
4.428922326983136e-04	-3.520007e-01	1.755842e-01
4.477750451983136e-04	-3.231244e-01	1.611410e-01
4.526578576983136e-04	-2.939441e-01	1.465461e-01
4.575406701983136e-04	-2.644871e-01	1.318133e-01
4.624234826983136e-04	-2.347812e-01	1.169564e-01
4.673062951983136e-04	-2.048543e-01	1.019895e-01
4.721891076983136e-04	-1.747346e-01	8.692654e-02
4.770719201983136e-04	-1.444504e-01	7.178179e-02
4.819547326983136e-04	-1.140303e-01	5.656949e-02
4.868375451983136e-04	-8.350287e-02	4.130395e-02
4.917203576983136e-04	-5.289682e-02	2.599953e-02
4.966031701983136e-04	-2.224099e-02	1.067065e-02
5.014859826983136e-04	8.435783e-03	-4.668285e-03
5.063687951983137e-04	3.910462e-02	-2.000282e-02
5.112516076983137e-04	6.973667e-02	-3.531853e-02
5.161344201983137e-04	1.003031e-01	-5.060100e-02
5.210172326983137e-04	1.307751e-01	-6.583585e-02
5.259000451983137e-04	1.611240e-01	-8.100873e-02
5.307828576983137e-04	1.913213e-01	-9.610537e-02
5.356656701983137e-04	2.213386e-01	-1.111116e-01
5.405484826983137e-04	2.511475e-01	-1.260132e-01
5.454312951983137e-04	2.807201e-01	-1.407962e-01
5.503141076983137e-04	3.100285e-01	-1.554467e-01
5.551969201983137e-04	3.390451e-01	-1.699509e-01
5.600797326983137e-04	3.677426e-01	-1.842951e-01
5.649625451983137e-04	3.960940e-01	-1.984659e-01
5.698453576983137e-04	4.240726e-01	-2.124500e-01
5.747281701983137e-04	4.516521e-01	-2.262340e-01
5.796109826983137e-04	4.788065e-01	-2.398051e-01
5.844937951983137e-04	5.055103e-01	-2.531506e-01
5.893766076983137e-04	5.317383e-01	-2.662578e-01
5.942594201983137e-04	5.574659e-01	-2.791144e-01
5.991422326983137e-04	5.826688e-01	-2.917083e-01
6.040250451983137e-04	6.073234e-01	-3.040276e-01
6.089078576983137e-04	6.314064e-01	-3.160608e-01
6.137906701983137e-04	6.548951e-01	-3.277966e-01
6.186734826983138e-04	6.777674e-01	-3.392238e-01
6.235562951983138e-04	7.000019e-01	-3.503318e-01
6.284391076983138e-04	7.215775e-01	-3.611100e-01
6.333219201983138e-04	7.424741e-01	-3.715484e-01
6.382047326983138e-04	7.626718e-01	-3.816371e-01
6.430875451983138e-04	7.821518e-01	-3.913666e-01
6.479703576983138e-04	8.008956e-01	-4.007278e-01
6.528531701983138e-04	8.188857e-01	-4.097118e-01
6.577359826983138e-04	8.361050e-01	-4.183103e-01
6.626187951983138e-04	8.525375e-01	-4.265150e-01
6.675016076983138e-04	8.681676e-01	-4.343183e-01
6.723844201983138e-04	8.829806e-01	-4.417128e-01
6.772672326983138e-04	8.969625e-01	-4.486916e-01
6.821500451983138e-04	9.101003e-01	-4.552481e-01
6.870328576983138e-04	9.223816e-01	-4.613762e-01
6.919156701983138e-04	9.337947e-01	-4.670700e-01
6.967984826983138e-04	9.443290e-01	-4.723242e-01
7.016812951983138e-04	9.539745e-01	-4.771339e-01
7.065641076983138e-04	9.627222e-01	-4.814945e-01
7.114469201983138e-04	9.705638e-01	-4.854020e-01
7.163297326983138e-04	9.774920e-01	-4.888526e-01
7.212125451983138e-04	9.835002e-01	-4.918432e-01
7.260953576983138e-04	9.885827e-01	-4.943708e-01
7.309781701983139e-04	9.927348e-01	-4.964331e-01
7.358609826983139e-04	9.959527e-01	-4.980282e-01
7.407437951983139e-04	9.982331e-01	-4.991546e-01
7.456266076983139e-04	9.995741e-01	-4.998112e-01
7.505094201983139e-04	9.999743e-01	-4.999974e-01
7.553922326983139e-04	9.994334e-01	-4.997131e-01
7.602750451983139e-04	9.979518e-01	-4.989583e-01
7.651578576983139e-04	9.955310e-01	-4.977341e-01
7.700406701983139e-04	9.921733e-01	-4.960413e-01
7.749234826983139e-04	9.878818e-01	-4.938817e-01
7.798062951983139e-04	9.826605e-01	-4.912573e-01
7.846891076983139e-04	9.765144e-01	-4.881705e-01
7.895719201983139e-04	9.694492e-01	-4.846243e-01
7.944547326983139e-04	9.614716e-01	-4.806219e-01
7.993375451983139e-04	9.525892e-01	-4.761673e-01
8.042203576983139e-04	9.428101e-01	-4.712644e-01
8.091031701983139e-04	9.321438e-01	-4.659180e-01
8.139859826983139e-04	9.206001e-01	-4.601332e-01
8.188687951983139e-04	9.081901e-01	-4.539152e-01
8.237516076983139e-04	8.949252e-01	-4.472701e-01
8.286344201983139e-04	8.808181e-01	-4.402040e-01
8.335172326983139e-04	8.658821e-01	-4.327236e-01
8.384000451983139e-04	8.501310e-01	-4.248359e-01
8.432828576983140e-04	8.335800e-01	-4.165483e-01
8.481656701983140e-04	8.162443e-01	-4.078688e-01
8.530484826983140e-04	7.981404e-01	-3.988054e-01
8.579312951983140e-04	7.792854e-01	-3.893666e-01
8.628141076983140e-04	7.596969e-01	-3.795614e-01
8.676969201983140e-04	7.393935e-01	-3.693989e-01
8.725797326983140e-04	7.183941e-01	-3.588888e-01
8.774625451983140e-04	6.967186e-01	-3.480409e-01
8.823453576983140e-04	6.743875e-01	-3.368654e-01
8.872281701983140e-04	6.514215e-01	-3.253729e-01
8.921109826983140e-04	6.278425e-01	-3.135742e-01
8.969937951983140e-04	6.036727e-01	-3.014803e-01
9.018766076983140e-04	5.789347e-01	-2.891027e-01
9.067594201983140e-04	5.536518e-01	-2.764530e-01
9.116422326983140e-04	5.278478e-01	-2.635431e-01
9.165250451983140e-04	5.015470e-01	-2.503852e-01
9.214078576983140e-04	4.747742e-01	-2.369916e-01
9.262906701983140e-04	4.475546e-01	-2.233750e-01
9.311734826983140e-04	4.199138e-01	-2.095481e-01
9.360562951983140e-04	3.918777e-01	-1.955241e-01
9.409391076983140e-04	3.634729e-01	-1.813160e-01
9.458219201983140e-04	3.347259e-01	-1.669372e-01
9.507047326983140e-04	3.056640e-01	-1.524014e-01
9.555875451983141e-04	2.763143e-01	-1.377221e-01
9.604703576983141e-04	2.467047e-01	-1.229132e-01
9.653531701983141e-04	2.168628e-01	-1.079886e-01
9.702359826983141e-04	1.868168e-01	-9.296232e-02
9.751187951983141e-04	1.565950e-01	-7.784860e-02
9.800016076983141e-04	1.262259e-01	-6.266160e-02
9.848844201983140e-04	9.573790e-02	-4.741564e-02
9.897672326983139e-04	6.515983e-02	-3.212504e-02
9.946500451983138e-04	3.452046e-02	-1.680421e-02
9.995328576983137e-04	3.848599e-03	-1.467569e-03
1.004415670198314e-03	-2.682688e-02	1.387046e-02
1.009298482698313e-03	-5.747710e-02	2.919543e-02
1.014181295198313e-03	-8.807322e-02	4.449292e-02
1.019064107698313e-03	-1.185865e-01	5.974854e-02
1.023946920198313e-03	-1.489881e-01	7.494793e-02
1.028829732698313e-03	-1.792494e-01	9.007677e-02
1.033712545198313e-03	-2.093421e-01	1.051208e-01
1.038595357698313e-03	-2.392377e-01	1.200660e-01
1.043478170198313e-03	-2.689082e-01	1.348981e-01
1.048360982698313e-03	-2.983256e-01	1.496033e-01
1.053243795198313e-03	-3.274622e-01	1.641677e-01
1.058126607698312e-03	-3.562906e-01	1.785775e-01
1.063009420198312e-03	-3.847837e-01	1.928193e-01
1.067892232698312e-03	-4.129145e-01	2.068796e-01
1.072775045198312e-03	-4.406568e-01	2.207452e-01
1.077657857698312e-03	-4.679844e-01	2.344031e-01
1.082540670198312e-03	-4.948715e-01	2.478403e-01
1.087423482698312e-03	-5.212928e-01	2.610443e-01
1.092306295198312e-03	-5.472235e-01	2.740026e-01
1.097189107698312e-03	-5.726392e-01	2.867030e-01
1.102071920198311e-03	-5.975159e-01	2.991336e-01
1.106954732698311e-03	-6.218302e-01	3.112826e-01
1.111837545198311e-03	-6.455593e-01	3.231387e-01
1.116720357698311e-03	-6.686808e-01	3.346906e-01
1.121603170198311e-03	-6.911730e-01	3.459276e-01
1.126485982698311e-03	-7.130147e-01	3.568389e-01
1.131368795198311e-03	-7.341852e-01	3.674145e-01
1.136251607698311e-03	-7.546648e-01	3.776442e-01
1.141134420198311e-03	-7.744341e-01	3.875185e-01
1.146017232698311e-03	-7.934746e-01	3.970281e-01
1.150900045198310e-03	-8.117682e-01	4.061640e-01
1.155782857698310e-03	-8.292978e-01	4.149177e-01
1.160665670198310e-03	-8.460469e-01	4.232808e-01
1.165548482698310e-03	-8.619998e-01	4.312456e-01
1.170431295198310e-03	-8.771414e-01	4.388045e-01
1.175314107698310e-03	-8.914573e-01	4.459504e-01
1.180196920198310e-03	-9.049343e-01	4.526766e-01
1.185079732698310e-03	-9.175596e-01	4.589767e-01
1.189962545198310e-03	-9.293213e-01	4.648449e-01
1.194845357698309e-03	-9.402084e-01	4.702756e-01
1.199728170198309e-03	-9.502106e-01	4.752637e-01
1.204610982698309e-03	-9.593184e-01	4.798045e-01
1.209493795198309e-03	-9.675234e-01	4.838936e-01
1.214376607698309e-03	-9.748178e-01	4.875274e-01
1.219259420198309e-03	-9.811947e-01	4.907024e-01
1.224142232698309e-03	-9.866481e-01	4.934154e-01
1.229025045198309e-03	-9.911729e-01	4.956641e-01
1.233907857698309e-03	-9.947649e-01	4.974464e-01
1.238790670198309e-03	-9.974205e-01	4.987604e-01
1.243673482698308e-03	-9.991375e-01	4.996050e-01
1.248556295198308e-03	-9.999142e-01	4.999794e-01
1.253439107698308e-03	-9.997497e-01	4.998833e-01
1.258321920198308e-03	-9.986442e-01	4.993166e-01
1.263204732698308e-03	-9.965990e-01	4.982801e-01
1.268087545198308e-03	-9.936156e-01	4.967746e-01
1.272970357698308e-03	-9.896972e-01	4.948015e-01
1.277853170198308e-03	-9.848473e-01	4.923627e-01
1.282735982698308e-03	-9.790705e-01	4.894605e-01
1.287618795198308e-03	-9.723722e-01	4.860977e-01
1.292501607698307e-03	-9.647587e-01	4.822774e-01
1.297384420198307e-03	-9.562372e-01	4.780031e-01
1.302267232698307e-03	-9.468157e-01	4.732790e-01
1.307150045198307e-03	-9.365032e-01	4.681095e-01
1.312032857698307e-03	-9.253092e-01	4.624994e-01
1.316915670198307e-03	-9.132443e-01	4.564540e-01
1.321798482698307e-03	-9.003199e-01	4.499790e-01
1.326681295198307e-03	-8.865482e-01	4.430805e-01
1.331564107698307e-03	-8.719421e-01	4.357650e-01
1.336446920198306e-03	-8.565153e-01	4.280393e-01
1.341329732698306e-03	-8.402824e-01	4.199108e-01
1.346212545198306e-03	-8.232586e-01	4.113871e-01
1.351095357698306e-03	-8.054601e-01	4.024763e-01
1.355978170198306e-03	-7.869034e-01	3.931866e-01
1.360860982698306e-03	-7.676061e-01	3.835269e-01
1.365743795198306e-03	-7.475864e-01	3.735062e-01
1.370626607698306e-03	-7.268631e-01	3.631339e-01
1.375509420198306e-03	-7.054557e-01	3.524199e-01
1.380392232698306e-03	-6.833843e-01	3.413742e-01
1.385275045198305e-03	-6.606697e-01	3.300073e-01
1.390157857698305e-03	-6.373333e-01	3.183297e-01
1.395040670198305e-03	-6.133971e-01	3.063526e-01
1.399923482698305e-03	-5.888836e-01	2.940871e-01
1.404806295198305e-03	-5.638158e-01	2.815448e-01
1.409689107698305e-03	-5.382174e-01	2.687375e-01
1.414571920198305e-03	-5.121124e-01	2.556773e-01
1.419454732698305e-03	-4.855254e-01	2.423765e-01
1.424337545198305e-03	-4.584815e-01	2.288476e-01
1.429220357698304e-03	-4.310060e-01	2.151033e-01
1.434103170198304e-03	-4.031249e-01	2.011565e-01
1.438985982698304e-03	-3.748644e-01	1.870205e-01
1.443868795198304e-03	-3.462510e-01	1.727083e-01
1.448751607698304e-03	-3.173118e-01	1.582337e-01
1.453634420198304e-03	-2.880740e-01	1.436101e-01
1.458517232698304e-03	-2.585649e-01	1.288514e-01
1.463400045198304e-03	-2.288126e-01	1.139714e-01
1.468282857698304e-03	-1.988449e-01	9.898411e-02
1.473165670198304e-03	-1.686900e-01	8.390368e-02
1.478048482698303e-03	-1.383764e-01	6.874428e-02
1.482931295198303e-03	-1.079325e-01	5.352018e-02
1.487814107698303e-03	-7.738703e-02	3.824572e-02
1.492696920198303e-03	-4.676872e-02	2.293525e-02
1.497579732698303e-03	-1.610639e-02	7.603201e-03
1.502462545198303e-03	1.457111e-02	-7.736005e-03
1.507345357698303e-03	4.523490e-02	-2.306793e-02
1.512228170198303e-03	7.585612e-02	-3.837815e-02
1.517110982698303e-03	1.064060e-01	-5.365224e-02
1.521993795198303e-03	1.368556e-01	-6.887584e-02
1.526876607698302e-03	1.671765e-01	-8.403461e-02
1.531759420198302e-03	1.973401e-01	-9.911430e-02
1.536642232698302e-03	2.273179e-01	-1.141007e-01
1.541525045198302e-03	2.570818e-01	-1.289797e-01
1.546407857698302e-03	2.866038e-01	-1.437373e-01
1.551290670198302e-03	3.158560e-01	-1.583597e-01
1.556173482698302e-03	3.448110e-01	-1.728330e-01
1.561056295198302e-03	3.734414e-01	-1.871436e-01
1.565939107698302e-03	4.017204e-01	-2.012781e-01
1.570821920198301e-03	4.296212e-01	-2.152232e-01
1.575704732698301e-03	4.571178e-01	-2.289657e-01
1.580587545198301e-03	4.841841e-01	-2.424927e-01
1.585470357698301e-03	5.107948e-01	-2.557915e-01
1.590353170198301e-03	5.369247e-01	-2.688495e-01
1.595235982698301e-03	5.625492e-01	-2.816545e-01
1.600118795198301e-03	5.876444e-01	-2.941945e-01
1.605001607698301e-03	6.121864e-01	-3.064575e-01
1.609884420198301e-03	6.361524e-01	-3.184321e-01
1.614767232698301e-03	6.595196e-01	-3.301071e-01
1.619650045198300e-03	6.822660e-01	-3.414713e-01
1.624532857698300e-03	7.043704e-01	-3.525141e-01
1.629415670198300e-03	7.258118e-01	-3.632252e-01
1.634298482698300e-03	7.465702e-01	-3.735944e-01
1.639181295198300e-03	7.666258e-01	-3.836121e-01
1.644064107698300e-03	7.859600e-01	-3.932686e-01
1.648946920198300e-03	8.045545e-01	-4.025550e-01
1.653829732698300e-03	8.223917e-01	-4.114626e-01
1.658712545198300e-03	8.394550e-01	-4.199829e-01
1.663595357698300e-03	8.557282e-01	-4.281080e-01
1.668478170198299e-03	8.711960e-01	-4.358301e-01
1.673360982698299e-03	8.858439e-01	-4.431420e-01
1.678243795198299e-03	8.996580e-01	-4.500369e-01
1.683126607698299e-03	9.126255e-01	-4.565082e-01
1.688009420198299e-03	9.247340e-01	-4.625498e-01
1.692892232698299e-03	9.359722e-01	-4.681562e-01
1.697775045198299e-03	9.463295e-01	-4.733219e-01
1.702657857698299e-03	9.557962e-01	-4.780421e-01
1.707540670198299e-03	9.643633e-01	-4.823124e-01
1.712423482698298e-03	9.720228e-01	-4.861288e-01
1.717306295198298e-03	9.787674e-01	-4.894876e-01
1.722189107698298e-03	9.845909e-01	-4.923858e-01
1.727071920198298e-03	9.894877e-01	-4.948205e-01
1.731954732698298e-03	9.934533e-01	-4.967896e-01
1.736837545198298e-03	9.964838e-01	-4.982911e-01
1.741720357698298e-03	9.985765e-01	-4.993236e-01
1.746603170198298e-03	9.997294e-01	-4.998861e-01
1.751485982698298e-03	9.999414e-01	-4.999782e-01
1.756368795198298e-03	9.992123e-01	-4.995997e-01
1.761251607698297e-03	9.975427e-01	-4.987510e-01
1.766134420198297e-03	9.949344e-01	-4.974329e-01
1.771017232698297e-03	9.913896e-01	-4.956467e-01
1.775900045198297e-03	9.869118e-01	-4.933940e-01
1.780782857698297e-03	9.815051e-01	-4.906769e-01
1.785665670198297e-03	9.751747e-01	-4.874979e-01
1.790548482698297e-03	9.679264e-01	-4.838602e-01
1.795431295198297e-03	9.597673e-01	-4.797671e-01
1.800314107698297e-03	9.507048e-01	-4.752224e-01
1.805196920198296e-03	9.407476e-01	-4.702305e-01
1.810079732698296e-03	9.299049e-01	-4.647960e-01
1.814962545198296e-03	9.181871e-01	-4.589240e-01
1.819845357698296e-03	9.056051e-01	-4.526202e-01
1.824728170198296e-03	8.921708e-01	-4.458903e-01
1.829610982698296e-03	8.778968e-01	-4.387408e-01
1.834493795198296e-03	8.627966e-01	-4.311784e-01
1.839376607698296e-03	8.468844e-01	-4.232101e-01
1.844259420198296e-03	8.301750e-01	-4.148436e-01
1.849142232698296e-03	8.126844e-01	-4.060866e-01
1.854025045198295e-03	7.944289e-01	-3.969474e-01
1.858907857698295e-03	7.754258e-01	-3.874346e-01
1.863790670198295e-03	7.556928e-01	-3.775572e-01
1.868673482698295e-03	7.352486e-01	-3.673244e-01
1.873556295198295e-03	7.141125e-01	-3.567459e-01
1.878439107698295e-03	6.923042e-01	-3.458317e-01
1.883321920198295e-03	6.698444e-01	-3.345920e-01
1.888204732698295e-03	6.467541e-01	-3.230373e-01
1.893087545198295e-03	6.230552e-01	-3.111787e-01
1.897970357698295e-03	5.987698e-01	-2.990271e-01
1.902853170198294e-03	5.739209e-01	-2.865942e-01
1.907735982698294e-03	5.485319e-01	-2.738915e-01
1.912618795198294e-03	5.226266e-01	-2.609310e-01
1.917501607698294e-03	4.962294e-01	-2.477250e-01
1.922384420198294e-03	4.693652e-01	-2.342857e-01
1.927267232698294e-03	4.420593e-01	-2.206260e-01
1.932150045198294e-03	4.143374e-01	-2.067587e-01
1.937032857698294e-03	3.862254e-01	-1.926968e-01
1.941915670198294e-03	3.577500e-01	-1.784534e-01
1.946798482698293e-03	3.289379e-01	-1.640422e-01
1.951681295198293e-03	2.998162e-01	-1.494765e-01
1.956564107698293e-03	2.704123e-01	-1.347702e-01
1.961446920198293e-03	2.407540e-01	-1.199370e-01
1.966329732698293e-03	2.108690e-01	-1.049910e-01
1.971212545198293e-03	1.807856e-01	-8.994613e-02
1.976095357698293e-03	1.505321e-01	-7.481661e-02
1.980978170198293e-03	1.201368e-01	-5.961667e-02
1.985860982698293e-03	8.962857e-02	-4.436063e-02
1.990743795198293e-03	5.903595e-02	-2.906284e-02
1.995626607698293e-03	2.838776e-02	-1.373769e-02
2.000509420198293e-03	-2.287132e-03	1.600388e-03
2.005392232698292e-03	-3.295987e-02	1.693696e-02
2.010275045198292e-03	-6.360158e-02	3.225759e-02
2.015157857698292e-03	-9.418342e-02	4.754786e-02
2.020040670198292e-03	-1.246766e-01	6.279337e-02
2.024923482698292e-03	-1.550525e-01	7.797980e-02
2.029806295198292e-03	-1.852824e-01	9.309283e-02
2.034689107698292e-03	-2.153379e-01	1.081182e-01
2.039571920198292e-03	-2.451908e-01	1.230419e-01
2.044454732698292e-03	-2.748128e-01	1.378497e-01
2.049337545198291e-03	-3.041762e-01	1.525279e-01
2.054220357698291e-03	-3.332534e-01	1.670624e-01
2.059103170198291e-03	-3.620169e-01	1.814397e-01
2.063985982698291e-03	-3.904397e-01	1.956463e-01
2.068868795198291e-03	-4.184949e-01	2.096687e-01
2.073751607698291e-03	-4.461564e-01	2.234938e-01
2.078634420198291e-03	-4.733979e-01	2.371086e-01
2.083517232698291e-03	-5.001938e-01	2.505002e-01
2.088400045198291e-03	-5.265190e-01	2.636560e-01
2.093282857698291e-03	-5.523486e-01	2.765637e-01
2.098165670198290e-03	-5.776584e-01	2.892111e-01
2.103048482698290e-03	-6.024245e-01	3.015863e-01
2.107931295198290e-03	-6.266236e-01	3.136776e-01
2.112814107698290e-03	-6.502329e-01	3.254738e-01
2.117696920198290e-03	-6.732303e-01	3.369636e-01
2.122579732698290e-03	-6.955940e-01	3.481362e-01
2.127462545198290e-03	-7.173031e-01	3.589813e-01
2.132345357698290e-03	-7.383370e-01	3.694884e-01
2.137228170198290e-03	-7.586761e-01	3.796478e-01
2.142110982698290e-03	-7.783011e-01	3.894499e-01
2.146993795198289e-03	-7.971936e-01	3.988855e-01
2.151876607698289e-03	-8.153358e-01	4.079456e-01
2.156759420198289e-03	-8.327106e-01	4.166218e-01
2.161642232698289e-03	-8.493017e-01	4.249059e-01
2.166525045198289e-03	-8.650935e-01	4.327901e-01
2.171407857698289e-03	-8.800710e-01	4.402669e-01
2.176290670198289e-03	-8.942203e-01	4.473294e-01
2.181173482698289e-03	-9.075279e-01	4.539709e-01
2.186056295198289e-03	-9.199814e-01	4.601851e-01
2.190939107698288e-03	-9.315690e-01	4.659662e-01
2.195821920198288e-03	-9.422799e-01	4.713088e-01
2.200704732698288e-03	-9.521040e-01	4.762078e-01
2.205587545198288e-03	-9.610319e-01	4.806585e-01
2.210470357698288e-03	-9.690554e-01	4.846570e-01
2.215353170198288e-03	-9.761667e-01	4.881992e-01
2.220235982698288e-03	-9.823594e-01	4.912820e-01
2.225118795198288e-03	-9.876275e-01	4.939024e-01
2.230001607698288e-03	-9.919661e-01	4.960580e-01
2.234884420198288e-03	-9.953710e-01	4.977467e-01
2.239767232698287e-03	-9.978392e-01	4.989669e-01
2.244650045198287e-03	-9.993681e-01	4.997175e-01
2.249532857698287e-03	-9.999565e-01	4.999979e-01
2.254415670198287e-03	-9.996038e-01	4.998076e-01
2.259298482698287e-03	-9.983103e-01	4.991469e-01
2.264181295198287e-03	-9.960772e-01	4.980164e-01
2.269064107698287e-03	-9.929067e-01	4.964173e-01
2.273946920198287e-03	-9.888016e-01	4.943509e-01
2.278829732698287e-03	-9.837659e-01	4.918193e-01
2.283712545198286e-03	-9.778043e-01	4.888247e-01
2.288595357698286e-03	-9.709225e-01	4.853701e-01
2.293478170198286e-03	-9.631268e-01	4.814587e-01
2.298360982698286e-03	-9.544246e-01	4.770942e-01
2.303243795198286e-03	-9.448242e-01	4.722806e-01
2.308126607698286e-03	-9.343346e-01	4.670226e-01
2.313009420198286e-03	-9.229655e-01	4.613250e-01
2.317892232698286e-03	-9.107279e-01	4.551932e-01
2.322775045198286e-03	-8.976330e-01	4.486330e-01
2.327657857698286e-03	-8.836933e-01	4.416505e-01
2.332540670198285e-03	-8.689219e-01	4.342524e-01
2.337423482698285e-03	-8.533328e-01	4.264456e-01
2.342306295198285e-03	-8.369404e-01	4.182375e-01
2.347189107698285e-03	-8.197604e-01	4.096357e-01
2.352071920198285e-03	-8.018088e-01	4.006484e-01
2.356954732698285e-03	-7.831026e-01	3.912840e-01
2.361837545198285e-03	-7.636594e-01	3.815513e-01
2.366720357698285e-03	-7.434974e-01	3.714595e-01
2.371603170198285e-03	-7.226357e-01	3.610182e-01
2.376485982698285e-03	-7.010939e-01	3.502370e-01
2.381368795198284e-03	-6.788921e-01	3.391262e-01
2.386251607698284e-03	-6.560515e-01	3.276963e-01
2.391134420198284e-03	-6.325933e-01	3.159579e-01
2.396017232698284e-03	-6.085398e-01	3.039222e-01
2.400900045198284e-03	-5.839136e-01	2.916004e-01
2.405782857698284e-03	-5.587378e-01	2.790042e-01
2.410665670198284e-03	-5.330361e-01	2.661453e-01
2.415548482698284e-03	-5.068327e-01	2.530361e-01
2.420431295198284e-03	-4.801524e-01	2.396886e-01
2.425314107698283e-03	-4.530201e-01	2.261156e-01
2.430196920198283e-03	-4.254614e-01	2.123297e-01
2.435079732698283e-03	-3.975023e-01	1.983440e-01
2.439962545198283e-03	-3.691691e-01	1.841717e-01
2.444845357698283e-03	-3.404884e-01	1.698260e-01
2.449728170198283e-03	-3.114873e-01	1.553205e-01
2.454610982698283e-03	-2.821929e-01	1.406687e-01
2.459493795198283e-03	-2.526331e-01	1.258846e-01
2.464376607698283e-03	-2.228354e-01	1.109821e-01
2.469259420198283e-03	-1.928280e-01	9.597503e-02
2.474142232698282e-03	-1.626391e-01	8.087766e-02
2.479025045198282e-03	-1.322971e-01	6.570418e-02
2.483907857698282e-03	-1.018306e-01	5.046886e-02
2.488790670198282e-03	-7.126827e-02	3.518604e-02
2.493673482698282e-03	-4.063885e-02	1.987011e-02
2.498556295198282e-03	-9.971177e-03	4.535470e-03
2.503439107698282e-03	2.070589e-02	-1.080343e-02
2.508321920198282e-03	5.136347e-02	-2.613217e-02
2.513204732698282e-03	8.197272e-02	-4.143631e-02
2.518087545198282e-03	1.125048e-01	-5.670146e-02
2.522970357698281e-03	1.429310e-01	-7.191323e-02
2.527853170198281e-03	1.732228e-01	-8.705733e-02
2.532735982698281e-03	2.033514e-01	-1.021195e-01
2.537618795198281e-03	2.332887e-01	-1.170855e-01
2.542501607698281e-03	2.630065e-01	-1.319414e-01
2.547384420198281e-03	2.924767e-01	-1.466731e-01
2.552267232698281e-03	3.216717e-01	-1.612667e-01
2.557150045198281e-03	3.505639e-01	-1.757085e-01
2.562032857698281e-03	3.791262e-01	-1.899850e-01
2.566915670198280e-03	4.073316e-01	-2.040827e-01
2.571798482698280e-03	4.351538e-01	-2.179883e-01
2.576681295198280e-03	4.625663e-01	-2.316887e-01
2.581564107698280e-03	4.895435e-01	-2.451711e-01
2.586446920198280e-03	5.160600e-01	-2.584228e-01
2.591329732698280e-03	5.420908e-01	-2.714312e-01
2.596212545198280e-03	5.676114e-01	-2.841841e-01
2.601095357698280e-03	5.925978e-01	-2.966696e-01
2.605978170198280e-03	6.170264e-01	-3.088759e-01
2.610860982698280e-03	6.408744e-01	-3.207915e-01
2.615743795198279e-03	6.641192e-01	-3.324051e-01
2.620626607698279e-03	6.867390e-01	-3.437059e-01
2.625509420198279e-03	7.087123e-01	-3.546832e-01
2.630392232698279e-03	7.300188e-01	-3.653267e-01
2.635275045198279e-03	7.506381e-01	-3.756264e-01
2.640157857698279e-03	7.705510e-01	-3.855726e-01
2.645040670198279e-03	7.897387e-01	-3.951558e-01
2.649923482698279e-03	8.081831e-01	-4.043671e-01
2.654806295198279e-03	8.258668e-01	-4.131979e-01
2.659689107698278e-03	8.427733e-01	-4.216398e-01
2.664571920198278e-03	8.588867e-01	-4.296849e-01
2.669454732698278e-03	8.741916e-01	-4.373255e-01
2.674337545198278e-03	8.886738e-01	-4.445546e-01
2.679220357698278e-03	9.023197e-01	-4.513652e-01
2.684103170198278e-03	9.151163e-01	-4.577511e-01
2.688985982698278e-03	9.270517e-01	-4.637061e-01
2.693868795198278e-03	9.381145e-01	-4.692247e-01
2.698751607698278e-03	9.482944e-01	-4.743017e-01
2.703634420198278e-03	9.575818e-01	-4.789323e-01
2.708517232698277e-03	9.659680e-01	-4.831121e-01
2.713400045198277e-03	9.734451e-01	-4.868373e-01
2.718282857698277e-03	9.800060e-01	-4.901042e-01
2.723165670198277e-03	9.856445e-01	-4.929099e-01
2.728048482698277e-03	9.903554e-01	-4.952517e-01
2.732931295198277e-03	9.941342e-01	-4.971273e-01
2.737814107698277e-03	9.969774e-01	-4.985351e-01
2.742696920198277e-03	9.988824e-01	-4.994737e-01
2.747579732698277e-03	9.998471e-01	-4.999422e-01
2.752462545198277e-03	9.998708e-01	-4.999402e-01
2.757345357698276e-03	9.989536e-01	-4.994676e-01
2.762228170198276e-03	9.970961e-01	-4.985249e-01
2.767110982698276e-03	9.943002e-01	-4.971131e-01
2.771993795198276e-03	9.905685e-01	-4.952334e-01
2.776876607698276e-03	9.859046e-01	-4.928876e-01
2.781759420198276e-03	9.803127e-01	-4.900779e-01
2.786642232698276e-03	9.737983e-01	-4.868070e-01
2.791525045198276e-03	9.663672e-01	-4.830779e-01
2.796407857698276e-03	9.580268e-01	-4.788941e-01
2.801290670198275e-03	9.487846e-01	-4.742596e-01
2.806173482698275e-03	9.386495e-01	-4.691788e-01
2.811056295198275e-03	9.276310e-01	-4.636564e-01
2.815939107698275e-03	9.157395e-01	-4.576976e-01
2.820821920198275e-03	9.029860e-01	-4.513081e-01
2.825704732698275e-03	8.893828e-01	-4.444938e-01
2.830587545198275e-03	8.749424e-01	-4.372611e-01
2.835470357698275e-03	8.596786e-01	-4.296169e-01
2.840353170198275e-03	8.436058e-01	-4.215684e-01
2.845235982698275e-03	8.267390e-01	-4.131231e-01
2.850118795198274e-03	8.090940e-01	-4.042890e-01
2.855001607698274e-03	7.906876e-01	-3.950744e-01
2.859884420198274e-03	7.715370e-01	-3.854880e-01
2.864767232698274e-03	7.516603e-01	-3.755387e-01
2.869650045198274e-03	7.310761e-01	-3.652360e-01
2.874532857698274e-03	7.098039e-01	-3.545896e-01
2.879415670198274e-03	6.878637e-01	-3.436094e-01
2.884298482698274e-03	6.652761e-01	-3.323059e-01
2.889181295198274e-03	6.420623e-01	-3.206896e-01
2.894064107698273e-03	6.182442e-01	-3.087714e-01
2.898946920198273e-03	5.938444e-01	-2.965627e-01
2.903829732698273e-03	5.688856e-01	-2.840748e-01
2.908712545198273e-03	5.433913e-01	-2.713196e-01
2.913595357698273e-03	5.173857e-01	-2.583090e-01
2.918478170198273e-03	4.908932e-01	-2.450554e-01
2.923360982698273e-03	4.639386e-01	-2.315710e-01
2.928243795198273e-03	4.365474e-01	-2.178688e-01
2.933126607698273e-03	4.087453e-01	-2.039614e-01
2.938009420198273e-03	3.805586e-01	-1.898622e-01
2.942892232698272e-03	3.520136e-01	-1.755842e-01
2.947775045198272e-03	3.231374e-01	-1.611410e-01
2.952657857698272e-03	2.939571e-01	-1.465461e-01
2.957540670198272e-03	2.645001e-01	-1.318133e-01
2.962423482698272e-03	2.347942e-01	-1.169564e-01
2.967306295198272e-03	2.048673e-01	-1.019895e-01
2.972189107698272e-03	1.747476e-01	-8.692654e-02
2.977071920198272e-03	1.444634e-01	-7.178179e-02
2.981954732698272e-03	1.140433e-01	-5.656949e-02
2.986837545198272e-03	8.351588e-02	-4.130395e-02
2.991720357698271e-03	5.290983e-02	-2.599953e-02
2.996603170198271e-03	2.225400e-02	-1.067065e-02
3.001485982698271e-03	-8.422775e-03	4.668285e-03
3.006368795198271e-03	-3.909161e-02	2.000282e-02
3.011251607698271e-03	-6.972366e-02	3.531853e-02
3.016134420198271e-03	-1.002901e-01	5.060100e-02
3.021017232698271e-03	-1.307621e-01	6.583585e-02
3.025900045198271e-03	-1.611110e-01	8.100873e-02
3.030782857698271e-03	-1.913083e-01	9.610537e-02
3.035665670198270e-03	-2.213256e-01	1.111116e-01
3.040548482698270e-03	-2.511345e-01	1.260132e-01
3.045431295198270e-03	-2.807071e-01	1.407962e-01
3.050314107698270e-03	-3.100155e-01	1.554467e-01
3.055196920198270e-03	-3.390321e-01	1.699509e-01
3.060079732698270e-03	-3.677296e-01	1.842951e-01
3.064962545198270e-03	-3.960810e-01	1.984659e-01
3.069845357698270e-03	-4.240596e-01	2.124500e-01
3.074728170198270e-03	-4.516391e-01	2.262340e-01
3.079610982698270e-03	-4.787935e-01	2.398051e-01
3.084493795198269e-03	-5.054973e-01	2.531506e-01
3.089376607698269e-03	-5.317253e-01	2.662578e-01
3.094259420198269e-03	-5.574529e-01	2.791144e-01
3.099142232698269e-03	-5.826558e-01	2.917083e-01
3.104025045198269e-03	-6.073104e-01	3.040276e-01
3.108907857698269e-03	-6.313934e-01	3.160608e-01
3.113790670198269e-03	-6.548821e-01	3.277966e-01
3.118673482698269e-03	-6.777544e-01	3.392238e-01
3.123556295198269e-03	-6.999889e-01	3.503318e-01
3.128439107698268e-03	-7.215645e-01	3.611100e-01
3.133321920198268e-03	-7.424611e-01	3.715484e-01
3.138204732698268e-03	-7.626588e-01	3.816371e-01
3.143087545198268e-03	-7.821388e-01	3.913666e-01
3.147970357698268e-03	-8.008826e-01	4.007278e-01
3.152853170198268e-03	-8.188727e-01	4.097118e-01
3.157735982698268e-03	-8.360921e-01	4.183103e-01
3.162618795198268e-03	-8.525245e-01	4.265150e-01
3.167501607698268e-03	-8.681546e-01	4.343183e-01
3.172384420198268e-03	-8.829676e-01	4.417128e-01
3.177267232698267e-03	-8.969495e-01	4.486916e-01
3.182150045198267e-03	-9.100873e-01	4.552481e-01
3.187032857698267e-03	-9.223686e-01	4.613762e-01
3.191915670198267e-03	-9.337817e-01	4.670700e-01
3.196798482698267e-03	-9.443160e-01	4.723242e-01
3.201681295198267e-03	-9.539616e-01	4.771339e-01
3.206564107698267e-03	-9.627092e-01	4.814945e-01
3.211446920198267e-03	-9.705508e-01	4.854020e-01
3.216329732698267e-03	-9.774790e-01	4.888526e-01
3.221212545198267e-03	-9.834871e-01	4.918432e-01
3.226095357698266e-03	-9.885697e-01	4.943708e-01
3.230978170198266e-03	-9.927219e-01	4.964331e-01
3.235860982698266e-03	-9.959397e-01	4.980282e-01
3.240743795198266e-03	-9.982201e-01	4.991546e-01
3.245626607698266e-03	-9.995611e-01	4.998112e-01
3.250509420198266e-03	-9.999613e-01	4.999974e-01
3.255392232698266e-03	-9.994203e-01	4.997131e-01
3.260275045198266e-03	-9.979388e-01	4.989583e-01
3.265157857698266e-03	-9.955180e-01	4.977341e-01
3.270040670198265e-03	-9.921603e-01	4.960413e-01
3.274923482698265e-03	-9.878688e-01	4.938817e-01
3.279806295198265e-03	-9.826475e-01	4.912573e-01
3.284689107698265e-03	-9.765014e-01	4.881705e-01
3.289571920198265e-03	-9.694362e-01	4.846243e-01
3.294454732698265e-03	-9.614586e-01	4.806219e-01
3.299337545198265e-03	-9.525762e-01	4.761673e-01
3.304220357698265e-03	-9.427971e-01	4.712644e-01
3.309103170198265e-03	-9.321308e-01	4.659180e-01
3.313985982698265e-03	-9.205871e-01	4.601332e-01
3.318868795198264e-03	-9.081771e-01	4.539152e-01
3.323751607698264e-03	-8.949122e-01	4.472701e-01
3.328634420198264e-03	-8.808051e-01	4.402040e-01
3.333517232698264e-03	-8.658690e-01	4.327236e-01
3.338400045198264e-03	-8.501180e-01	4.248359e-01
3.343282857698264e-03	-8.335670e-01	4.165483e-01
3.348165670198264e-03	-8.162313e-01	4.078688e-01
3.353048482698264e-03	-7.981274e-01	3.988054e-01
3.357931295198264e-03	-7.792724e-01	3.893666e-01
3.362814107698263e-03	-7.596839e-01	3.795614e-01
3.367696920198263e-03	-7.393804e-01	3.693989e-01
3.372579732698263e-03	-7.183811e-01	3.588888e-01
3.377462545198263e-03	-6.967056e-01	3.480409e-01
3.382345357698263e-03	-6.743745e-01	3.368654e-01
3.387228170198263e-03	-6.514086e-01	3.253729e-01
3.392110982698263e-03	-6.278296e-01	3.135742e-01
3.396993795198263e-03	-6.036597e-01	3.014803e-01
3.401876607698263e-03	-5.789217e-01	2.891027e-01
3.406759420198263e-03	-5.536388e-01	2.764530e-01
3.411642232698262e-03	-5.278348e-01	2.635431e-01
3.416525045198262e-03	-5.015340e-01	2.503852e-01
3.421407857698262e-03	-4.747612e-01	2.369916e-01
3.426290670198262e-03	-4.475416e-01	2.233750e-01
3.431173482698262e-03	-4.199008e-01	2.095481e-01
3.436056295198262e-03	-3.918647e-01	1.955241e-01
3.440939107698262e-03	-3.634599e-01	1.813160e-01
3.445821920198262e-03	-3.347130e-01	1.669372e-01
3.450704732698262e-03	-3.056510e-01	1.524014e-01
3.455587545198262e-03	-2.763013e-01	1.377221e-01
3.460470357698261e-03	-2.466916e-01	1.229132e-01
3.465353170198261e-03	-2.168498e-01	1.079886e-01
3.470235982698261e-03	-1.868038e-01	9.296232e-02
3.475118795198261e-03	-1.565820e-01	7.784860e-02
3.480001607698261e-03	-1.262129e-01	6.266160e-02
3.484884420198261e-03	-9.572489e-02	4.741564e-02
3.489767232698261e-03	-6.514683e-02	3.212504e-02
3.494650045198261e-03	-3.450745e-02	1.680421e-02
3.499532857698261e-03	-3.835591e-03	1.467569e-03
3.504415670198260e-03	2.683989e-02	-1.387046e-02
3.509298482698260e-03	5.749011e-02	-2.919543e-02
3.514181295198260e-03	8.808623e-02	-4.449292e-02
3.519064107698260e-03	1.185995e-01	-5.974854e-02
3.523946920198260e-03	1.490011e-01	-7.494793e-02
3.528829732698260e-03	1.792624e-01	-9.007677e-02
3.533712545198260e-03	2.093551e-01	-1.051208e-01
3.538595357698260e-03	2.392507e-01	-1.200660e-01
3.543478170198260e-03	2.689212e-01	-1.348981e-01
3.548360982698260e-03	2.983386e-01	-1.496033e-01
3.553243795198259e-03	3.274752e-01	-1.641677e-01
3.558126607698259e-03	3.563036e-01	-1.785775e-01
3.563009420198259e-03	3.847966e-01	-1.928193e-01
3.567892232698259e-03	4.129276e-01	-2.068796e-01
3.572775045198259e-03	4.406698e-01	-2.207452e-01
3.577657857698259e-03	4.679974e-01	-2.344031e-01
3.582540670198259e-03	4.948845e-01	-2.478403e-01
3.587423482698259e-03	5.213058e-01	-2.610443e-01
3.592306295198259e-03	5.472365e-01	-2.740026e-01
3.597189107698258e-03	5.726522e-01	-2.867030e-01
3.602071920198258e-03	5.975289e-01	-2.991336e-01
3.606954732698258e-03	6.218432e-01	-3.112826e-01
3.611837545198258e-03	6.455723e-01	-3.231387e-01
3.616720357698258e-03	6.686938e-01	-3.346906e-01
3.621603170198258e-03	6.911860e-01	-3.459276e-01
3.626485982698258e-03	7.130277e-01	-3.568389e-01
3.631368795198258e-03	7.341982e-01	-3.674145e-01
3.636251607698258e-03	7.546778e-01	-3.776442e-01
3.641134420198258e-03	7.744471e-01	-3.875185e-01
3.646017232698257e-03	7.934875e-01	-3.970281e-01
3.650900045198257e-03	8.117812e-01	-4.061640e-01
3.655782857698257e-03	8.293108e-01	-4.149177e-01
3.660665670198257e-03	8.460600e-01	-4.232808e-01
3.665548482698257e-03	8.620128e-01	-4.312456e-01
3.670431295198257e-03	8.771544e-01	-4.388045e-01
3.675314107698257e-03	8.914704e-01	-4.459504e-01
3.680196920198257e-03	9.049473e-01	-4.526766e-01
3.685079732698257e-03	9.175726e-01	-4.589767e-01
3.689962545198257e-03	9.293343e-01	-4.648449e-01
3.694845357698256e-03	9.402214e-01	-4.702756e-01
3.699728170198256e-03	9.502236e-01	-4.752637e-01
3.704610982698256e-03	9.593315e-01	-4.798045e-01
3.709493795198256e-03	9.675364e-01	-4.838936e-01
3.714376607698256e-03	9.748307e-01	-4.875274e-01
3.719259420198256e-03	9.812077e-01	-4.907024e-01
3.724142232698256e-03	9.866611e-01	-4.934154e-01
3.729025045198256e-03	9.911859e-01	-4.956641e-01
3.733907857698256e-03	9.947779e-01	-4.974464e-01
3.738790670198255e-03	9.974335e-01	-4.987604e-01
3.743673482698255e-03	9.991505e-01	-4.996050e-01
3.748556295198255e-03	9.999272e-01	-4.999794e-01
3.753439107698255e-03	9.997627e-01	-4.998833e-01
3.758321920198255e-03	9.986572e-01	-4.993166e-01
3.763204732698255e-03	9.966120e-01	-4.982801e-01
3.768087545198255e-03	9.936287e-01	-4.967746e-01
3.772970357698255e-03	9.897102e-01	-4.948015e-01
3.777853170198255e-03	9.848603e-01	-4.923627e-01
3.782735982698255e-03	9.790835e-01	-4.894605e-01
3.787618795198254e-03	9.723852e-01	-4.860977e-01
3.792501607698254e-03	9.647717e-01	-4.822774e-01
3.797384420198254e-03	9.562502e-01	-4.780031e-01
3.802267232698254e-03	9.468288e-01	-4.732790e-01
3.807150045198254e-03	9.365162e-01	-4.681095e-01
3.812032857698254e-03	9.253222e-01	-4.624994e-01
3.816915670198254e-03	9.132574e-01	-4.564540e-01
3.821798482698254e-03	9.003330e-01	-4.499790e-01
3.826681295198254e-03	8.865612e-01	-4.430805e-01
3.831564107698254e-03	8.719551e-01	-4.357650e-01
3.836446920198253e-03	8.565283e-01	-4.280393e-01
3.841329732698253e-03	8.402954e-01	-4.199108e-01
3.846212545198253e-03	8.232717e-01	-4.113871e-01
3.851095357698253e-03	8.054731e-01	-4.024763e-01
3.855978170198253e-03	7.869164e-01	-3.931866e-01
3.860860982698253e-03	7.676191e-01	-3.835269e-01
3.865743795198253e-03	7.475994e-01	-3.735062e-01
3.870626607698253e-03	7.268761e-01	-3.631339e-01
3.875509420198253e-03	7.054687e-01	-3.524199e-01
3.880392232698252e-03	6.833973e-01	-3.413742e-01
3.885275045198252e-03	6.606827e-01	-3.300073e-01
3.890157857698252e-03	6.373463e-01	-3.183297e-01
3.895040670198252e-03	6.134101e-01	-3.063526e-01
3.899923482698252e-03	5.888966e-01	-2.940871e-01
3.904806295198252e-03	5.638288e-01	-2.815448e-01
3.909689107698252e-03	5.382304e-01	-2.687375e-01
3.914571920198252e-03	5.121254e-01	-2.556773e-01
3.919454732698252e-03	4.855384e-01	-2.423765e-01
3.924337545198252e-03	4.584945e-01	-2.288476e-01
3.929220357698252e-03	4.310190e-01	-2.151033e-01
3.934103170198252e-03	4.031379e-01	-2.011565e-01
3.938985982698252e-03	3.748774e-01	-1.870205e-01
3.943868795198252e-03	3.462640e-01	-1.727083e-01
3.948751607698251e-03	3.173248e-01	-1.582337e-01
3.953634420198251e-03	2.880870e-01	-1.436101e-01
3.958517232698251e-03	2.585780e-01	-1.288514e-01
3.963400045198251e-03	2.288256e-01	-1.139714e-01
3.968282857698251e-03	1.988579e-01	-9.898411e-02
3.973165670198251e-03	1.687030e-01	-8.390368e-02
3.978048482698251e-03	1.383894e-01	-6.874428e-02
3.982931295198251e-03	1.079455e-01	-5.352018e-02
3.987814107698251e-03	7.740004e-02	-3.824572e-02
3.992696920198251e-03	4.678173e-02	-2.293525e-02
3.997579732698250e-03	1.611939e-02	-7.603201e-03
4.002462545198250e-03	-1.455810e-02	7.736005e-03
4.007345357698250e-03	-4.522189e-02	2.306793e-02
4.012228170198250e-03	-7.584311e-02	3.837815e-02
4.017110982698250e-03	-1.063929e-01	5.365224e-02
4.021993795198250e-03	-1.368426e-01	6.887584e-02
4.026876607698250e-03	-1.671635e-01	8.403461e-02
4.031759420198250e-03	-1.973271e-01	9.911430e-02
4.036642232698250e-03	-2.273049e-01	1.141007e-01
4.041525045198249e-03	-2.570688e-01	1.289797e-01
4.046407857698249e-03	-2.865908e-01	1.437373e-01
4.051290670198249e-03	-3.158430e-01	1.583597e-01
4.056173482698249e-03	-3.447980e-01	1.728330e-01
4.061056295198249e-03	-3.734284e-01	1.871436e-01
4.065939107698249e-03	-4.017074e-01	2.012781e-01
4.070821920198249e-03	-4.296083e-01	2.152232e-01
4.075704732698249e-03	-4.571048e-01	2.289657e-01
4.080587545198249e-03	-4.841711e-01	2.424927e-01
4.085470357698249e-03	-5.107818e-01	2.557915e-01
4.090353170198248e-03	-5.369117e-01	2.688495e-01
4.095235982698248e-03	-5.625362e-01	2.816545e-01
4.100118795198248e-03	-5.876314e-01	2.941945e-01
4.105001607698248e-03	-6.121734e-01	3.064575e-01
4.109884420198248e-03	-6.361393e-01	3.184321e-01
4.114767232698248e-03	-6.595066e-01	3.301071e-01
4.119650045198248e-03	-6.822530e-01	3.414713e-01
4.124532857698248e-03	-7.043574e-01	3.525141e-01
4.129415670198248e-03	-7.257988e-01	3.632252e-01
4.134298482698247e-03	-7.465571e-01	3.735944e-01
4.139181295198247e-03	-7.666128e-01	3.836121e-01
4.144064107698247e-03	-7.859470e-01	3.932686e-01
4.148946920198247e-03	-8.045415e-01	4.025550e-01
4.153829732698247e-03	-8.223788e-01	4.114626e-01
4.158712545198247e-03	-8.394420e-01	4.199829e-01
4.163595357698247e-03	-8.557152e-01	4.281080e-01
4.168478170198247e-03	-8.711830e-01	4.358301e-01
4.173360982698247e-03	-8.858309e-01	4.431420e-01
4.178243795198247e-03	-8.996450e-01	4.500369e-01
4.183126607698246e-03	-9.126125e-01	4.565082e-01
4.188009420198246e-03	-9.247210e-01	4.625498e-01
4.192892232698246e-03	-9.359592e-01	4.681562e-01
4.197775045198246e-03	-9.463165e-01	4.733219e-01
4.202657857698246e-03	-9.557832e-01	4.780421e-01
4.207540670198246e-03	-9.643503e-01	4.823124e-01
4.212423482698246e-03	-9.720097e-01	4.861288e-01
4.217306295198246e-03	-9.787544e-01	4.894876e-01
4.222189107698246e-03	-9.845779e-01	4.923858e-01
4.227071920198246e-03	-9.894747e-01	4.948205e-01
4.231954732698245e-03	-9.934403e-01	4.967896e-01
4.236837545198245e-03	-9.964708e-01	4.982911e-01
4.241720357698245e-03	-9.985635e-01	4.993236e-01
4.246603170198245e-03	-9.997164e-01	4.998861e-01
4.251485982698245e-03	-9.999284e-01	4.999782e-01
4.256368795198245e-03	-9.991993e-01	4.995997e-01
4.261251607698245e-03	-9.975297e-01	4.987510e-01
4.266134420198245e-03	-9.949214e-01	4.974329e-01
4.271017232698245e-03	-9.913766e-01	4.956467e-01
4.275900045198244e-03	-9.868988e-01	4.933940e-01
4.280782857698244e-03	-9.814921e-01	4.906769e-01
4.285665670198244e-03	-9.751617e-01	4.874979e-01
4.290548482698244e-03	-9.679134e-01	4.838602e-01
4.295431295198244e-03	-9.597543e-01	4.797671e-01
4.300314107698244e-03	-9.506918e-01	4.752224e-01
4.305196920198244e-03	-9.407346e-01	4.702305e-01
4.310079732698244e-03	-9.298919e-01	4.647960e-01
4.314962545198244e-03	-9.181741e-01	4.589240e-01
4.319845357698244e-03	-9.055921e-01	4.526202e-01
4.324728170198243e-03	-8.921578e-01	4.458903e-01
4.329610982698243e-03	-8.778838e-01	4.387408e-01
4.334493795198243e-03	-8.627836e-01	4.311784e-01
4.339376607698243e-03	-8.468714e-01	4.232101e-01
4.344259420198243e-03	-8.301620e-01	4.148436e-01
4.349142232698243e-03	-8.126714e-01	4.060866e-01
4.354025045198243e-03	-7.944160e-01	3.969474e-01
4.358907857698243e-03	-7.754128e-01	3.874346e-01
4.363790670198243e-03	-7.556798e-01	3.775572e-01
4.368673482698242e-03	-7.352356e-01	3.673244e-01
4.373556295198242e-03	-7.140995e-01	3.567459e-01
4.378439107698242e-03	-6.922912e-01	3.458317e-01
4.383321920198242e-03	-6.698313e-01	3.345920e-01
4.388204732698242e-03	-6.467411e-01	3.230373e-01
4.393087545198242e-03	-6.230421e-01	3.111787e-01
4.397970357698242e-03	-5.987568e-01	2.990271e-01
4.402853170198242e-03	-5.739079e-01	2.865942e-01
4.407735982698242e-03	-5.485189e-01	2.738915e-01
4.412618795198242e-03	-5.226136e-01	2.609310e-01
4.417501607698241e-03	-4.962164e-01	2.477250e-01
4.422384420198241e-03	-4.693522e-01	2.342857e-01
4.427267232698241e-03	-4.420463e-01	2.206260e-01
4.432150045198241e-03	-4.143243e-01	2.067587e-01
4.437032857698241e-03	-3.862124e-01	1.926968e-01
4.441915670198241e-03	-3.577370e-01	1.784534e-01
4.446798482698241e-03	-3.289249e-01	1.640422e-01
4.451681295198241e-03	-2.998032e-01	1.494765e-01
4.456564107698241e-03	-2.703993e-01	1.347702e-01
4.461446920198241e-03	-2.407410e-01	1.199370e-01
4.466329732698240e-03	-2.108560e-01	1.049910e-01
4.471212545198240e-03	-1.807726e-01	8.994613e-02
4.476095357698240e-03	-1.505191e-01	7.481661e-02
4.480978170198240e-03	-1.201238e-01	5.961667e-02
4.485860982698240e-03	-8.961557e-02	4.436063e-02
4.490743795198240e-03	-5.902294e-02	2.906284e-02
4.495626607698240e-03	-2.837476e-02	1.373769e-02
4.500509420198240e-03	2.300139e-03	-1.600388e-03
4.505392232698240e-03	3.297288e-02	-1.693696e-02
4.510275045198239e-03	6.361458e-02	-3.225759e-02
4.515157857698239e-03	9.419642e-02	-4.754786e-02
4.520040670198239e-03	1.246896e-01	-6.279337e-02
4.524923482698239e-03	1.550655e-01	-7.797980e-02
4.529806295198239e-03	1.852954e-01	-9.309283e-02
4.534689107698239e-03	2.153509e-01	-1.081182e-01
4.539571920198239e-03	2.452038e-01	-1.230419e-01
4.544454732698239e-03	2.748258e-01	-1.378497e-01
4.549337545198239e-03	3.041893e-01	-1.525279e-01
4.554220357698239e-03	3.332664e-01	-1.670624e-01
4.559103170198238e-03	3.620299e-01	-1.814397e-01
4.563985982698238e-03	3.904527e-01	-1.956463e-01
4.568868795198238e-03	4.185080e-01	-2.096687e-01
4.573751607698238e-03	4.461694e-01	-2.234938e-01
4.578634420198238e-03	4.734109e-01	-2.371086e-01
4.583517232698238e-03	5.002068e-01	-2.505002e-01
4.588400045198238e-03	5.265320e-01	-2.636560e-01
4.593282857698238e-03	5.523616e-01	-2.765637e-01
4.598165670198238e-03	5.776714e-01	-2.892111e-01
4.603048482698237e-03	6.024375e-01	-3.015863e-01
4.607931295198237e-03	6.266366e-01	-3.136776e-01
4.612814107698237e-03	6.502460e-01	-3.254738e-01
4.617696920198237e-03	6.732433e-01	-3.369636e-01
4.622579732698237e-03	6.956071e-01	-3.481362e-01
4.627462545198237e-03	7.173161e-01	-3.589813e-01
4.632345357698237e-03	7.383500e-01	-3.694884e-01
4.637228170198237e-03	7.586891e-01	-3.796478e-01
4.642110982698237e-03	7.783141e-01	-3.894499e-01
4.646993795198237e-03	7.972066e-01	-3.988855e-01
4.651876607698236e-03	8.153488e-01	-4.079456e-01
4.656759420198236e-03	8.327236e-01	-4.166218e-01
4.661642232698236e-03	8.493147e-01	-4.249059e-01
4.666525045198236e-03	8.651065e-01	-4.327901e-01
4.671407857698236e-03	8.800840e-01	-4.402669e-01
4.676290670198236e-03	8.942333e-01	-4.473294e-01
4.681173482698236e-03	9.075409e-01	-4.539709e-01
4.686056295198236e-03	9.199944e-01	-4.601851e-01
4.690939107698236e-03	9.315821e-01	-4.659662e-01
4.695821920198236e-03	9.422929e-01	-4.713088e-01
4.700704732698235e-03	9.521170e-01	-4.762078e-01
4.705587545198235e-03	9.610449e-01	-4.806585e-01
4.710470357698235e-03	9.690683e-01	-4.846570e-01
4.715353170198235e-03	9.761798e-01	-4.881992e-01
4.720235982698235e-03	9.823724e-01	-4.912820e-01
4.725118795198235e-03	9.876405e-01	-4.939024e-01
4.730001607698235e-03	9.919791e-01	-4.960580e-01
4.734884420198235e-03	9.953840e-01	-4.977467e-01
4.739767232698235e-03	9.978521e-01	-4.989669e-01
4.744650045198234e-03	9.993811e-01	-4.997175e-01
4.749532857698234e-03	9.999695e-01	-4.999979e-01
4.754415670198234e-03	9.996169e-01	-4.998076e-01
4.759298482698234e-03	9.983233e-01	-4.991469e-01
4.764181295198234e-03	9.960902e-01	-4.980164e-01
4.769064107698234e-03	9.929197e-01	-4.964173e-01
4.773946920198234e-03	9.888146e-01	-4.943509e-01
4.778829732698234e-03	9.837789e-01	-4.918193e-01
4.783712545198234e-03	9.778174e-01	-4.888247e-01
4.788595357698234e-03	9.709355e-01	-4.853701e-01
4.793478170198233e-03	9.631398e-01	-4.814587e-01
4.798360982698233e-03	9.544377e-01	-4.770942e-01
4.803243795198233e-03	9.448372e-01	-4.722806e-01
4.808126607698233e-03	9.343476e-01	-4.670226e-01
4.813009420198233e-03	9.229785e-01	-4.613250e-01
4.817892232698233e-03	9.107409e-01	-4.551932e-01
4.822775045198233e-03	8.976460e-01	-4.486330e-01
4.827657857698233e-03	8.837063e-01	-4.416505e-01
4.832540670198233e-03	8.689349e-01	-4.342524e-01
4.837423482698232e-03	8.533458e-01	-4.264456e-01
4.842306295198232e-03	8.369535e-01	-4.182375e-01
4.847189107698232e-03	8.197734e-01	-4.096357e-01
4.852071920198232e-03	8.018218e-01	-4.006484e-01
4.856954732698232e-03	7.831156e-01	-3.912840e-01
4.861837545198232e-03	7.636724e-01	-3.815513e-01
4.866720357698232e-03	7.435104e-01	-3.714595e-01
4.871603170198232e-03	7.226487e-01	-3.610182e-01
4.876485982698232e-03	7.011068e-01	-3.502370e-01
4.881368795198232e-03	6.789051e-01	-3.391262e-01
4.886251607698231e-03	6.560645e-01	-3.276963e-01
4.891134420198231e-03	6.326063e-01	-3.159579e-01
4.896017232698231e-03	6.085529e-01	-3.039222e-01
4.900900045198231e-03	5.839266e-01	-2.916004e-01
4.905782857698231e-03	5.587508e-01	-2.790042e-01
4.910665670198231e-03	5.330491e-01	-2.661453e-01
4.915548482698231e-03	5.068458e-01	-2.530361e-01
4.920431295198231e-03	4.801654e-01	-2.396886e-01
4.925314107698231e-03	4.530331e-01	-2.261156e-01
4.930196920198231e-03	4.254744e-01	-2.123297e-01
4.935079732698230e-03	3.975153e-01	-1.983440e-01
4.939962545198230e-03	3.691821e-01	-1.841717e-01
4.944845357698230e-03	3.405014e-01	-1.698260e-01
4.949728170198230e-03	3.115003e-01	-1.553205e-01
4.954610982698230e-03	2.822060e-01	-1.406687e-01
4.959493795198230e-03	2.526461e-01	-1.258846e-01
4.964376607698230e-03	2.228484e-01	-1.109821e-01
4.969259420198230e-03	1.928410e-01	-9.597503e-02
4.974142232698230e-03	1.626521e-01	-8.087766e-02
4.979025045198229e-03	1.323101e-01	-6.570418e-02
4.983907857698229e-03	1.018436e-01	-5.046886e-02
4.988790670198229e-03	7.128128e-02	-3.518604e-02
4.993673482698229e-03	4.065186e-02	-1.987011e-02
4.998556295198229e-03	9.984184e-03	-4.535470e-03
5.000000000000000e-03	9.134418e-04	-6.123234e-16
