time	V(vin1)	V(vin2)	V(vout)
0.000000000000000e+00	-1.000000e+00	-1.500000e+00	2.499933e+00
1.000000000000000e-09	1.000000e+00	1.500000e+00	2.508073e+00
3.594379978384565e-09	1.000000e+00	1.500000e+00	2.505377e+00
6.559385667966924e-09	1.000000e+00	1.500000e+00	2.498573e+00
1.248939704713164e-08	1.000000e+00	1.500000e+00	2.474811e+00
2.434941980546108e-08	1.000000e+00	1.500000e+00	2.396487e+00
3.782097954877718e-08	1.000000e+00	1.500000e+00	2.273059e+00
5.549055075345766e-08	1.000000e+00	1.500000e+00	2.080041e+00
7.495963141013195e-08	1.000000e+00	1.500000e+00	1.846005e+00
1.015581262184854e-07	1.000000e+00	1.500000e+00	1.511133e+00
1.340905050550815e-07	1.000000e+00	1.500000e+00	1.092864e+00
1.827433424994328e-07	1.000000e+00	1.500000e+00	4.631758e-01
2.528737314601069e-07	1.000000e+00	1.500000e+00	-4.249948e-01
3.329228088105619e-07	1.000000e+00	1.500000e+00	-1.294242e+00
4.119112986875977e-07	1.000000e+00	1.500000e+00	-1.874139e+00
4.571373372554452e-07	1.000000e+00	1.500000e+00	-2.077647e+00
5.116903421321248e-07	1.000000e+00	1.500000e+00	-2.239994e+00
5.600513792949690e-07	1.000000e+00	1.500000e+00	-2.331351e+00
6.115082635883711e-07	1.000000e+00	1.500000e+00	-2.393895e+00
6.656012692855204e-07	1.000000e+00	1.500000e+00	-2.434896e+00
7.233019569927468e-07	1.000000e+00	1.500000e+00	-2.461384e+00
7.755349099967919e-07	1.000000e+00	1.500000e+00	-2.475875e+00
8.289990064774240e-07	1.000000e+00	1.500000e+00	-2.485089e+00
8.809050050932361e-07	1.000000e+00	1.500000e+00	-2.490638e+00
9.348565137441736e-07	1.000000e+00	1.500000e+00	-2.494221e+00
9.875259361778840e-07	1.000000e+00	1.500000e+00	-2.496379e+00
1.042697560199510e-06	1.000000e+00	1.500000e+00	-2.497771e+00
1.110483123957274e-06	1.000000e+00	1.500000e+00	-2.498764e+00
1.189769577386118e-06	1.000000e+00	1.500000e+00	-2.499366e+00
1.288641442537180e-06	1.000000e+00	1.500000e+00	-2.499704e+00
1.409653660152093e-06	1.000000e+00	1.500000e+00	-2.499855e+00
1.799293936974652e-06	1.000000e+00	1.500000e+00	-2.499921e+00
5.000100000000000e-05	1.000000e+00	1.500000e+00	-2.499921e+00
5.000200000000000e-05	-1.000000e+00	-1.500000e+00	-2.508097e+00
5.000442007505463e-05	-1.000000e+00	-1.500000e+00	-2.505642e+00
5.000684015010927e-05	-1.000000e+00	-1.500000e+00	-2.500975e+00
5.000926022516391e-05	-1.000000e+00	-1.500000e+00	-2.494094e+00
5.001168030021855e-05	-1.000000e+00	-1.500000e+00	-2.485001e+00
5.001410037527318e-05	-1.000000e+00	-1.500000e+00	-2.473695e+00
5.001652045032782e-05	-1.000000e+00	-1.500000e+00	-2.460177e+00
5.001894052538246e-05	-1.000000e+00	-1.500000e+00	-2.444445e+00
5.003233030944395e-05	-1.000000e+00	-1.500000e+00	-2.337262e+00
5.004734702477041e-05	-1.000000e+00	-1.500000e+00	-2.183589e+00
5.006630497611983e-05	-1.000000e+00	-1.500000e+00	-1.962972e+00
5.008836860401295e-05	-1.000000e+00	-1.500000e+00	-1.688259e+00
5.011825721180875e-05	-1.000000e+00	-1.500000e+00	-1.304404e+00
5.021540787507419e-05	-1.000000e+00	-1.500000e+00	-4.080341e-02
5.028030971920899e-05	-1.000000e+00	-1.500000e+00	7.595947e-01
5.035495294203993e-05	-1.000000e+00	-1.500000e+00	1.496747e+00
5.040334855401857e-05	-1.000000e+00	-1.500000e+00	1.829287e+00
5.045628391283318e-05	-1.000000e+00	-1.500000e+00	2.076355e+00
5.051260276729230e-05	-1.000000e+00	-1.500000e+00	2.243415e+00
5.056361971429482e-05	-1.000000e+00	-1.500000e+00	2.337581e+00
5.061290810163998e-05	-1.000000e+00	-1.500000e+00	2.395711e+00
5.066488833380238e-05	-1.000000e+00	-1.500000e+00	2.434736e+00
5.072178253581769e-05	-1.000000e+00	-1.500000e+00	2.460998e+00
5.077544138243153e-05	-1.000000e+00	-1.500000e+00	2.475962e+00
5.082880315384821e-05	-1.000000e+00	-1.500000e+00	2.485134e+00
5.088089885934062e-05	-1.000000e+00	-1.500000e+00	2.490687e+00
5.093439181473707e-05	-1.000000e+00	-1.500000e+00	2.494231e+00
5.098728224853863e-05	-1.000000e+00	-1.500000e+00	2.496397e+00
5.104227355083726e-05	-1.000000e+00	-1.500000e+00	2.497783e+00
5.111036207070355e-05	-1.000000e+00	-1.500000e+00	2.498780e+00
5.118940858644221e-05	-1.000000e+00	-1.500000e+00	2.499378e+00
5.128862169077261e-05	-1.000000e+00	-1.500000e+00	2.499717e+00
5.140937167715871e-05	-1.000000e+00	-1.500000e+00	2.499867e+00
5.179923717962845e-05	-1.000000e+00	-1.500000e+00	2.499933e+00
9.999999999999999e-05	-1.000000e+00	-1.500000e+00	2.499933e+00
1.000010000000000e-04	1.000000e+00	1.500000e+00	2.508111e+00
1.000034202156172e-04	1.000000e+00	1.500000e+00	2.505676e+00
1.000058404312343e-04	1.000000e+00	1.500000e+00	2.501046e+00
1.000082606468515e-04	1.000000e+00	1.500000e+00	2.494222e+00
1.000106808624687e-04	1.000000e+00	1.500000e+00	2.485203e+00
1.000131010780859e-04	1.000000e+00	1.500000e+00	2.473990e+00
1.000155212937031e-04	1.000000e+00	1.500000e+00	2.460581e+00
1.000179415093202e-04	1.000000e+00	1.500000e+00	2.444978e+00
1.000313294329507e-04	1.000000e+00	1.500000e+00	2.338686e+00
1.000463469597690e-04	1.000000e+00	1.500000e+00	2.186244e+00
1.000653063626744e-04	1.000000e+00	1.500000e+00	1.967341e+00
1.000873785480554e-04	1.000000e+00	1.500000e+00	1.694592e+00
1.001172849738582e-04	1.000000e+00	1.500000e+00	1.313220e+00
1.002145843991544e-04	1.000000e+00	1.500000e+00	5.476203e-02
1.002798886894506e-04	1.000000e+00	1.500000e+00	-7.487343e-01
1.003550982032631e-04	1.000000e+00	1.500000e+00	-1.492130e+00
1.004041081308099e-04	1.000000e+00	1.500000e+00	-1.829254e+00
1.004563509288997e-04	1.000000e+00	1.500000e+00	-2.073492e+00
1.005123805254178e-04	1.000000e+00	1.500000e+00	-2.240864e+00
1.005639581017198e-04	1.000000e+00	1.500000e+00	-2.336774e+00
1.006134741528568e-04	1.000000e+00	1.500000e+00	-2.395399e+00
1.006653686090250e-04	1.000000e+00	1.500000e+00	-2.434480e+00
1.007223489612727e-04	1.000000e+00	1.500000e+00	-2.460871e+00
1.007760088442928e-04	1.000000e+00	1.500000e+00	-2.475879e+00
1.008294274303533e-04	1.000000e+00	1.500000e+00	-2.485085e+00
1.008815018733068e-04	1.000000e+00	1.500000e+00	-2.490650e+00
1.009350353090239e-04	1.000000e+00	1.500000e+00	-2.494206e+00
1.009879254194774e-04	1.000000e+00	1.500000e+00	-2.496377e+00
1.010428647962510e-04	1.000000e+00	1.500000e+00	-2.497765e+00
1.011108981307374e-04	1.000000e+00	1.500000e+00	-2.498764e+00
1.011898680408759e-04	1.000000e+00	1.500000e+00	-2.499364e+00
1.012889887276520e-04	1.000000e+00	1.500000e+00	-2.499704e+00
1.014095825787788e-04	1.000000e+00	1.500000e+00	-2.499855e+00
1.017987566846920e-04	1.000000e+00	1.500000e+00	-2.499921e+00
1.500010000000000e-04	1.000000e+00	1.500000e+00	-2.499921e+00
1.500020000000000e-04	-1.000000e+00	-1.500000e+00	-2.508097e+00
1.500044200750546e-04	-1.000000e+00	-1.500000e+00	-2.505642e+00
1.500068401501092e-04	-1.000000e+00	-1.500000e+00	-2.500975e+00
1.500092602251638e-04	-1.000000e+00	-1.500000e+00	-2.494094e+00
1.500116803002184e-04	-1.000000e+00	-1.500000e+00	-2.485001e+00
1.500141003752730e-04	-1.000000e+00	-1.500000e+00	-2.473695e+00
1.500165204503276e-04	-1.000000e+00	-1.500000e+00	-2.460177e+00
1.500189405253822e-04	-1.000000e+00	-1.500000e+00	-2.444445e+00
1.500323303094436e-04	-1.000000e+00	-1.500000e+00	-2.337262e+00
1.500473470247700e-04	-1.000000e+00	-1.500000e+00	-2.183589e+00
1.500663049761194e-04	-1.000000e+00	-1.500000e+00	-1.962972e+00
1.500883686040124e-04	-1.000000e+00	-1.500000e+00	-1.688259e+00
1.501182572118081e-04	-1.000000e+00	-1.500000e+00	-1.304404e+00
1.502154078750728e-04	-1.000000e+00	-1.500000e+00	-4.080341e-02
1.502803097192082e-04	-1.000000e+00	-1.500000e+00	7.595947e-01
1.503549529420394e-04	-1.000000e+00	-1.500000e+00	1.496747e+00
1.504033485540184e-04	-1.000000e+00	-1.500000e+00	1.829287e+00
1.504562839128325e-04	-1.000000e+00	-1.500000e+00	2.076355e+00
1.505126027672914e-04	-1.000000e+00	-1.500000e+00	2.243415e+00
1.505636197142942e-04	-1.000000e+00	-1.500000e+00	2.337581e+00
1.506129081016395e-04	-1.000000e+00	-1.500000e+00	2.395711e+00
1.506648883338018e-04	-1.000000e+00	-1.500000e+00	2.434736e+00
1.507217825358171e-04	-1.000000e+00	-1.500000e+00	2.460998e+00
1.507754413824309e-04	-1.000000e+00	-1.500000e+00	2.475962e+00
1.508288031538476e-04	-1.000000e+00	-1.500000e+00	2.485134e+00
1.508808988593401e-04	-1.000000e+00	-1.500000e+00	2.490687e+00
1.509343918147364e-04	-1.000000e+00	-1.500000e+00	2.494231e+00
1.509872822485381e-04	-1.000000e+00	-1.500000e+00	2.496397e+00
1.510422735508367e-04	-1.000000e+00	-1.500000e+00	2.497783e+00
1.511103620707032e-04	-1.000000e+00	-1.500000e+00	2.498780e+00
1.511894085864405e-04	-1.000000e+00	-1.500000e+00	2.499378e+00
1.512886216907708e-04	-1.000000e+00	-1.500000e+00	2.499717e+00
1.514093716771595e-04	-1.000000e+00	-1.500000e+00	2.499867e+00
1.517992371796231e-04	-1.000000e+00	-1.500000e+00	2.499933e+00
2.000000000000000e-04	-1.000000e+00	-1.500000e+00	2.499933e+00
2.000010000000000e-04	1.000000e+00	1.500000e+00	2.508111e+00
2.000034202156171e-04	1.000000e+00	1.500000e+00	2.505676e+00
2.000058404312342e-04	1.000000e+00	1.500000e+00	2.501046e+00
2.000082606468514e-04	1.000000e+00	1.500000e+00	2.494222e+00
2.000106808624685e-04	1.000000e+00	1.500000e+00	2.485203e+00
2.000131010780857e-04	1.000000e+00	1.500000e+00	2.473990e+00
2.000155212937028e-04	1.000000e+00	1.500000e+00	2.460581e+00
2.000179415093199e-04	1.000000e+00	1.500000e+00	2.444978e+00
2.000313294329504e-04	1.000000e+00	1.500000e+00	2.338686e+00
2.000463469597687e-04	1.000000e+00	1.500000e+00	2.186244e+00
2.000653063626740e-04	1.000000e+00	1.500000e+00	1.967341e+00
2.000873785480548e-04	1.000000e+00	1.500000e+00	1.694592e+00
2.001172849738575e-04	1.000000e+00	1.500000e+00	1.313220e+00
2.002145843991531e-04	1.000000e+00	1.500000e+00	5.476203e-02
2.002798886894498e-04	1.000000e+00	1.500000e+00	-7.487343e-01
2.003550982032626e-04	1.000000e+00	1.500000e+00	-1.492130e+00
2.004041081308099e-04	1.000000e+00	1.500000e+00	-1.829254e+00
2.004563509288992e-04	1.000000e+00	1.500000e+00	-2.073492e+00
2.005123805254171e-04	1.000000e+00	1.500000e+00	-2.240864e+00
2.005639581017193e-04	1.000000e+00	1.500000e+00	-2.336774e+00
2.006134741528564e-04	1.000000e+00	1.500000e+00	-2.395399e+00
2.006653686090246e-04	1.000000e+00	1.500000e+00	-2.434480e+00
2.007223489612723e-04	1.000000e+00	1.500000e+00	-2.460871e+00
2.007760088442925e-04	1.000000e+00	1.500000e+00	-2.475879e+00
2.008294274303529e-04	1.000000e+00	1.500000e+00	-2.485085e+00
2.008815018733064e-04	1.000000e+00	1.500000e+00	-2.490650e+00
2.009350353090235e-04	1.000000e+00	1.500000e+00	-2.494206e+00
2.009879254194771e-04	1.000000e+00	1.500000e+00	-2.496377e+00
2.010428647962506e-04	1.000000e+00	1.500000e+00	-2.497765e+00
2.011108981307368e-04	1.000000e+00	1.500000e+00	-2.498764e+00
2.011898680408749e-04	1.000000e+00	1.500000e+00	-2.499364e+00
2.012889887276511e-04	1.000000e+00	1.500000e+00	-2.499704e+00
2.014095825787764e-04	1.000000e+00	1.500000e+00	-2.499855e+00
2.017987566846944e-04	1.000000e+00	1.500000e+00	-2.499921e+00
2.500010000000000e-04	1.000000e+00	1.500000e+00	-2.499921e+00
2.500020000000000e-04	-1.000000e+00	-1.500000e+00	-2.508097e+00
2.500044200750547e-04	-1.000000e+00	-1.500000e+00	-2.505642e+00
2.500068401501093e-04	-1.000000e+00	-1.500000e+00	-2.500975e+00
2.500092602251640e-04	-1.000000e+00	-1.500000e+00	-2.494094e+00
2.500116803002187e-04	-1.000000e+00	-1.500000e+00	-2.485001e+00
2.500141003752734e-04	-1.000000e+00	-1.500000e+00	-2.473695e+00
2.500165204503280e-04	-1.000000e+00	-1.500000e+00	-2.460177e+00
2.500189405253827e-04	-1.000000e+00	-1.500000e+00	-2.444445e+00
2.500323303094442e-04	-1.000000e+00	-1.500000e+00	-2.337262e+00
2.500473470247707e-04	-1.000000e+00	-1.500000e+00	-2.183589e+00
2.500663049761202e-04	-1.000000e+00	-1.500000e+00	-1.962972e+00
2.500883686040135e-04	-1.000000e+00	-1.500000e+00	-1.688259e+00
2.501182572118093e-04	-1.000000e+00	-1.500000e+00	-1.304404e+00
2.502154078750754e-04	-1.000000e+00	-1.500000e+00	-4.080341e-02
2.502803097192097e-04	-1.000000e+00	-1.500000e+00	7.595947e-01
2.503549529420404e-04	-1.000000e+00	-1.500000e+00	1.496747e+00
2.504033485540186e-04	-1.000000e+00	-1.500000e+00	1.829287e+00
2.504562839128337e-04	-1.000000e+00	-1.500000e+00	2.076355e+00
2.505126027672930e-04	-1.000000e+00	-1.500000e+00	2.243415e+00
2.505636197142953e-04	-1.000000e+00	-1.500000e+00	2.337581e+00
2.506129081016403e-04	-1.000000e+00	-1.500000e+00	2.395711e+00
2.506648883338028e-04	-1.000000e+00	-1.500000e+00	2.434736e+00
2.507217825358181e-04	-1.000000e+00	-1.500000e+00	2.460998e+00
2.507754413824319e-04	-1.000000e+00	-1.500000e+00	2.475962e+00
2.508288031538486e-04	-1.000000e+00	-1.500000e+00	2.485134e+00
2.508808988593409e-04	-1.000000e+00	-1.500000e+00	2.490687e+00
2.509343918147373e-04	-1.000000e+00	-1.500000e+00	2.494231e+00
2.509872822485393e-04	-1.000000e+00	-1.500000e+00	2.496397e+00
2.510422735508378e-04	-1.000000e+00	-1.500000e+00	2.497783e+00
2.511103620707043e-04	-1.000000e+00	-1.500000e+00	2.498780e+00
2.511894085864420e-04	-1.000000e+00	-1.500000e+00	2.499378e+00
2.512886216907736e-04	-1.000000e+00	-1.500000e+00	2.499717e+00
2.514093716771625e-04	-1.000000e+00	-1.500000e+00	2.499867e+00
2.517992371796313e-04	-1.000000e+00	-1.500000e+00	2.499933e+00
3.000000000000000e-04	-1.000000e+00	-1.500000e+00	2.499933e+00
3.000010000000000e-04	1.000000e+00	1.500000e+00	2.508111e+00
3.000034202156172e-04	1.000000e+00	1.500000e+00	2.505676e+00
3.000058404312344e-04	1.000000e+00	1.500000e+00	2.501046e+00
3.000082606468516e-04	1.000000e+00	1.500000e+00	2.494222e+00
3.000106808624688e-04	1.000000e+00	1.500000e+00	2.485203e+00
3.000131010780860e-04	1.000000e+00	1.500000e+00	2.473990e+00
3.000155212937032e-04	1.000000e+00	1.500000e+00	2.460581e+00
3.000179415093205e-04	1.000000e+00	1.500000e+00	2.444978e+00
3.000313294329509e-04	1.000000e+00	1.500000e+00	2.338686e+00
3.000463469597694e-04	1.000000e+00	1.500000e+00	2.186244e+00
3.000653063626747e-04	1.000000e+00	1.500000e+00	1.967341e+00
3.000873785480559e-04	1.000000e+00	1.500000e+00	1.694592e+00
3.001172849738588e-04	1.000000e+00	1.500000e+00	1.313220e+00
3.002145843991557e-04	1.000000e+00	1.500000e+00	5.476203e-02
3.002798886894512e-04	1.000000e+00	1.500000e+00	-7.487343e-01
3.003550982032634e-04	1.000000e+00	1.500000e+00	-1.492130e+00
3.004041081308098e-04	1.000000e+00	1.500000e+00	-1.829254e+00
3.004563509289001e-04	1.000000e+00	1.500000e+00	-2.073492e+00
3.005123805254184e-04	1.000000e+00	1.500000e+00	-2.240864e+00
3.005639581017201e-04	1.000000e+00	1.500000e+00	-2.336774e+00
3.006134741528571e-04	1.000000e+00	1.500000e+00	-2.395399e+00
3.006653686090253e-04	1.000000e+00	1.500000e+00	-2.434480e+00
3.007223489612730e-04	1.000000e+00	1.500000e+00	-2.460871e+00
3.007760088442932e-04	1.000000e+00	1.500000e+00	-2.475879e+00
3.008294274303536e-04	1.000000e+00	1.500000e+00	-2.485085e+00
3.008815018733070e-04	1.000000e+00	1.500000e+00	-2.490650e+00
3.009350353090242e-04	1.000000e+00	1.500000e+00	-2.494206e+00
3.009879254194778e-04	1.000000e+00	1.500000e+00	-2.496377e+00
3.010428647962515e-04	1.000000e+00	1.500000e+00	-2.497765e+00
3.011108981307377e-04	1.000000e+00	1.500000e+00	-2.498764e+00
3.011898680408764e-04	1.000000e+00	1.500000e+00	-2.499364e+00
3.012889887276535e-04	1.000000e+00	1.500000e+00	-2.499704e+00
3.014095825787782e-04	1.000000e+00	1.500000e+00	-2.499855e+00
3.017987566846944e-04	1.000000e+00	1.500000e+00	-2.499921e+00
3.500010000000000e-04	1.000000e+00	1.500000e+00	-2.499921e+00
3.500020000000000e-04	-1.000000e+00	-1.500000e+00	-2.508097e+00
3.500044200750547e-04	-1.000000e+00	-1.500000e+00	-2.505642e+00
3.500068401501093e-04	-1.000000e+00	-1.500000e+00	-2.500975e+00
3.500092602251640e-04	-1.000000e+00	-1.500000e+00	-2.494094e+00
3.500116803002187e-04	-1.000000e+00	-1.500000e+00	-2.485001e+00
3.500141003752734e-04	-1.000000e+00	-1.500000e+00	-2.473695e+00
3.500165204503280e-04	-1.000000e+00	-1.500000e+00	-2.460177e+00
3.500189405253827e-04	-1.000000e+00	-1.500000e+00	-2.444445e+00
3.500323303094442e-04	-1.000000e+00	-1.500000e+00	-2.337262e+00
3.500473470247708e-04	-1.000000e+00	-1.500000e+00	-2.183589e+00
3.500663049761202e-04	-1.000000e+00	-1.500000e+00	-1.962972e+00
3.500883686040135e-04	-1.000000e+00	-1.500000e+00	-1.688259e+00
3.501182572118094e-04	-1.000000e+00	-1.500000e+00	-1.304404e+00
3.502154078750755e-04	-1.000000e+00	-1.500000e+00	-4.080341e-02
3.502803097192098e-04	-1.000000e+00	-1.500000e+00	7.595947e-01
3.503549529420405e-04	-1.000000e+00	-1.500000e+00	1.496747e+00
3.504033485540187e-04	-1.000000e+00	-1.500000e+00	1.829287e+00
3.504562839128339e-04	-1.000000e+00	-1.500000e+00	2.076355e+00
3.505126027672932e-04	-1.000000e+00	-1.500000e+00	2.243415e+00
3.505636197142954e-04	-1.000000e+00	-1.500000e+00	2.337581e+00
3.506129081016405e-04	-1.000000e+00	-1.500000e+00	2.395711e+00
3.506648883338029e-04	-1.000000e+00	-1.500000e+00	2.434736e+00
3.507217825358182e-04	-1.000000e+00	-1.500000e+00	2.460998e+00
3.507754413824321e-04	-1.000000e+00	-1.500000e+00	2.475962e+00
3.508288031538488e-04	-1.000000e+00	-1.500000e+00	2.485134e+00
3.508808988593412e-04	-1.000000e+00	-1.500000e+00	2.490687e+00
3.509343918147376e-04	-1.000000e+00	-1.500000e+00	2.494231e+00
3.509872822485394e-04	-1.000000e+00	-1.500000e+00	2.496397e+00
3.510422735508382e-04	-1.000000e+00	-1.500000e+00	2.497783e+00
3.511103620707046e-04	-1.000000e+00	-1.500000e+00	2.498780e+00
3.511894085864425e-04	-1.000000e+00	-1.500000e+00	2.499378e+00
3.512886216907728e-04	-1.000000e+00	-1.500000e+00	2.499717e+00
3.514093716771630e-04	-1.000000e+00	-1.500000e+00	2.499867e+00
3.517992371796286e-04	-1.000000e+00	-1.500000e+00	2.499933e+00
3.619301984015192e-04	-1.000000e+00	-1.500000e+00	2.499933e+00
4.000000000000000e-04	-1.000000e+00	-1.500000e+00	2.499933e+00
4.000010000000000e-04	1.000000e+00	1.500000e+00	2.508111e+00
4.000034202156172e-04	1.000000e+00	1.500000e+00	2.505676e+00
4.000058404312344e-04	1.000000e+00	1.500000e+00	2.501046e+00
4.000082606468516e-04	1.000000e+00	1.500000e+00	2.494222e+00
4.000106808624688e-04	1.000000e+00	1.500000e+00	2.485203e+00
4.000131010780860e-04	1.000000e+00	1.500000e+00	2.473990e+00
4.000155212937032e-04	1.000000e+00	1.500000e+00	2.460581e+00
4.000179415093204e-04	1.000000e+00	1.500000e+00	2.444978e+00
4.000313294329509e-04	1.000000e+00	1.500000e+00	2.338686e+00
4.000463469597694e-04	1.000000e+00	1.500000e+00	2.186244e+00
4.000653063626747e-04	1.000000e+00	1.500000e+00	1.967341e+00
4.000873785480559e-04	1.000000e+00	1.500000e+00	1.694592e+00
4.001172849738588e-04	1.000000e+00	1.500000e+00	1.313220e+00
4.002145843991557e-04	1.000000e+00	1.500000e+00	5.476203e-02
4.002798886894512e-04	1.000000e+00	1.500000e+00	-7.487343e-01
4.003550982032634e-04	1.000000e+00	1.500000e+00	-1.492130e+00
4.004041081308098e-04	1.000000e+00	1.500000e+00	-1.829254e+00
4.004563509289001e-04	1.000000e+00	1.500000e+00	-2.073492e+00
4.005123805254184e-04	1.000000e+00	1.500000e+00	-2.240864e+00
4.005639581017201e-04	1.000000e+00	1.500000e+00	-2.336774e+00
4.006134741528571e-04	1.000000e+00	1.500000e+00	-2.395399e+00
4.006653686090253e-04	1.000000e+00	1.500000e+00	-2.434480e+00
4.007223489612730e-04	1.000000e+00	1.500000e+00	-2.460871e+00
4.007760088442932e-04	1.000000e+00	1.500000e+00	-2.475879e+00
4.008294274303537e-04	1.000000e+00	1.500000e+00	-2.485085e+00
4.008815018733071e-04	1.000000e+00	1.500000e+00	-2.490650e+00
4.009350353090243e-04	1.000000e+00	1.500000e+00	-2.494206e+00
4.009879254194778e-04	1.000000e+00	1.500000e+00	-2.496377e+00
4.010428647962515e-04	1.000000e+00	1.500000e+00	-2.497765e+00
4.011108981307382e-04	1.000000e+00	1.500000e+00	-2.498764e+00
4.011898680408764e-04	1.000000e+00	1.500000e+00	-2.499364e+00
4.012889887276519e-04	1.000000e+00	1.500000e+00	-2.499704e+00
4.014095825787807e-04	1.000000e+00	1.500000e+00	-2.499855e+00
4.017987566846965e-04	1.000000e+00	1.500000e+00	-2.499921e+00
4.500010000000000e-04	1.000000e+00	1.500000e+00	-2.499921e+00
4.500020000000000e-04	-1.000000e+00	-1.500000e+00	-2.508097e+00
4.500044200750557e-04	-1.000000e+00	-1.500000e+00	-2.505642e+00
4.500068401501114e-04	-1.000000e+00	-1.500000e+00	-2.500975e+00
4.500092602251671e-04	-1.000000e+00	-1.500000e+00	-2.494094e+00
4.500116803002228e-04	-1.000000e+00	-1.500000e+00	-2.485001e+00
4.500141003752786e-04	-1.000000e+00	-1.500000e+00	-2.473695e+00
4.500165204503342e-04	-1.000000e+00	-1.500000e+00	-2.460177e+00
4.500189405253899e-04	-1.000000e+00	-1.500000e+00	-2.444445e+00
4.500323303094520e-04	-1.000000e+00	-1.500000e+00	-2.337262e+00
4.500473470247817e-04	-1.000000e+00	-1.500000e+00	-2.183589e+00
4.500663049761321e-04	-1.000000e+00	-1.500000e+00	-1.962972e+00
4.500883686040303e-04	-1.000000e+00	-1.500000e+00	-1.688259e+00
4.501182572118297e-04	-1.000000e+00	-1.500000e+00	-1.304404e+00
4.502154078751199e-04	-1.000000e+00	-1.500000e+00	-4.080341e-02
4.502803097192323e-04	-1.000000e+00	-1.500000e+00	7.595947e-01
4.503549529420520e-04	-1.000000e+00	-1.500000e+00	1.496747e+00
4.504033485540133e-04	-1.000000e+00	-1.500000e+00	1.829287e+00
4.504562839128498e-04	-1.000000e+00	-1.500000e+00	2.076355e+00
4.505126027673185e-04	-1.000000e+00	-1.500000e+00	2.243415e+00
4.505636197143096e-04	-1.000000e+00	-1.500000e+00	2.337581e+00
4.506129081016495e-04	-1.000000e+00	-1.500000e+00	2.395711e+00
4.506648883338144e-04	-1.000000e+00	-1.500000e+00	2.434736e+00
4.507217825358287e-04	-1.000000e+00	-1.500000e+00	2.460998e+00
4.507754413824434e-04	-1.000000e+00	-1.500000e+00	2.475962e+00
4.508288031538591e-04	-1.000000e+00	-1.500000e+00	2.485134e+00
4.508808988593524e-04	-1.000000e+00	-1.500000e+00	2.490687e+00
4.509343918147481e-04	-1.000000e+00	-1.500000e+00	2.494231e+00
4.509872822485505e-04	-1.000000e+00	-1.500000e+00	2.496397e+00
4.510422735508542e-04	-1.000000e+00	-1.500000e+00	2.497783e+00
4.511103620707252e-04	-1.000000e+00	-1.500000e+00	2.498780e+00
4.511894085864712e-04	-1.000000e+00	-1.500000e+00	2.499378e+00
4.512886216908091e-04	-1.000000e+00	-1.500000e+00	2.499717e+00
4.514093716772126e-04	-1.000000e+00	-1.500000e+00	2.499867e+00
4.517992371797492e-04	-1.000000e+00	-1.500000e+00	2.499933e+00
5.000000000000000e-04	-1.000000e+00	-1.500000e+00	2.499933e+00
