time	V(vin1)	V(vin2)	V(vout)
0.000000000000000e+00	-1.000000e+00	-1.500000e+00	2.500285e+00
1.953124988129940e-11	-9.609375e-01	-1.441406e+00	2.500767e+00
3.906249976259879e-11	-9.218750e-01	-1.382812e+00	2.501251e+00
7.812499952519758e-11	-8.437500e-01	-1.265625e+00	2.502217e+00
1.000000000000000e-09	1.000000e+00	1.500000e+00	2.525036e+00
2.296618283729087e-08	1.000000e+00	1.500000e+00	2.522637e+00
4.493236567458175e-08	1.000000e+00	1.500000e+00	2.518789e+00
6.689854851187261e-08	1.000000e+00	1.500000e+00	2.513492e+00
8.886473134916348e-08	1.000000e+00	1.500000e+00	2.506745e+00
1.108309141864544e-07	1.000000e+00	1.500000e+00	2.498549e+00
1.327970970237452e-07	1.000000e+00	1.500000e+00	2.488903e+00
1.547632798610360e-07	1.000000e+00	1.500000e+00	2.477808e+00
2.180469683244160e-07	1.000000e+00	1.500000e+00	2.446054e+00
3.932309425234447e-07	1.000000e+00	1.500000e+00	2.350228e+00
2.499074540813062e-06	1.000000e+00	1.500000e+00	1.165013e+00
3.266373647955919e-06	1.000000e+00	1.500000e+00	7.336708e-01
4.033672755098778e-06	1.000000e+00	1.500000e+00	3.026763e-01
4.800971862241636e-06	1.000000e+00	1.500000e+00	-1.279708e-01
5.568270969384493e-06	1.000000e+00	1.500000e+00	-5.582704e-01
6.335570076527351e-06	1.000000e+00	1.500000e+00	-9.882226e-01
7.102869183670210e-06	1.000000e+00	1.500000e+00	-1.417827e+00
7.870168290813066e-06	1.000000e+00	1.500000e+00	-1.847085e+00
8.358449540813066e-06	1.000000e+00	1.500000e+00	-2.117447e+00
8.754043016610699e-06	1.000000e+00	1.500000e+00	-2.315932e+00
9.156672952024980e-06	1.000000e+00	1.500000e+00	-2.449117e+00
9.341593455089374e-06	1.000000e+00	1.500000e+00	-2.477094e+00
9.446040100129206e-06	1.000000e+00	1.500000e+00	-2.485339e+00
9.552870508359557e-06	1.000000e+00	1.500000e+00	-2.490727e+00
9.670029270729575e-06	1.000000e+00	1.500000e+00	-2.494373e+00
9.791738600363027e-06	1.000000e+00	1.500000e+00	-2.496606e+00
9.902801770462538e-06	1.000000e+00	1.500000e+00	-2.497806e+00
1.001232870882292e-05	1.000000e+00	1.500000e+00	-2.498523e+00
1.012212046878381e-05	1.000000e+00	1.500000e+00	-2.498960e+00
1.026273096800064e-05	1.000000e+00	1.500000e+00	-2.499281e+00
1.042153689588935e-05	1.000000e+00	1.500000e+00	-2.499465e+00
1.062574153479807e-05	1.000000e+00	1.500000e+00	-2.499568e+00
1.167384789279629e-05	1.000000e+00	1.500000e+00	-2.499630e+00
5.000100000000000e-05	1.000000e+00	1.500000e+00	-2.499630e+00
5.000112500000000e-05	7.500000e-01	1.125000e+00	-2.502723e+00
5.000200000000000e-05	-1.000000e+00	-1.500000e+00	-2.524381e+00
5.002336107008492e-05	-1.000000e+00	-1.500000e+00	-2.522137e+00
5.004472214016984e-05	-1.000000e+00	-1.500000e+00	-2.518506e+00
5.006608321025476e-05	-1.000000e+00	-1.500000e+00	-2.513487e+00
5.008744428033967e-05	-1.000000e+00	-1.500000e+00	-2.507081e+00
5.010880535042460e-05	-1.000000e+00	-1.500000e+00	-2.499286e+00
5.013016642050951e-05	-1.000000e+00	-1.500000e+00	-2.490104e+00
5.015152749059443e-05	-1.000000e+00	-1.500000e+00	-2.479535e+00
5.021465989324165e-05	-1.000000e+00	-1.500000e+00	-2.448334e+00
5.038695581652435e-05	-1.000000e+00	-1.500000e+00	-2.355062e+00
5.100553458976805e-05	-1.000000e+00	-1.500000e+00	-2.009646e+00
5.784147208976805e-05	-1.000000e+00	-1.500000e+00	1.810544e+00
5.832975333976805e-05	-1.000000e+00	-1.500000e+00	2.081699e+00
5.881803458976805e-05	-1.000000e+00	-1.500000e+00	2.324615e+00
5.926119692508168e-05	-1.000000e+00	-1.500000e+00	2.461367e+00
5.946050569147126e-05	-1.000000e+00	-1.500000e+00	2.485352e+00
5.955412280887472e-05	-1.000000e+00	-1.500000e+00	2.490505e+00
5.963253495110907e-05	-1.000000e+00	-1.500000e+00	2.493423e+00
5.972595282365720e-05	-1.000000e+00	-1.500000e+00	2.495798e+00
5.984443354768015e-05	-1.000000e+00	-1.500000e+00	2.497682e+00
5.995312844268959e-05	-1.000000e+00	-1.500000e+00	2.498703e+00
6.006035440149129e-05	-1.000000e+00	-1.500000e+00	2.499317e+00
6.017389126699978e-05	-1.000000e+00	-1.500000e+00	2.499711e+00
6.031774262562657e-05	-1.000000e+00	-1.500000e+00	2.499991e+00
6.048457313047380e-05	-1.000000e+00	-1.500000e+00	2.500151e+00
6.069696355382298e-05	-1.000000e+00	-1.500000e+00	2.500237e+00
6.155346173545263e-05	-1.000000e+00	-1.500000e+00	2.500259e+00
6.240995991708230e-05	-1.000000e+00	-1.500000e+00	2.500275e+00
6.326645809871195e-05	-1.000000e+00	-1.500000e+00	2.500287e+00
6.412295628034160e-05	-1.000000e+00	-1.500000e+00	2.500293e+00
6.497945446197126e-05	-1.000000e+00	-1.500000e+00	2.500295e+00
6.583595264360091e-05	-1.000000e+00	-1.500000e+00	2.500292e+00
6.669245082523056e-05	-1.000000e+00	-1.500000e+00	2.500285e+00
9.999999999999999e-05	-1.000000e+00	-1.500000e+00	2.500285e+00
1.000001250000000e-04	-7.500000e-01	-1.125000e+00	2.503377e+00
1.000010000000000e-04	1.000000e+00	1.500000e+00	2.525036e+00
1.000223632431575e-04	1.000000e+00	1.500000e+00	2.522769e+00
1.000437264863151e-04	1.000000e+00	1.500000e+00	2.519104e+00
1.000650897294726e-04	1.000000e+00	1.500000e+00	2.514039e+00
1.000864529726302e-04	1.000000e+00	1.500000e+00	2.507575e+00
1.001078162157877e-04	1.000000e+00	1.500000e+00	2.499712e+00
1.001291794589452e-04	1.000000e+00	1.500000e+00	2.490450e+00
1.001505427021028e-04	1.000000e+00	1.500000e+00	2.479789e+00
1.002136867091050e-04	1.000000e+00	1.500000e+00	2.448318e+00
1.003859991466182e-04	1.000000e+00	1.500000e+00	2.354256e+00
1.010045624144139e-04	1.000000e+00	1.500000e+00	2.006096e+00
1.024694061644139e-04	1.000000e+00	1.500000e+00	1.181682e+00
1.032367052715568e-04	1.000000e+00	1.500000e+00	7.503298e-01
1.040040043786997e-04	1.000000e+00	1.500000e+00	3.193231e-01
1.047713034858425e-04	1.000000e+00	1.500000e+00	-1.113377e-01
1.055386025929854e-04	1.000000e+00	1.500000e+00	-5.416528e-01
1.063059017001282e-04	1.000000e+00	1.500000e+00	-9.716221e-01
1.070732008072711e-04	1.000000e+00	1.500000e+00	-1.401246e+00
1.078404999144140e-04	1.000000e+00	1.500000e+00	-1.830523e+00
1.083287811644140e-04	1.000000e+00	1.500000e+00	-2.101381e+00
1.087433185585747e-04	1.000000e+00	1.500000e+00	-2.310762e+00
1.091317464852327e-04	1.000000e+00	1.500000e+00	-2.443359e+00
1.093225463984370e-04	1.000000e+00	1.500000e+00	-2.474651e+00
1.094275334282602e-04	1.000000e+00	1.500000e+00	-2.483745e+00
1.095476027029551e-04	1.000000e+00	1.500000e+00	-2.490285e+00
1.096742955243321e-04	1.000000e+00	1.500000e+00	-2.494345e+00
1.097848466039300e-04	1.000000e+00	1.500000e+00	-2.496423e+00
1.099016503850104e-04	1.000000e+00	1.500000e+00	-2.497746e+00
1.100082096398238e-04	1.000000e+00	1.500000e+00	-2.498470e+00
1.101213852077750e-04	1.000000e+00	1.500000e+00	-2.498939e+00
1.102557301012734e-04	1.000000e+00	1.500000e+00	-2.499259e+00
1.104169129496744e-04	1.000000e+00	1.500000e+00	-2.499456e+00
1.106130145154704e-04	1.000000e+00	1.500000e+00	-2.499562e+00
1.111824615314785e-04	1.000000e+00	1.500000e+00	-2.499627e+00
1.500010000000000e-04	1.000000e+00	1.500000e+00	-2.499630e+00
1.500011250000000e-04	7.500000e-01	1.125000e+00	-2.502723e+00
1.500020000000000e-04	-1.000000e+00	-1.500000e+00	-2.524381e+00
1.500233610700844e-04	-1.000000e+00	-1.500000e+00	-2.522137e+00
1.500447221401689e-04	-1.000000e+00	-1.500000e+00	-2.518506e+00
1.500660832102534e-04	-1.000000e+00	-1.500000e+00	-2.513487e+00
1.500874442803379e-04	-1.000000e+00	-1.500000e+00	-2.507081e+00
1.501088053504224e-04	-1.000000e+00	-1.500000e+00	-2.499286e+00
1.501301664205069e-04	-1.000000e+00	-1.500000e+00	-2.490104e+00
1.501515274905913e-04	-1.000000e+00	-1.500000e+00	-2.479535e+00
1.502146598932385e-04	-1.000000e+00	-1.500000e+00	-2.448334e+00
1.503869558165192e-04	-1.000000e+00	-1.500000e+00	-2.355062e+00
1.510055345897468e-04	-1.000000e+00	-1.500000e+00	-2.009646e+00
1.578414720897468e-04	-1.000000e+00	-1.500000e+00	1.810544e+00
1.583297533397468e-04	-1.000000e+00	-1.500000e+00	2.081699e+00
1.588180345897468e-04	-1.000000e+00	-1.500000e+00	2.324615e+00
1.592611969250776e-04	-1.000000e+00	-1.500000e+00	2.461367e+00
1.594605056914730e-04	-1.000000e+00	-1.500000e+00	2.485352e+00
1.595541228088739e-04	-1.000000e+00	-1.500000e+00	2.490505e+00
1.596325349511068e-04	-1.000000e+00	-1.500000e+00	2.493423e+00
1.597259528236535e-04	-1.000000e+00	-1.500000e+00	2.495798e+00
1.598444335476786e-04	-1.000000e+00	-1.500000e+00	2.497682e+00
1.599531284426865e-04	-1.000000e+00	-1.500000e+00	2.498703e+00
1.600603544014903e-04	-1.000000e+00	-1.500000e+00	2.499317e+00
1.601738912669964e-04	-1.000000e+00	-1.500000e+00	2.499711e+00
1.603177426256223e-04	-1.000000e+00	-1.500000e+00	2.499991e+00
1.604845731304740e-04	-1.000000e+00	-1.500000e+00	2.500151e+00
1.606969635538205e-04	-1.000000e+00	-1.500000e+00	2.500237e+00
1.615534617354503e-04	-1.000000e+00	-1.500000e+00	2.500259e+00
1.624099599170800e-04	-1.000000e+00	-1.500000e+00	2.500275e+00
1.632664580987097e-04	-1.000000e+00	-1.500000e+00	2.500287e+00
1.641229562803394e-04	-1.000000e+00	-1.500000e+00	2.500293e+00
1.649794544619692e-04	-1.000000e+00	-1.500000e+00	2.500295e+00
1.658359526435989e-04	-1.000000e+00	-1.500000e+00	2.500292e+00
1.666924508252287e-04	-1.000000e+00	-1.500000e+00	2.500285e+00
2.000000000000000e-04	-1.000000e+00	-1.500000e+00	2.500285e+00
2.000001250000000e-04	-7.500000e-01	-1.125000e+00	2.503377e+00
2.000010000000000e-04	1.000000e+00	1.500000e+00	2.525036e+00
2.000223632431572e-04	1.000000e+00	1.500000e+00	2.522769e+00
2.000437264863144e-04	1.000000e+00	1.500000e+00	2.519104e+00
2.000650897294716e-04	1.000000e+00	1.500000e+00	2.514039e+00
2.000864529726288e-04	1.000000e+00	1.500000e+00	2.507575e+00
2.001078162157860e-04	1.000000e+00	1.500000e+00	2.499712e+00
2.001291794589432e-04	1.000000e+00	1.500000e+00	2.490450e+00
2.001505427021004e-04	1.000000e+00	1.500000e+00	2.479789e+00
2.002136867091025e-04	1.000000e+00	1.500000e+00	2.448318e+00
2.003859991466141e-04	1.000000e+00	1.500000e+00	2.354256e+00
2.010045624143975e-04	1.000000e+00	1.500000e+00	2.006096e+00
2.024694061643975e-04	1.000000e+00	1.500000e+00	1.181682e+00
2.032367052715404e-04	1.000000e+00	1.500000e+00	7.503298e-01
2.040040043786832e-04	1.000000e+00	1.500000e+00	3.193231e-01
2.047713034858261e-04	1.000000e+00	1.500000e+00	-1.113377e-01
2.055386025929689e-04	1.000000e+00	1.500000e+00	-5.416528e-01
2.063059017001118e-04	1.000000e+00	1.500000e+00	-9.716221e-01
2.070732008072547e-04	1.000000e+00	1.500000e+00	-1.401246e+00
2.078404999143975e-04	1.000000e+00	1.500000e+00	-1.830523e+00
2.083287811643975e-04	1.000000e+00	1.500000e+00	-2.101381e+00
2.087433185585696e-04	1.000000e+00	1.500000e+00	-2.310762e+00
2.091317464852217e-04	1.000000e+00	1.500000e+00	-2.443359e+00
2.093225463984296e-04	1.000000e+00	1.500000e+00	-2.474651e+00
2.094275334282528e-04	1.000000e+00	1.500000e+00	-2.483745e+00
2.095476027029543e-04	1.000000e+00	1.500000e+00	-2.490285e+00
2.096742955243357e-04	1.000000e+00	1.500000e+00	-2.494345e+00
2.097848466039332e-04	1.000000e+00	1.500000e+00	-2.496423e+00
2.099016503850137e-04	1.000000e+00	1.500000e+00	-2.497746e+00
2.100082096398260e-04	1.000000e+00	1.500000e+00	-2.498470e+00
2.101213852077785e-04	1.000000e+00	1.500000e+00	-2.498939e+00
2.102557301012773e-04	1.000000e+00	1.500000e+00	-2.499259e+00
2.104169129496762e-04	1.000000e+00	1.500000e+00	-2.499456e+00
2.106130145154741e-04	1.000000e+00	1.500000e+00	-2.499562e+00
2.111824615314796e-04	1.000000e+00	1.500000e+00	-2.499627e+00
2.500010000000000e-04	1.000000e+00	1.500000e+00	-2.499630e+00
2.500011250000000e-04	7.500000e-01	1.125000e+00	-2.502723e+00
2.500020000000000e-04	-1.000000e+00	-1.500000e+00	-2.524381e+00
2.500233610700845e-04	-1.000000e+00	-1.500000e+00	-2.522137e+00
2.500447221401690e-04	-1.000000e+00	-1.500000e+00	-2.518506e+00
2.500660832102535e-04	-1.000000e+00	-1.500000e+00	-2.513487e+00
2.500874442803380e-04	-1.000000e+00	-1.500000e+00	-2.507081e+00
2.501088053504224e-04	-1.000000e+00	-1.500000e+00	-2.499286e+00
2.501301664205070e-04	-1.000000e+00	-1.500000e+00	-2.490104e+00
2.501515274905915e-04	-1.000000e+00	-1.500000e+00	-2.479535e+00
2.502146598932385e-04	-1.000000e+00	-1.500000e+00	-2.448334e+00
2.503869558165193e-04	-1.000000e+00	-1.500000e+00	-2.355062e+00
2.510055345897478e-04	-1.000000e+00	-1.500000e+00	-2.009646e+00
2.578414720897479e-04	-1.000000e+00	-1.500000e+00	1.810544e+00
2.583297533397479e-04	-1.000000e+00	-1.500000e+00	2.081699e+00
2.588180345897479e-04	-1.000000e+00	-1.500000e+00	2.324615e+00
2.592611969250778e-04	-1.000000e+00	-1.500000e+00	2.461367e+00
2.594605056914728e-04	-1.000000e+00	-1.500000e+00	2.485352e+00
2.595541228088739e-04	-1.000000e+00	-1.500000e+00	2.490505e+00
2.596325349511068e-04	-1.000000e+00	-1.500000e+00	2.493423e+00
2.597259528236538e-04	-1.000000e+00	-1.500000e+00	2.495798e+00
2.598444335476776e-04	-1.000000e+00	-1.500000e+00	2.497682e+00
2.599531284426857e-04	-1.000000e+00	-1.500000e+00	2.498703e+00
2.600603544014912e-04	-1.000000e+00	-1.500000e+00	2.499317e+00
2.601738912669956e-04	-1.000000e+00	-1.500000e+00	2.499711e+00
2.603177426256253e-04	-1.000000e+00	-1.500000e+00	2.499991e+00
2.604845731304663e-04	-1.000000e+00	-1.500000e+00	2.500151e+00
2.606969635538227e-04	-1.000000e+00	-1.500000e+00	2.500237e+00
2.615534617354515e-04	-1.000000e+00	-1.500000e+00	2.500259e+00
2.624099599170804e-04	-1.000000e+00	-1.500000e+00	2.500275e+00
2.632664580987093e-04	-1.000000e+00	-1.500000e+00	2.500287e+00
2.641229562803382e-04	-1.000000e+00	-1.500000e+00	2.500293e+00
2.649794544619670e-04	-1.000000e+00	-1.500000e+00	2.500295e+00
2.658359526435959e-04	-1.000000e+00	-1.500000e+00	2.500292e+00
2.666924508252248e-04	-1.000000e+00	-1.500000e+00	2.500285e+00
3.000000000000000e-04	-1.000000e+00	-1.500000e+00	2.500285e+00
3.000001250000000e-04	-7.500000e-01	-1.125000e+00	2.503377e+00
3.000010000000000e-04	1.000000e+00	1.500000e+00	2.525036e+00
3.000223632431572e-04	1.000000e+00	1.500000e+00	2.522769e+00
3.000437264863144e-04	1.000000e+00	1.500000e+00	2.519104e+00
3.000650897294715e-04	1.000000e+00	1.500000e+00	2.514039e+00
3.000864529726288e-04	1.000000e+00	1.500000e+00	2.507575e+00
3.001078162157860e-04	1.000000e+00	1.500000e+00	2.499712e+00
3.001291794589431e-04	1.000000e+00	1.500000e+00	2.490450e+00
3.001505427021003e-04	1.000000e+00	1.500000e+00	2.479789e+00
3.002136867091026e-04	1.000000e+00	1.500000e+00	2.448318e+00
3.003859991466143e-04	1.000000e+00	1.500000e+00	2.354256e+00
3.010045624143979e-04	1.000000e+00	1.500000e+00	2.006096e+00
3.024694061643979e-04	1.000000e+00	1.500000e+00	1.181682e+00
3.032367052715407e-04	1.000000e+00	1.500000e+00	7.503298e-01
3.040040043786836e-04	1.000000e+00	1.500000e+00	3.193231e-01
3.047713034858264e-04	1.000000e+00	1.500000e+00	-1.113377e-01
3.055386025929693e-04	1.000000e+00	1.500000e+00	-5.416528e-01
3.063059017001122e-04	1.000000e+00	1.500000e+00	-9.716221e-01
3.070732008072550e-04	1.000000e+00	1.500000e+00	-1.401246e+00
3.078404999143979e-04	1.000000e+00	1.500000e+00	-1.830523e+00
3.083287811643979e-04	1.000000e+00	1.500000e+00	-2.101381e+00
3.087433185585696e-04	1.000000e+00	1.500000e+00	-2.310762e+00
3.091317464852218e-04	1.000000e+00	1.500000e+00	-2.443359e+00
3.093225463984296e-04	1.000000e+00	1.500000e+00	-2.474651e+00
3.094275334282528e-04	1.000000e+00	1.500000e+00	-2.483745e+00
3.095476027029540e-04	1.000000e+00	1.500000e+00	-2.490285e+00
3.096742955243352e-04	1.000000e+00	1.500000e+00	-2.494345e+00
3.097848466039336e-04	1.000000e+00	1.500000e+00	-2.496423e+00
3.099016503850145e-04	1.000000e+00	1.500000e+00	-2.497746e+00
3.100082096398264e-04	1.000000e+00	1.500000e+00	-2.498470e+00
3.101213852077797e-04	1.000000e+00	1.500000e+00	-2.498939e+00
3.102557301012754e-04	1.000000e+00	1.500000e+00	-2.499259e+00
3.104169129496782e-04	1.000000e+00	1.500000e+00	-2.499456e+00
3.106130145154774e-04	1.000000e+00	1.500000e+00	-2.499562e+00
3.111824615315009e-04	1.000000e+00	1.500000e+00	-2.499627e+00
3.500010000000000e-04	1.000000e+00	1.500000e+00	-2.499630e+00
3.500011249999999e-04	7.500000e-01	1.125000e+00	-2.502723e+00
3.500020000000000e-04	-1.000000e+00	-1.500000e+00	-2.524381e+00
3.500233610700852e-04	-1.000000e+00	-1.500000e+00	-2.522137e+00
3.500447221401703e-04	-1.000000e+00	-1.500000e+00	-2.518506e+00
3.500660832102555e-04	-1.000000e+00	-1.500000e+00	-2.513487e+00
3.500874442803408e-04	-1.000000e+00	-1.500000e+00	-2.507081e+00
3.501088053504260e-04	-1.000000e+00	-1.500000e+00	-2.499286e+00
3.501301664205111e-04	-1.000000e+00	-1.500000e+00	-2.490104e+00
3.501515274905963e-04	-1.000000e+00	-1.500000e+00	-2.479535e+00
3.502146598932436e-04	-1.000000e+00	-1.500000e+00	-2.448334e+00
3.503869558165277e-04	-1.000000e+00	-1.500000e+00	-2.355062e+00
3.510055345897819e-04	-1.000000e+00	-1.500000e+00	-2.009646e+00
3.578414720897819e-04	-1.000000e+00	-1.500000e+00	1.810544e+00
3.583297533397819e-04	-1.000000e+00	-1.500000e+00	2.081699e+00
3.588180345897819e-04	-1.000000e+00	-1.500000e+00	2.324615e+00
3.592611969250841e-04	-1.000000e+00	-1.500000e+00	2.461367e+00
3.594605056914700e-04	-1.000000e+00	-1.500000e+00	2.485352e+00
3.595541228088751e-04	-1.000000e+00	-1.500000e+00	2.490505e+00
3.596325349511105e-04	-1.000000e+00	-1.500000e+00	2.493423e+00
3.597259528236596e-04	-1.000000e+00	-1.500000e+00	2.495798e+00
3.598444335476808e-04	-1.000000e+00	-1.500000e+00	2.497682e+00
3.599531284426909e-04	-1.000000e+00	-1.500000e+00	2.498703e+00
3.600603544014928e-04	-1.000000e+00	-1.500000e+00	2.499317e+00
3.601738912670018e-04	-1.000000e+00	-1.500000e+00	2.499711e+00
3.603177426256269e-04	-1.000000e+00	-1.500000e+00	2.499991e+00
3.604845731304733e-04	-1.000000e+00	-1.500000e+00	2.500151e+00
3.606969635538285e-04	-1.000000e+00	-1.500000e+00	2.500237e+00
3.615534617354536e-04	-1.000000e+00	-1.500000e+00	2.500259e+00
3.624099599170787e-04	-1.000000e+00	-1.500000e+00	2.500275e+00
3.632664580987038e-04	-1.000000e+00	-1.500000e+00	2.500287e+00
3.641229562803288e-04	-1.000000e+00	-1.500000e+00	2.500293e+00
3.649794544619539e-04	-1.000000e+00	-1.500000e+00	2.500295e+00
3.658359526435790e-04	-1.000000e+00	-1.500000e+00	2.500292e+00
3.666924508252041e-04	-1.000000e+00	-1.500000e+00	2.500285e+00
3.979424508252041e-04	-1.000000e+00	-1.500000e+00	2.500285e+00
4.000000000000000e-04	-1.000000e+00	-1.500000e+00	2.500285e+00
4.000001250000000e-04	-7.500000e-01	-1.125000e+00	2.503377e+00
4.000010000000000e-04	1.000000e+00	1.500000e+00	2.525036e+00
4.000223632431579e-04	1.000000e+00	1.500000e+00	2.522769e+00
4.000437264863157e-04	1.000000e+00	1.500000e+00	2.519104e+00
4.000650897294736e-04	1.000000e+00	1.500000e+00	2.514039e+00
4.000864529726315e-04	1.000000e+00	1.500000e+00	2.507575e+00
4.001078162157894e-04	1.000000e+00	1.500000e+00	2.499712e+00
4.001291794589472e-04	1.000000e+00	1.500000e+00	2.490450e+00
4.001505427021051e-04	1.000000e+00	1.500000e+00	2.479789e+00
4.002136867091075e-04	1.000000e+00	1.500000e+00	2.448318e+00
4.003859991466224e-04	1.000000e+00	1.500000e+00	2.354256e+00
4.010045624144305e-04	1.000000e+00	1.500000e+00	2.006096e+00
4.024694061644305e-04	1.000000e+00	1.500000e+00	1.181682e+00
4.032367052715734e-04	1.000000e+00	1.500000e+00	7.503298e-01
4.040040043787162e-04	1.000000e+00	1.500000e+00	3.193231e-01
4.047713034858591e-04	1.000000e+00	1.500000e+00	-1.113377e-01
4.055386025930020e-04	1.000000e+00	1.500000e+00	-5.416528e-01
4.063059017001448e-04	1.000000e+00	1.500000e+00	-9.716221e-01
4.070732008072877e-04	1.000000e+00	1.500000e+00	-1.401246e+00
4.078404999144305e-04	1.000000e+00	1.500000e+00	-1.830523e+00
4.083287811644305e-04	1.000000e+00	1.500000e+00	-2.101381e+00
4.087433185585798e-04	1.000000e+00	1.500000e+00	-2.310762e+00
4.091317464852439e-04	1.000000e+00	1.500000e+00	-2.443359e+00
4.093225463984446e-04	1.000000e+00	1.500000e+00	-2.474651e+00
4.094275334282677e-04	1.000000e+00	1.500000e+00	-2.483745e+00
4.095476027029561e-04	1.000000e+00	1.500000e+00	-2.490285e+00
4.096742955243285e-04	1.000000e+00	1.500000e+00	-2.494345e+00
4.097848466039271e-04	1.000000e+00	1.500000e+00	-2.496423e+00
4.099016503850079e-04	1.000000e+00	1.500000e+00	-2.497746e+00
4.100082096398205e-04	1.000000e+00	1.500000e+00	-2.498470e+00
4.101213852077712e-04	1.000000e+00	1.500000e+00	-2.498939e+00
4.102557301012706e-04	1.000000e+00	1.500000e+00	-2.499259e+00
4.104169129496695e-04	1.000000e+00	1.500000e+00	-2.499456e+00
4.106130145154740e-04	1.000000e+00	1.500000e+00	-2.499562e+00
4.111824615314827e-04	1.000000e+00	1.500000e+00	-2.499627e+00
4.500010000000000e-04	1.000000e+00	1.500000e+00	-2.499630e+00
4.500011250000000e-04	7.500000e-01	1.125000e+00	-2.502723e+00
4.500020000000000e-04	-1.000000e+00	-1.500000e+00	-2.524381e+00
4.500233610700897e-04	-1.000000e+00	-1.500000e+00	-2.522137e+00
4.500447221401792e-04	-1.000000e+00	-1.500000e+00	-2.518506e+00
4.500660832102689e-04	-1.000000e+00	-1.500000e+00	-2.513487e+00
4.500874442803585e-04	-1.000000e+00	-1.500000e+00	-2.507081e+00
4.501088053504481e-04	-1.000000e+00	-1.500000e+00	-2.499286e+00
4.501301664205377e-04	-1.000000e+00	-1.500000e+00	-2.490104e+00
4.501515274906273e-04	-1.000000e+00	-1.500000e+00	-2.479535e+00
4.502146598933007e-04	-1.000000e+00	-1.500000e+00	-2.448334e+00
4.503869558166454e-04	-1.000000e+00	-1.500000e+00	-2.355062e+00
4.510055345902872e-04	-1.000000e+00	-1.500000e+00	-2.009646e+00
4.578414720902872e-04	-1.000000e+00	-1.500000e+00	1.810544e+00
4.583297533402872e-04	-1.000000e+00	-1.500000e+00	2.081699e+00
4.588180345902872e-04	-1.000000e+00	-1.500000e+00	2.324615e+00
4.592611969250881e-04	-1.000000e+00	-1.500000e+00	2.461367e+00
4.594605056913067e-04	-1.000000e+00	-1.500000e+00	2.485352e+00
4.595541228087852e-04	-1.000000e+00	-1.500000e+00	2.490505e+00
4.596325349510651e-04	-1.000000e+00	-1.500000e+00	2.493423e+00
4.597259528236560e-04	-1.000000e+00	-1.500000e+00	2.495798e+00
4.598444335476158e-04	-1.000000e+00	-1.500000e+00	2.497682e+00
4.599531284426510e-04	-1.000000e+00	-1.500000e+00	2.498703e+00
4.600603544014384e-04	-1.000000e+00	-1.500000e+00	2.499317e+00
4.601738912669752e-04	-1.000000e+00	-1.500000e+00	2.499711e+00
4.603177426255743e-04	-1.000000e+00	-1.500000e+00	2.499991e+00
4.604845731304508e-04	-1.000000e+00	-1.500000e+00	2.500151e+00
4.606969635537699e-04	-1.000000e+00	-1.500000e+00	2.500237e+00
4.615534617353964e-04	-1.000000e+00	-1.500000e+00	2.500259e+00
4.624099599170228e-04	-1.000000e+00	-1.500000e+00	2.500275e+00
4.632664580986492e-04	-1.000000e+00	-1.500000e+00	2.500287e+00
4.641229562802756e-04	-1.000000e+00	-1.500000e+00	2.500293e+00
4.649794544619021e-04	-1.000000e+00	-1.500000e+00	2.500295e+00
4.658359526435285e-04	-1.000000e+00	-1.500000e+00	2.500292e+00
4.666924508251549e-04	-1.000000e+00	-1.500000e+00	2.500285e+00
5.000000000000000e-04	-1.000000e+00	-1.500000e+00	2.500285e+00
