time	V(vin)	V(vout)
0.000000000000000e+00	0.000000e+00	1.602525e+00
9.142857249701465e-07	1.723467e-02	1.602567e+00
1.828571449940293e-06	3.446753e-02	1.602718e+00
2.742857174910440e-06	5.169858e-02	1.602977e+00
3.657142899880586e-06	6.892782e-02	1.603345e+00
4.571428624850732e-06	8.615524e-02	1.603822e+00
5.485714349820879e-06	1.033809e-01	1.604408e+00
6.400000074791024e-06	1.206046e-01	1.605102e+00
1.128281257479102e-05	2.124979e-01	1.611149e+00
1.616562507479103e-05	3.041912e-01	1.622680e+00
2.104843757479103e-05	3.955981e-01	1.648505e+00
2.396797610446460e-05	4.500800e-01	1.706659e+00
2.556057516561680e-05	4.797370e-01	1.806223e+00
3.209457602449107e-05	6.013511e-01	2.313007e+00
3.862857688336535e-05	7.214608e-01	2.811624e+00
4.516257774223961e-05	8.400661e-01	3.302073e+00
5.169657860111389e-05	9.571670e-01	3.784354e+00
5.823057945998816e-05	1.072763e+00	4.258468e+00
6.476458031886244e-05	1.186856e+00	4.724415e+00
7.129858117773669e-05	1.299443e+00	5.182194e+00
7.612719422453527e-05	1.381050e+00	5.513441e+00
8.095580727133383e-05	1.461205e+00	5.836541e+00
8.578442031813241e-05	1.539907e+00	6.151493e+00
9.061303336493098e-05	1.617157e+00	6.458297e+00
9.544164641172955e-05	1.692955e+00	6.756954e+00
1.002702594585281e-04	1.767300e+00	7.047463e+00
1.050988725053267e-04	1.840193e+00	7.329824e+00
1.095182164917554e-04	1.905266e+00	7.403467e+00
1.214609809836471e-04	2.073629e+00	7.446003e+00
1.312266059836471e-04	2.202668e+00	7.458653e+00
1.458750434836471e-04	2.380538e+00	7.468675e+00
1.605234809836472e-04	2.538257e+00	7.473943e+00
1.751719184836472e-04	2.674489e+00	7.476429e+00
1.898203559836472e-04	2.788081e+00	7.477002e+00
2.086540613407900e-04	2.899549e+00	7.477021e+00
2.274877666979329e-04	2.969717e+00	7.477028e+00
2.463214720550758e-04	2.998584e+00	7.477021e+00
2.651551774122187e-04	2.986149e+00	7.477001e+00
2.839888827693616e-04	2.932414e+00	7.476968e+00
3.028225881265044e-04	2.837378e+00	7.476922e+00
3.216562934836473e-04	2.701041e+00	7.476863e+00
3.363047309836473e-04	2.569620e+00	7.475274e+00
3.509531684836473e-04	2.416447e+00	7.471327e+00
3.656016059836473e-04	2.242818e+00	7.463672e+00
3.802500434836473e-04	2.050203e+00	7.448146e+00
3.900156684836474e-04	1.912044e+00	7.422707e+00
3.948984809836474e-04	1.840233e+00	7.379564e+00
3.964117286837893e-04	1.817623e+00	7.313140e+00
3.977845898259060e-04	1.796968e+00	7.199707e+00
4.074813936385161e-04	1.645866e+00	6.591932e+00
4.171781974511262e-04	1.490144e+00	5.970026e+00
4.268750012637362e-04	1.329803e+00	5.333988e+00
4.365718050763463e-04	1.164842e+00	4.683819e+00
4.462686088889564e-04	9.952619e-01	4.019517e+00
4.559654127015665e-04	8.210619e-01	3.341085e+00
4.656622165141765e-04	6.422423e-01	2.648520e+00
4.754278415141765e-04	4.613364e-01	1.954174e+00
4.785446655343649e-04	4.031997e-01	1.737224e+00
4.804186619089349e-04	3.681690e-01	1.669677e+00
4.823632417095093e-04	3.317651e-01	1.645614e+00
4.845409261883564e-04	2.909387e-01	1.631782e+00
4.869082770795512e-04	2.464950e-01	1.622599e+00
4.916429788619409e-04	1.574538e-01	1.611371e+00
4.965257913619409e-04	6.548209e-02	1.605204e+00
5.014086038619409e-04	-2.655121e-02	1.602721e+00
5.062914163619409e-04	-1.185595e-01	1.603903e+00
5.111742288619409e-04	-2.104563e-01	1.611379e+00
5.160570413619409e-04	-3.021549e-01	1.641101e+00
5.199682223382722e-04	-3.754054e-01	2.316760e+00
5.227518329000106e-04	-4.274027e-01	3.832173e+00
5.256613582736773e-04	-4.816121e-01	7.311315e+00
5.280316431210905e-04	-5.256564e-01	7.425082e+00
5.361879723295365e-04	-6.772003e-01	7.442823e+00
5.443443015379824e-04	-8.260157e-01	7.457641e+00
5.525006307464283e-04	-9.721028e-01	7.469537e+00
5.606569599548741e-04	-1.115461e+00	7.478511e+00
5.688132891633201e-04	-1.256092e+00	7.484563e+00
5.769696183717660e-04	-1.393994e+00	7.487692e+00
5.851259475802119e-04	-1.529167e+00	7.487900e+00
5.997743850802119e-04	-1.759913e+00	7.492901e+00
6.144228225802119e-04	-1.975762e+00	7.496856e+00
6.241884475802120e-04	-2.110476e+00	7.499056e+00
6.339540725802120e-04	-2.237247e+00	7.500972e+00
6.388368850802120e-04	-2.297503e+00	7.501837e+00
6.437196975802120e-04	-2.355597e+00	7.502645e+00
6.486025100802120e-04	-2.411474e+00	7.503400e+00
6.534853225802120e-04	-2.465081e+00	7.504106e+00
6.583681350802120e-04	-2.516369e+00	7.504763e+00
6.632509475802120e-04	-2.565288e+00	7.505376e+00
6.681337600802120e-04	-2.611793e+00	7.505947e+00
6.730165725802120e-04	-2.655839e+00	7.506476e+00
6.778993850802120e-04	-2.697386e+00	7.506967e+00
6.827821975802120e-04	-2.736394e+00	7.507420e+00
6.876650100802120e-04	-2.772827e+00	7.507836e+00
6.925478225802120e-04	-2.806651e+00	7.508218e+00
6.974306350802120e-04	-2.837832e+00	7.508566e+00
7.023134475802120e-04	-2.866343e+00	7.508882e+00
7.071962600802120e-04	-2.892156e+00	7.509164e+00
7.120790725802120e-04	-2.915247e+00	7.509416e+00
7.169618850802120e-04	-2.935595e+00	7.509636e+00
7.218446975802120e-04	-2.953179e+00	7.509827e+00
7.267275100802120e-04	-2.967984e+00	7.509988e+00
7.316103225802121e-04	-2.979996e+00	7.510119e+00
7.364931350802121e-04	-2.989203e+00	7.510221e+00
7.413759475802121e-04	-2.995597e+00	7.510295e+00
7.462587600802121e-04	-2.999171e+00	7.510340e+00
7.511415725802121e-04	-2.999923e+00	7.510356e+00
7.560243850802121e-04	-2.997851e+00	7.510344e+00
7.609071975802121e-04	-2.992958e+00	7.510303e+00
7.657900100802121e-04	-2.985248e+00	7.510234e+00
7.706728225802121e-04	-2.974728e+00	7.510137e+00
7.755556350802121e-04	-2.961409e+00	7.510010e+00
7.804384475802121e-04	-2.945302e+00	7.509853e+00
7.853212600802121e-04	-2.926423e+00	7.509667e+00
7.902040725802121e-04	-2.904790e+00	7.509451e+00
7.950868850802121e-04	-2.880424e+00	7.509204e+00
7.999696975802121e-04	-2.853346e+00	7.508926e+00
8.048525100802121e-04	-2.823583e+00	7.508616e+00
8.097353225802121e-04	-2.791162e+00	7.508274e+00
8.146181350802121e-04	-2.756115e+00	7.507897e+00
8.195009475802121e-04	-2.718473e+00	7.507485e+00
8.243837600802121e-04	-2.678273e+00	7.507038e+00
8.292665725802121e-04	-2.635552e+00	7.506554e+00
8.341493850802121e-04	-2.590351e+00	7.506030e+00
8.390321975802121e-04	-2.542712e+00	7.505466e+00
8.439150100802122e-04	-2.492679e+00	7.504859e+00
8.487978225802122e-04	-2.440301e+00	7.504209e+00
8.536806350802122e-04	-2.385626e+00	7.503511e+00
8.585634475802122e-04	-2.328706e+00	7.502764e+00
8.634462600802122e-04	-2.269594e+00	7.501964e+00
8.683290725802122e-04	-2.208346e+00	7.501108e+00
8.780946975802122e-04	-2.079674e+00	7.499212e+00
8.878603225802122e-04	-1.943174e+00	7.497035e+00
9.025087600802122e-04	-1.724881e+00	7.493125e+00
9.171571975802122e-04	-1.491985e+00	7.488186e+00
9.248301886516408e-04	-1.364042e+00	7.486519e+00
9.325031797230693e-04	-1.233702e+00	7.483158e+00
9.401761707944979e-04	-1.100966e+00	7.478104e+00
9.478491618659265e-04	-9.658341e-01	7.471355e+00
9.555221529373552e-04	-8.283061e-01	7.462913e+00
9.631951440087837e-04	-6.883819e-01	7.452777e+00
9.708681350802123e-04	-5.460616e-01	7.440947e+00
9.757509475802123e-04	-4.553175e-01	7.424310e+00
9.806337600802122e-04	-3.641449e-01	7.369760e+00
9.836906943134095e-04	-3.068854e-01	5.165280e+00
9.849533750029419e-04	-2.831999e-01	3.775454e+00
9.864248211578952e-04	-2.555759e-01	2.616489e+00
9.869254496023265e-04	-2.461724e-01	2.356529e+00
9.876112787302316e-04	-2.332861e-01	2.041364e+00
9.883620342929650e-04	-2.191750e-01	1.743142e+00
9.892017674579606e-04	-2.033858e-01	1.644597e+00
9.900130997890662e-04	-1.881251e-01	1.627084e+00
9.922392032169426e-04	-1.462296e-01	1.611816e+00
9.963637985569943e-04	-6.853482e-02	1.604091e+00
9.993020257003766e-04	-1.315646e-02	1.602733e+00
1.003143936944038e-03	5.925796e-02	1.603116e+00
1.008026749444037e-03	1.512365e-01	1.606655e+00
1.012909561944037e-03	2.430728e-01	1.614216e+00
1.017792374444037e-03	3.346802e-01	1.628677e+00
1.022675186944037e-03	4.259727e-01	1.669683e+00
1.025729095191293e-03	4.828723e-01	1.818673e+00
1.032616207730063e-03	6.110541e-01	2.353052e+00
1.039503320268833e-03	7.375205e-01	2.878091e+00
1.046390432807603e-03	8.622713e-01	3.393790e+00
1.053277545346372e-03	9.853067e-01	3.900148e+00
1.060164657885143e-03	1.106627e+00	4.397165e+00
1.067051770423912e-03	1.226231e+00	4.884842e+00
1.073938882962683e-03	1.344120e+00	5.363178e+00
1.078124150819825e-03	1.414293e+00	5.644304e+00
1.082309418676968e-03	1.483370e+00	5.920969e+00
1.086494686534111e-03	1.551353e+00	6.193175e+00
1.090679954391254e-03	1.618240e+00	6.460921e+00
1.094865222248396e-03	1.684033e+00	6.724206e+00
1.099050490105539e-03	1.748730e+00	6.983032e+00
1.103235757962682e-03	1.812332e+00	7.237397e+00
1.105589844918728e-03	1.847494e+00	7.346616e+00
1.110971230248457e-03	1.926342e+00	7.413416e+00
1.118487153487014e-03	2.033286e+00	7.432464e+00
1.126003076725570e-03	2.135163e+00	7.448078e+00
1.133518999964127e-03	2.231971e+00	7.460259e+00
1.141034923202684e-03	2.323711e+00	7.469008e+00
1.148550846441241e-03	2.410384e+00	7.474323e+00
1.156066769679797e-03	2.491988e+00	7.476205e+00
1.163582692918354e-03	2.568525e+00	7.474655e+00
1.178231130418354e-03	2.700117e+00	7.476683e+00
1.191484478632639e-03	2.800352e+00	7.476823e+00
1.204737826846924e-03	2.880212e+00	7.476931e+00
1.217991175061210e-03	2.939700e+00	7.477008e+00
1.231244523275495e-03	2.978813e+00	7.477053e+00
1.244497871489781e-03	2.997553e+00	7.477066e+00
1.257751219704066e-03	2.995919e+00	7.477047e+00
1.271004567918352e-03	2.973912e+00	7.476997e+00
1.278677558989780e-03	2.951200e+00	7.477044e+00
1.286350550061209e-03	2.921846e+00	7.477061e+00
1.294023541132637e-03	2.885851e+00	7.477048e+00
1.301696532204065e-03	2.843213e+00	7.477004e+00
1.309369523275494e-03	2.793934e+00	7.476930e+00
1.317042514346922e-03	2.738013e+00	7.476825e+00
1.324715505418351e-03	2.675450e+00	7.476690e+00
1.339363942918350e-03	2.539388e+00	7.474673e+00
1.354012380418350e-03	2.381829e+00	7.470105e+00
1.368660817918350e-03	2.204108e+00	7.461337e+00
1.383309255418349e-03	2.007729e+00	7.442686e+00
1.393074880418349e-03	1.867259e+00	7.403654e+00
1.395381297667407e-03	1.833037e+00	7.367141e+00
1.396801573586817e-03	1.811771e+00	7.266244e+00
1.406499927662623e-03	1.661308e+00	6.657383e+00
1.416198281738429e-03	1.506158e+00	6.034868e+00
1.425896635814236e-03	1.346324e+00	5.398698e+00
1.435594989890042e-03	1.181804e+00	4.748873e+00
1.445293343965849e-03	1.012598e+00	4.085393e+00
1.454991698041655e-03	8.387068e-01	3.408258e+00
1.464690052117461e-03	6.601301e-01	2.717468e+00
1.474455677117461e-03	4.794345e-01	2.023425e+00
1.479338489617461e-03	3.883673e-01	1.698791e+00
1.481727709548471e-03	3.436684e-01	1.651499e+00
1.484111719141500e-03	2.989898e-01	1.634000e+00
1.487134963986097e-03	2.422362e-01	1.621836e+00
1.491150453431454e-03	1.667241e-01	1.612227e+00
1.496033265931454e-03	7.476343e-02	1.605646e+00
1.500916078431454e-03	-1.726758e-02	1.602819e+00
1.505798890931454e-03	-1.092823e-01	1.603574e+00
1.510681703431454e-03	-2.011942e-01	1.610147e+00
1.515564515931454e-03	-2.929168e-01	1.634998e+00
1.519748255421034e-03	-3.712914e-01	2.255583e+00
1.522591903987068e-03	-4.244187e-01	3.707339e+00
1.525271918715081e-03	-4.743651e-01	6.747025e+00
1.527814881513694e-03	-5.216333e-01	7.421725e+00
1.530486556623787e-03	-5.711805e-01	7.432689e+00
1.533158231733879e-03	-6.205336e-01	7.442005e+00
1.535829906843972e-03	-6.696926e-01	7.449674e+00
1.538501581954064e-03	-7.186574e-01	7.455695e+00
1.541173257064157e-03	-7.674281e-01	7.460070e+00
1.543844932174249e-03	-8.160047e-01	7.462798e+00
1.546516607284342e-03	-8.643872e-01	7.463878e+00
1.555584687641484e-03	-1.027812e+00	7.471063e+00
1.564652767998627e-03	-1.186657e+00	7.477371e+00
1.573720848355770e-03	-1.340921e+00	7.482802e+00
1.582788928712912e-03	-1.490605e+00	7.487355e+00
1.591857009070055e-03	-1.635708e+00	7.491031e+00
1.600925089427198e-03	-1.776231e+00	7.493830e+00
1.609993169784340e-03	-1.912173e+00	7.495751e+00
1.619758794784340e-03	-2.050325e+00	7.498096e+00
1.629524419784340e-03	-2.180759e+00	7.500135e+00
1.634407232284340e-03	-2.242929e+00	7.501055e+00
1.639290044784340e-03	-2.302987e+00	7.501915e+00
1.644172857284340e-03	-2.360877e+00	7.502717e+00
1.649055669784340e-03	-2.416546e+00	7.503468e+00
1.653938482284339e-03	-2.469940e+00	7.504169e+00
1.658821294784339e-03	-2.521009e+00	7.504822e+00
1.663704107284339e-03	-2.569706e+00	7.505431e+00
1.668586919784339e-03	-2.615985e+00	7.505998e+00
1.673469732284339e-03	-2.659801e+00	7.506523e+00
1.678352544784339e-03	-2.701114e+00	7.507010e+00
1.683235357284339e-03	-2.739885e+00	7.507460e+00
1.688118169784339e-03	-2.776077e+00	7.507874e+00
1.693000982284339e-03	-2.809656e+00	7.508252e+00
1.697883794784338e-03	-2.840591e+00	7.508597e+00
1.702766607284338e-03	-2.868853e+00	7.508909e+00
1.707649419784338e-03	-2.894414e+00	7.509189e+00
1.712532232284338e-03	-2.917252e+00	7.509438e+00
1.717415044784338e-03	-2.937343e+00	7.509655e+00
1.722297857284338e-03	-2.954670e+00	7.509843e+00
1.727180669784338e-03	-2.969217e+00	7.510001e+00
1.732063482284338e-03	-2.980969e+00	7.510130e+00
1.736946294784338e-03	-2.989915e+00	7.510230e+00
1.741829107284338e-03	-2.996047e+00	7.510300e+00
1.746711919784337e-03	-2.999360e+00	7.510343e+00
1.751594732284337e-03	-2.999849e+00	7.510356e+00
1.756477544784337e-03	-2.997516e+00	7.510342e+00
1.761360357284337e-03	-2.992361e+00	7.510298e+00
1.766243169784337e-03	-2.984390e+00	7.510227e+00
1.771125982284337e-03	-2.973609e+00	7.510126e+00
1.776008794784337e-03	-2.960031e+00	7.509996e+00
1.780891607284337e-03	-2.943666e+00	7.509837e+00
1.785774419784337e-03	-2.924531e+00	7.509649e+00
1.790657232284336e-03	-2.902644e+00	7.509430e+00
1.795540044784336e-03	-2.878024e+00	7.509180e+00
1.800422857284336e-03	-2.850696e+00	7.508899e+00
1.805305669784336e-03	-2.820685e+00	7.508586e+00
1.810188482284336e-03	-2.788020e+00	7.508240e+00
1.815071294784336e-03	-2.752730e+00	7.507860e+00
1.819954107284336e-03	-2.714849e+00	7.507446e+00
1.824836919784336e-03	-2.674414e+00	7.506995e+00
1.829719732284336e-03	-2.631461e+00	7.506506e+00
1.834602544784336e-03	-2.586032e+00	7.505980e+00
1.839485357284335e-03	-2.538168e+00	7.505412e+00
1.844368169784335e-03	-2.487916e+00	7.504801e+00
1.849250982284335e-03	-2.435323e+00	7.504146e+00
1.854133794784335e-03	-2.380437e+00	7.503444e+00
1.859016607284335e-03	-2.323311e+00	7.502692e+00
1.863899419784335e-03	-2.263999e+00	7.501887e+00
1.868782232284335e-03	-2.202555e+00	7.501026e+00
1.878547857284335e-03	-2.073509e+00	7.499117e+00
1.888313482284334e-03	-1.936659e+00	7.496926e+00
1.902961919784334e-03	-1.717885e+00	7.492989e+00
1.917610357284334e-03	-1.484569e+00	7.488013e+00
1.925283348355762e-03	-1.356429e+00	7.486394e+00
1.932956339427191e-03	-1.225911e+00	7.483018e+00
1.940629330498619e-03	-1.093016e+00	7.477884e+00
1.948302321570047e-03	-9.577432e-01	7.470993e+00
1.955975312641476e-03	-8.200931e-01	7.462344e+00
1.963648303712904e-03	-6.800654e-01	7.451937e+00
1.971321294784333e-03	-5.376602e-01	7.439773e+00
1.976204107284333e-03	-4.468727e-01	7.422077e+00
1.981086919784332e-03	-3.556647e-01	7.343663e+00
1.983664791007771e-03	-3.073711e-01	5.339163e+00
1.984908946823885e-03	-2.840336e-01	3.909344e+00
1.986202699711974e-03	-2.597474e-01	2.786771e+00
1.986610955300359e-03	-2.520800e-01	2.553716e+00
1.987206942881447e-03	-2.408839e-01	2.251462e+00
1.987960573635627e-03	-2.267215e-01	1.917853e+00
1.988716209696368e-03	-2.125163e-01	1.678985e+00
1.989795550122167e-03	-1.922176e-01	1.630964e+00
1.991705744827698e-03	-1.562723e-01	1.614068e+00
1.995341946294963e-03	-8.778971e-02	1.605088e+00
1.997992540717933e-03	-3.783871e-02	1.603016e+00
2.001335677447828e-03	2.517663e-02	1.602658e+00
2.006174898466053e-03	1.163649e-01	1.604902e+00
2.011057710966053e-03	2.082653e-01	1.610776e+00
2.015940523466053e-03	2.999697e-01	1.621961e+00
2.020823335966053e-03	3.913918e-01	1.646546e+00
2.025706148466053e-03	4.824454e-01	1.817423e+00
2.031286505608910e-03	5.862572e-01	2.250194e+00
2.036866862751767e-03	6.890363e-01	2.677262e+00
2.042447219894624e-03	7.907826e-01	3.098626e+00
2.048027577037481e-03	8.914961e-01	3.514287e+00
2.053607934180338e-03	9.911769e-01	3.924245e+00
2.059188291323195e-03	1.089825e+00	4.328499e+00
2.064768648466052e-03	1.187440e+00	4.727050e+00
2.079417085966052e-03	1.435623e+00	5.730209e+00
2.082904809180337e-03	1.493066e+00	5.960193e+00
2.086392532394623e-03	1.549725e+00	6.186937e+00
2.089880255608909e-03	1.605600e+00	6.410443e+00
2.093367978823194e-03	1.660692e+00	6.630710e+00
2.096855702037480e-03	1.714999e+00	6.847739e+00
2.100343425251765e-03	1.768523e+00	7.061528e+00
2.103831148466051e-03	1.821263e+00	7.272079e+00
2.105803413804131e-03	1.850664e+00	7.351057e+00
2.112191132074251e-03	1.943913e+00	7.419888e+00
2.120686074640167e-03	2.063049e+00	7.444607e+00
2.130451699640166e-03	2.192725e+00	7.457919e+00
2.145100137140166e-03	2.371621e+00	7.468290e+00
2.159748574640166e-03	2.530441e+00	7.473744e+00
2.174397012140165e-03	2.667840e+00	7.476351e+00
2.189045449640165e-03	2.782656e+00	7.477002e+00
2.207879154997307e-03	2.895823e+00	7.477017e+00
2.226712860354450e-03	2.967683e+00	7.477021e+00
2.245546565711592e-03	2.998235e+00	7.477015e+00
2.264380271068735e-03	2.987479e+00	7.477000e+00
2.283213976425877e-03	2.935415e+00	7.476974e+00
2.302047681783020e-03	2.842044e+00	7.476939e+00
2.320881387140162e-03	2.707366e+00	7.476893e+00
2.335529824640162e-03	2.577128e+00	7.475410e+00
2.350178262140162e-03	2.425074e+00	7.471611e+00
2.364826699640161e-03	2.252492e+00	7.464212e+00
2.379475137140161e-03	2.060842e+00	7.449345e+00
2.394123574640161e-03	1.851747e+00	7.392074e+00
2.395868480889427e-03	1.825759e+00	7.348822e+00
2.397282725331471e-03	1.804532e+00	7.243456e+00
2.398696969773515e-03	1.783166e+00	7.142742e+00
2.400111214215559e-03	1.761662e+00	7.046678e+00
2.401525458657604e-03	1.740018e+00	6.955265e+00
2.402939703099648e-03	1.718236e+00	6.868503e+00
2.404353947541692e-03	1.696314e+00	6.786392e+00
2.405768191983737e-03	1.674254e+00	6.708931e+00
2.415533816983736e-03	1.516867e+00	6.077611e+00
2.425299441983736e-03	1.355337e+00	5.434724e+00
2.435065066983736e-03	1.189663e+00	4.780271e+00
2.444830691983736e-03	1.019847e+00	4.114251e+00
2.454596316983736e-03	8.458874e-01	3.436664e+00
2.464361941983735e-03	6.677846e-01	2.747510e+00
2.474127566983735e-03	4.855388e-01	2.046790e+00
2.479010379483735e-03	3.944991e-01	1.712503e+00
2.481389840084465e-03	3.499944e-01	1.655279e+00
2.483696343610184e-03	3.067795e-01	1.636384e+00
2.487103071943907e-03	2.428354e-01	1.621836e+00
2.490446670578499e-03	1.799679e-01	1.613575e+00
2.495329483078499e-03	8.802453e-02	1.606342e+00
2.500212295578499e-03	-4.001676e-03	1.603019e+00
2.505095108078499e-03	-9.602412e-02	1.603197e+00
2.509977920578499e-03	-1.879562e-01	1.608626e+00
2.514860733078499e-03	-2.797114e-01	1.628246e+00
2.519743545578499e-03	-3.712033e-01	2.288121e+00
2.522758029361553e-03	-4.275184e-01	3.891235e+00
2.526087642227866e-03	-4.895414e-01	7.374778e+00
2.527235464409166e-03	-5.108745e-01	7.414406e+00
2.528765893984234e-03	-5.392770e-01	7.428331e+00
2.537020449941101e-03	-6.925184e-01	7.444998e+00
2.545275005897968e-03	-8.429121e-01	7.458972e+00
2.553529561854836e-03	-9.904580e-01	7.470252e+00
2.561784117811704e-03	-1.135156e+00	7.478840e+00
2.570038673768571e-03	-1.277006e+00	7.484734e+00
2.578293229725438e-03	-1.416009e+00	7.487935e+00
2.586547785682306e-03	-1.552164e+00	7.488443e+00
2.601196223182306e-03	-1.781548e+00	7.493325e+00
2.610961848182305e-03	-1.926207e+00	7.495999e+00
2.620727473182305e-03	-2.063616e+00	7.498311e+00
2.630493098182305e-03	-2.193258e+00	7.500323e+00
2.635375910682305e-03	-2.255013e+00	7.501230e+00
2.640258723182305e-03	-2.314645e+00	7.502078e+00
2.645141535682305e-03	-2.372099e+00	7.502871e+00
2.650024348182305e-03	-2.427321e+00	7.503611e+00
2.654907160682304e-03	-2.480258e+00	7.504302e+00
2.659789973182304e-03	-2.530860e+00	7.504946e+00
2.664672785682304e-03	-2.579081e+00	7.505547e+00
2.669555598182304e-03	-2.624874e+00	7.506105e+00
2.674438410682304e-03	-2.668197e+00	7.506623e+00
2.679321223182304e-03	-2.709009e+00	7.507102e+00
2.684204035682304e-03	-2.747271e+00	7.507545e+00
2.689086848182304e-03	-2.782947e+00	7.507951e+00
2.693969660682304e-03	-2.816005e+00	7.508323e+00
2.698852473182304e-03	-2.846411e+00	7.508661e+00
2.703735285682303e-03	-2.874139e+00	7.508967e+00
2.708618098182303e-03	-2.899162e+00	7.509241e+00
2.713500910682303e-03	-2.921456e+00	7.509483e+00
2.718383723182303e-03	-2.941001e+00	7.509695e+00
2.723266535682303e-03	-2.957778e+00	7.509877e+00
2.728149348182303e-03	-2.971771e+00	7.510029e+00
2.733032160682303e-03	-2.982967e+00	7.510152e+00
2.737914973182303e-03	-2.991356e+00	7.510246e+00
2.742797785682303e-03	-2.996929e+00	7.510311e+00
2.747680598182302e-03	-2.999681e+00	7.510348e+00
2.752563410682302e-03	-2.999611e+00	7.510356e+00
2.757446223182302e-03	-2.996717e+00	7.510335e+00
2.762329035682302e-03	-2.991003e+00	7.510286e+00
2.767211848182302e-03	-2.982474e+00	7.510209e+00
2.772094660682302e-03	-2.971138e+00	7.510103e+00
2.776977473182302e-03	-2.957006e+00	7.509967e+00
2.781860285682302e-03	-2.940090e+00	7.509802e+00
2.786743098182302e-03	-2.920407e+00	7.509608e+00
2.791625910682302e-03	-2.897976e+00	7.509383e+00
2.796508723182301e-03	-2.872818e+00	7.509127e+00
2.801391535682301e-03	-2.844955e+00	7.508840e+00
2.806274348182301e-03	-2.814415e+00	7.508520e+00
2.811157160682301e-03	-2.781226e+00	7.508168e+00
2.816039973182301e-03	-2.745420e+00	7.507781e+00
2.820922785682301e-03	-2.707030e+00	7.507359e+00
2.825805598182301e-03	-2.666091e+00	7.506901e+00
2.830688410682301e-03	-2.622644e+00	7.506405e+00
2.835571223182301e-03	-2.576728e+00	7.505870e+00
2.840454035682300e-03	-2.528388e+00	7.505294e+00
2.845336848182300e-03	-2.477667e+00	7.504675e+00
2.850219660682300e-03	-2.424615e+00	7.504011e+00
2.855102473182300e-03	-2.369281e+00	7.503299e+00
2.859985285682300e-03	-2.311717e+00	7.502536e+00
2.864868098182300e-03	-2.251977e+00	7.501721e+00
2.869750910682300e-03	-2.190117e+00	7.500848e+00
2.879516535682300e-03	-2.060275e+00	7.498913e+00
2.889282160682299e-03	-1.922678e+00	7.496692e+00
2.903930598182299e-03	-1.702884e+00	7.492696e+00
2.918579035682299e-03	-1.468675e+00	7.487637e+00
2.926252026753727e-03	-1.340118e+00	7.486142e+00
2.933925017825156e-03	-1.209224e+00	7.482737e+00
2.941598008896584e-03	-1.075992e+00	7.477423e+00
2.949270999968012e-03	-9.404221e-01	7.470200e+00
2.956943991039441e-03	-8.025147e-01	7.461068e+00
2.964616982110869e-03	-6.622696e-01	7.450026e+00
2.972289973182298e-03	-5.196868e-01	7.437075e+00
2.977172785682298e-03	-4.288091e-01	7.416569e+00
2.982055598182297e-03	-3.375278e-01	6.478552e+00
2.982665949744797e-03	-3.260936e-01	5.946110e+00
2.983886652869798e-03	-3.032108e-01	4.661898e+00
2.984469493557636e-03	-2.922788e-01	3.979006e+00
2.985135729010681e-03	-2.797778e-01	3.354941e+00
2.985430994991211e-03	-2.742359e-01	3.141797e+00
2.985859873490862e-03	-2.661846e-01	2.867125e+00
2.986438144688706e-03	-2.553257e-01	2.543949e+00
2.987232102630444e-03	-2.404111e-01	2.162127e+00
2.988336841066448e-03	-2.196486e-01	1.724088e+00
2.989324157368739e-03	-2.010840e-01	1.638512e+00
2.990307577180480e-03	-1.825850e-01	1.622974e+00
2.993046800535057e-03	-1.310230e-01	1.609271e+00
2.997598560426101e-03	-4.526435e-02	1.603184e+00
3.000656886753670e-03	1.238199e-02	1.602611e+00
3.005539699253670e-03	1.043998e-01	1.604416e+00
3.010422511753670e-03	1.963193e-01	1.609770e+00
3.015305324253670e-03	2.880541e-01	1.620063e+00
3.020188136753670e-03	3.795178e-01	1.641648e+00
3.024103984233752e-03	4.526145e-01	1.712957e+00
3.026243147681694e-03	4.924331e-01	1.857081e+00
3.035373345780981e-03	6.626072e-01	2.567076e+00
3.044503543880268e-03	8.292711e-01	3.258051e+00
3.053633741979555e-03	9.924250e-01	3.930007e+00
3.062763940078842e-03	1.152069e+00	4.582941e+00
3.071894138178129e-03	1.308202e+00	5.216856e+00
3.081024336277415e-03	1.460826e+00	5.831750e+00
3.090154534376702e-03	1.609939e+00	6.427625e+00
3.103342105748850e-03	1.813929e+00	7.243649e+00
3.105312615327841e-03	1.843374e+00	7.337733e+00
3.109843401335740e-03	1.909997e+00	7.405965e+00
3.122508625121632e-03	2.087855e+00	7.447753e+00
3.137157062621631e-03	2.277014e+00	7.463505e+00
3.151805500121631e-03	2.446898e+00	7.471227e+00
3.166453937621631e-03	2.596069e+00	7.475224e+00
3.181102375121630e-03	2.723263e+00	7.476850e+00
3.201331169764487e-03	2.861514e+00	7.476946e+00
3.221559964407344e-03	2.952210e+00	7.477008e+00
3.241788759050201e-03	2.995353e+00	7.477036e+00
3.262017553693057e-03	2.990943e+00	7.477031e+00
3.282246348335914e-03	2.938979e+00	7.476992e+00
3.302475142978770e-03	2.839461e+00	7.476919e+00
3.322703937621627e-03	2.692389e+00	7.476813e+00
3.337352375121627e-03	2.559373e+00	7.475080e+00
3.352000812621627e-03	2.404692e+00	7.470927e+00
3.366649250121626e-03	2.229654e+00	7.462910e+00
3.381297687621626e-03	2.035742e+00	7.446417e+00
3.391063312621626e-03	1.896786e+00	7.417540e+00
3.395946125121626e-03	1.824597e+00	7.349232e+00
3.397607811169662e-03	1.799635e+00	7.195753e+00
3.400890821381169e-03	1.749717e+00	7.006387e+00
3.404173831592674e-03	1.699100e+00	6.811523e+00
3.407456841804181e-03	1.647784e+00	6.611162e+00
3.410739852015687e-03	1.595768e+00	6.405304e+00
3.414022862227193e-03	1.543053e+00	6.193947e+00
3.417305872438699e-03	1.489638e+00	5.977094e+00
3.420588882650206e-03	1.435524e+00	5.754742e+00
3.428261873721634e-03	1.306118e+00	5.240433e+00
3.435934864793063e-03	1.174458e+00	4.720406e+00
3.443607855864491e-03	1.040543e+00	4.194663e+00
3.451280846935919e-03	9.043731e-01	3.663204e+00
3.458953838007347e-03	7.659484e-01	3.126027e+00
3.466626829078776e-03	6.252688e-01	2.583134e+00
3.474299820150204e-03	4.823344e-01	2.034524e+00
3.479182632650204e-03	3.912802e-01	1.704932e+00
3.480182632650204e-03	3.725840e-01	1.674406e+00
3.483028187183228e-03	3.193052e-01	1.640516e+00
3.485623501716382e-03	2.706222e-01	1.627180e+00
3.488358051127636e-03	2.192499e-01	1.618384e+00
3.493240863627636e-03	1.273684e-01	1.608886e+00
3.498123676127636e-03	3.536705e-02	1.604020e+00
3.503006488627636e-03	-5.666760e-02	1.602651e+00
3.507889301127636e-03	-1.486489e-01	1.605400e+00
3.512772113627636e-03	-2.404903e-01	1.616612e+00
3.517654926127636e-03	-3.321054e-01	1.694263e+00
3.520893584786471e-03	-3.927045e-01	2.615887e+00
3.523377084293334e-03	-4.390649e-01	4.344729e+00
3.525622949129648e-03	-4.808975e-01	7.273772e+00
3.527536948349207e-03	-5.164734e-01	7.420455e+00
3.532417380401878e-03	-6.068368e-01	7.441540e+00
3.541185872696184e-03	-7.688650e-01	7.454221e+00
3.549954364990489e-03	-9.273890e-01	7.465030e+00
3.558722857284795e-03	-1.082409e+00	7.473969e+00
3.567491349579101e-03	-1.233924e+00	7.481036e+00
3.576259841873407e-03	-1.381935e+00	7.486231e+00
3.585028334167713e-03	-1.526442e+00	7.489556e+00
3.593796826462018e-03	-1.667445e+00	7.491009e+00
3.608445263962018e-03	-1.889600e+00	7.495347e+00
3.618210888962018e-03	-2.028928e+00	7.497746e+00
3.627976513962018e-03	-2.160620e+00	7.499831e+00
3.632859326462018e-03	-2.223446e+00	7.500770e+00
3.637742138962017e-03	-2.284179e+00	7.501648e+00
3.642624951462017e-03	-2.342763e+00	7.502469e+00
3.647507763962017e-03	-2.399142e+00	7.503235e+00
3.652390576462017e-03	-2.453263e+00	7.503952e+00
3.657273388962017e-03	-2.505075e+00	7.504620e+00
3.662156201462017e-03	-2.554528e+00	7.505243e+00
3.667039013962017e-03	-2.601578e+00	7.505822e+00
3.671921826462017e-03	-2.646180e+00	7.506361e+00
3.676804638962017e-03	-2.688291e+00	7.506860e+00
3.681687451462017e-03	-2.727871e+00	7.507321e+00
3.686570263962016e-03	-2.764885e+00	7.507746e+00
3.691453076462016e-03	-2.799296e+00	7.508136e+00
3.696335888962016e-03	-2.831073e+00	7.508491e+00
3.701218701462016e-03	-2.860185e+00	7.508813e+00
3.706101513962016e-03	-2.886605e+00	7.509104e+00
3.710984326462016e-03	-2.910308e+00	7.509362e+00
3.715867138962016e-03	-2.931273e+00	7.509590e+00
3.720749951462016e-03	-2.949478e+00	7.509787e+00
3.725632763962016e-03	-2.964907e+00	7.509954e+00
3.730515576462015e-03	-2.977546e+00	7.510092e+00
3.735398388962015e-03	-2.987383e+00	7.510201e+00
3.740281201462015e-03	-2.994408e+00	7.510281e+00
3.745164013962015e-03	-2.998615e+00	7.510332e+00
3.750046826462015e-03	-3.000000e+00	7.510355e+00
3.754929638962015e-03	-2.998561e+00	7.510349e+00
3.759812451462015e-03	-2.994300e+00	7.510315e+00
3.764695263962015e-03	-2.987221e+00	7.510252e+00
3.769578076462015e-03	-2.977330e+00	7.510161e+00
3.774460888962015e-03	-2.964638e+00	7.510041e+00
3.779343701462014e-03	-2.949155e+00	7.509891e+00
3.784226513962014e-03	-2.930896e+00	7.509712e+00
3.789109326462014e-03	-2.909879e+00	7.509502e+00
3.793992138962014e-03	-2.886123e+00	7.509263e+00
3.798874951462014e-03	-2.859651e+00	7.508992e+00
3.803757763962014e-03	-2.830488e+00	7.508689e+00
3.808640576462014e-03	-2.798661e+00	7.508353e+00
3.813523388962014e-03	-2.764199e+00	7.507985e+00
3.818406201462014e-03	-2.727136e+00	7.507581e+00
3.823289013962014e-03	-2.687507e+00	7.507142e+00
3.828171826462013e-03	-2.645348e+00	7.506666e+00
3.833054638962013e-03	-2.600699e+00	7.506151e+00
3.837937451462013e-03	-2.553602e+00	7.505596e+00
3.842820263962013e-03	-2.504103e+00	7.504999e+00
3.847703076462013e-03	-2.452246e+00	7.504359e+00
3.852585888962013e-03	-2.398082e+00	7.503672e+00
3.857468701462013e-03	-2.341660e+00	7.502936e+00
3.862351513962013e-03	-2.283035e+00	7.502148e+00
3.867234326462013e-03	-2.222260e+00	7.501305e+00
3.876999951462012e-03	-2.094497e+00	7.499437e+00
3.886765576462012e-03	-1.958850e+00	7.497294e+00
3.901414013962012e-03	-1.741723e+00	7.493448e+00
3.916062451462012e-03	-1.509853e+00	7.488600e+00
3.923735442533440e-03	-1.382388e+00	7.486836e+00
3.931408433604868e-03	-1.252482e+00	7.483516e+00
3.939081424676296e-03	-1.120135e+00	7.478641e+00
3.946754415747726e-03	-9.853478e-01	7.472211e+00
3.954427406819154e-03	-8.481192e-01	7.464225e+00
3.962100397890582e-03	-7.084497e-01	7.454683e+00
3.969773388962010e-03	-5.663393e-01	7.443586e+00
3.979539013962010e-03	-3.846190e-01	7.394379e+00
3.983480578023544e-03	-3.108250e-01	5.082649e+00
3.984948615177728e-03	-2.832892e-01	3.606486e+00
3.986468024662329e-03	-2.547645e-01	2.532318e+00
3.987106699803116e-03	-2.427672e-01	2.222067e+00
3.987907885138512e-03	-2.277118e-01	1.881710e+00
3.988704073999787e-03	-2.127445e-01	1.667848e+00
3.989740391949590e-03	-1.932551e-01	1.630265e+00
3.991681374798872e-03	-1.567310e-01	1.613927e+00
3.995549436157499e-03	-8.388022e-02	1.604828e+00
3.998288446583906e-03	-3.226140e-02	1.603036e+00
4.001777550975858e-03	3.350535e-02	1.602727e+00
4.006660363475857e-03	1.255082e-01	1.605311e+00
4.011543175975857e-03	2.173930e-01	1.611603e+00
4.016425988475857e-03	3.090732e-01	1.623536e+00
4.021308800975857e-03	4.004625e-01	1.651174e+00
4.026191613475857e-03	4.914749e-01	1.853340e+00
4.040840050975857e-03	7.613963e-01	2.977192e+00
4.055488488475856e-03	1.024872e+00	4.063287e+00
4.062463934904428e-03	1.147981e+00	4.565413e+00
4.069439381332999e-03	1.268322e+00	5.054231e+00
4.076414827761571e-03	1.385897e+00	5.529741e+00
4.083390274190141e-03	1.500704e+00	5.991943e+00
4.090365720618713e-03	1.612745e+00	6.440838e+00
4.097341167047284e-03	1.722019e+00	6.876425e+00
4.104316613475855e-03	1.828526e+00	7.298705e+00
4.107483976050645e-03	1.875492e+00	7.382028e+00
4.110074438361483e-03	1.913374e+00	7.402120e+00
4.112664900672321e-03	1.950726e+00	7.418872e+00
4.115255362983159e-03	1.987547e+00	7.432283e+00
4.117845825293997e-03	2.023838e+00	7.442354e+00
4.120436287604836e-03	2.059599e+00	7.449083e+00
4.123026749915673e-03	2.094830e+00	7.452471e+00
4.125617212226511e-03	2.129531e+00	7.452519e+00
4.140265649726511e-03	2.314728e+00	7.465577e+00
4.154914087226511e-03	2.480331e+00	7.472322e+00
4.169562524726510e-03	2.624938e+00	7.475740e+00
4.184210962226510e-03	2.747323e+00	7.476956e+00
4.193279042583653e-03	2.811817e+00	7.476974e+00
4.202347122940795e-03	2.866831e+00	7.476989e+00
4.211415203297938e-03	2.912363e+00	7.476999e+00
4.220483283655081e-03	2.948414e+00	7.477005e+00
4.229551364012224e-03	2.974985e+00	7.477006e+00
4.238619444369366e-03	2.992075e+00	7.477004e+00
4.247687524726509e-03	2.999683e+00	7.476997e+00
4.258150694369365e-03	2.995674e+00	7.477014e+00
4.268613864012223e-03	2.979063e+00	7.477020e+00
4.279077033655080e-03	2.949849e+00	7.477015e+00
4.289540203297936e-03	2.908034e+00	7.477000e+00
4.300003372940793e-03	2.853616e+00	7.476975e+00
4.310466542583651e-03	2.786596e+00	7.476939e+00
4.320929712226507e-03	2.706973e+00	7.476892e+00
4.335578149726507e-03	2.576662e+00	7.475402e+00
4.350226587226507e-03	2.424538e+00	7.471594e+00
4.364875024726506e-03	2.251890e+00	7.464180e+00
4.379523462226506e-03	2.060180e+00	7.449272e+00
4.394171899726506e-03	1.851030e+00	7.391423e+00
4.396027800309021e-03	1.823375e+00	7.340828e+00
4.397049952618533e-03	1.808036e+00	7.261331e+00
4.398072104928044e-03	1.792625e+00	7.185896e+00
4.399094257237556e-03	1.777140e+00	7.114523e+00
4.400116409547068e-03	1.761582e+00	7.047212e+00
4.401138561856580e-03	1.745951e+00	6.983963e+00
4.402160714166091e-03	1.730246e+00	6.924777e+00
4.403182866475603e-03	1.714469e+00	6.869653e+00
4.412932810122712e-03	1.558965e+00	6.245268e+00
4.422682753769820e-03	1.399160e+00	5.608487e+00
4.432432697416928e-03	1.235052e+00	4.959308e+00
4.442182641064035e-03	1.066642e+00	4.297731e+00
4.451932584711144e-03	8.939295e-01	3.623758e+00
4.461682528358252e-03	7.169150e-01	2.937387e+00
4.471432472005360e-03	5.355983e-01	2.238619e+00
4.477315284505360e-03	4.261505e-01	1.819881e+00
4.479192100112318e-03	3.911033e-01	1.704336e+00
4.480684741115676e-03	3.631910e-01	1.664958e+00
4.482140776384137e-03	3.359324e-01	1.647541e+00
4.484105617843189e-03	2.991043e-01	1.634069e+00
4.486667745873195e-03	2.510132e-01	1.623382e+00
4.491550558373195e-03	1.591934e-01	1.611533e+00
4.496433370873195e-03	6.722375e-02	1.605283e+00
4.501316183373195e-03	-2.480919e-02	1.602737e+00
4.506198995873195e-03	-1.168188e-01	1.603837e+00
4.511081808373195e-03	-2.087184e-01	1.611136e+00
4.515964620873195e-03	-3.004216e-01	1.639825e+00
4.519923558759731e-03	-3.745701e-01	2.304090e+00
4.522716860032864e-03	-4.267502e-01	3.803873e+00
4.525688904310031e-03	-4.821246e-01	7.322178e+00
4.528105161532156e-03	-5.270207e-01	7.425673e+00
4.536269676688266e-03	-6.787031e-01	7.443186e+00
4.544434191844377e-03	-8.276471e-01	7.457828e+00
4.552598707000487e-03	-9.738524e-01	7.469597e+00
4.560763222156598e-03	-1.117319e+00	7.478494e+00
4.568927737312709e-03	-1.258047e+00	7.484518e+00
4.577092252468820e-03	-1.396037e+00	7.487670e+00
4.585256767624930e-03	-1.531288e+00	7.487950e+00
4.599905205124930e-03	-1.761910e+00	7.492941e+00
4.614553642624929e-03	-1.977617e+00	7.496888e+00
4.624319267624929e-03	-2.112228e+00	7.499084e+00
4.634084892624929e-03	-2.238889e+00	7.500996e+00
4.638967705124929e-03	-2.299088e+00	7.501860e+00
4.643850517624929e-03	-2.357123e+00	7.502666e+00
4.648733330124929e-03	-2.412940e+00	7.503420e+00
4.653616142624929e-03	-2.466486e+00	7.504124e+00
4.658498955124928e-03	-2.517711e+00	7.504780e+00
4.663381767624928e-03	-2.566566e+00	7.505392e+00
4.668264580124928e-03	-2.613005e+00	7.505961e+00
4.673147392624928e-03	-2.656985e+00	7.506490e+00
4.678030205124928e-03	-2.698465e+00	7.506979e+00
4.682913017624928e-03	-2.737404e+00	7.507432e+00
4.687795830124928e-03	-2.773768e+00	7.507847e+00
4.692678642624928e-03	-2.807521e+00	7.508228e+00
4.697561455124928e-03	-2.838631e+00	7.508575e+00
4.702444267624927e-03	-2.867070e+00	7.508889e+00
4.707327080124927e-03	-2.892810e+00	7.509171e+00
4.712209892624927e-03	-2.915828e+00	7.509422e+00
4.717092705124927e-03	-2.936102e+00	7.509642e+00
4.721975517624927e-03	-2.953612e+00	7.509831e+00
4.726858330124927e-03	-2.968343e+00	7.509992e+00
4.731741142624927e-03	-2.980279e+00	7.510122e+00
4.736623955124927e-03	-2.989411e+00	7.510224e+00
4.741506767624927e-03	-2.995729e+00	7.510296e+00
4.746389580124927e-03	-2.999228e+00	7.510341e+00
4.751272392624926e-03	-2.999904e+00	7.510356e+00
4.756155205124926e-03	-2.997757e+00	7.510344e+00
4.761038017624926e-03	-2.992788e+00	7.510302e+00
4.765920830124926e-03	-2.985003e+00	7.510232e+00
4.770803642624926e-03	-2.974408e+00	7.510134e+00
4.775686455124926e-03	-2.961013e+00	7.510006e+00
4.780569267624926e-03	-2.944832e+00	7.509849e+00
4.785452080124926e-03	-2.925879e+00	7.509662e+00
4.790334892624926e-03	-2.904173e+00	7.509445e+00
4.795217705124926e-03	-2.879734e+00	7.509198e+00
4.800100517624925e-03	-2.852583e+00	7.508919e+00
4.804983330124925e-03	-2.822749e+00	7.508608e+00
4.809866142624925e-03	-2.790257e+00	7.508264e+00
4.814748955124925e-03	-2.755140e+00	7.507886e+00
4.819631767624925e-03	-2.717429e+00	7.507474e+00
4.824514580124925e-03	-2.677161e+00	7.507026e+00
4.829397392624925e-03	-2.634373e+00	7.506540e+00
4.834280205124925e-03	-2.589106e+00	7.506015e+00
4.839163017624925e-03	-2.541402e+00	7.505450e+00
4.844045830124924e-03	-2.491307e+00	7.504843e+00
4.848928642624924e-03	-2.438866e+00	7.504191e+00
4.853811455124924e-03	-2.384130e+00	7.503492e+00
4.858694267624924e-03	-2.327150e+00	7.502743e+00
4.863577080124924e-03	-2.267980e+00	7.501942e+00
4.868459892624924e-03	-2.206676e+00	7.501084e+00
4.878225517624924e-03	-2.077896e+00	7.499184e+00
4.887991142624924e-03	-1.941295e+00	7.497004e+00
4.902639580124923e-03	-1.722862e+00	7.493086e+00
4.917288017624923e-03	-1.489846e+00	7.488136e+00
4.924961008696351e-03	-1.361845e+00	7.486483e+00
4.932633999767779e-03	-1.231454e+00	7.483117e+00
4.940306990839208e-03	-1.098672e+00	7.478040e+00
4.947979981910637e-03	-9.634993e-01	7.471251e+00
4.955652972982065e-03	-8.259358e-01	7.462750e+00
4.963325964053493e-03	-6.859816e-01	7.452538e+00
4.970998955124922e-03	-5.436367e-01	7.440613e+00
4.975881767624922e-03	-4.528800e-01	7.423685e+00
4.980764580124922e-03	-3.616971e-01	7.364434e+00
4.983712957563547e-03	-3.064680e-01	5.180422e+00
4.984963904569293e-03	-2.830023e-01	3.790546e+00
4.986425008906114e-03	-2.555724e-01	2.626123e+00
4.986915303865232e-03	-2.463630e-01	2.369470e+00
4.987589879912974e-03	-2.336883e-01	2.056768e+00
4.988338243408014e-03	-2.196223e-01	1.755254e+00
4.989154918538575e-03	-2.042668e-01	1.646764e+00
4.989963872476185e-03	-1.890512e-01	1.627999e+00
4.992141534941271e-03	-1.480684e-01	1.612195e+00
4.996220889526352e-03	-7.122786e-02	1.604218e+00
5.000000000000000e-03	-3.673940e-15	1.602639e+00
