time	V(vin)	V(vout)
0.000000000000000e+00	0.000000e+00	8.800926e-06
7.142857226329270e-09	1.346397e-04	5.919359e-06
1.428571445265854e-08	2.692794e-04	1.402160e-05
2.142857167898781e-08	4.039190e-04	3.310765e-05
2.857142890531708e-08	5.385587e-04	6.317751e-05
3.571428613164635e-08	6.731984e-04	1.042312e-04
4.285714335797562e-08	8.078381e-04	1.562686e-04
5.000000058430487e-08	9.424778e-04	2.192899e-04
7.624427165319750e-08	1.437171e-03	6.073564e-04
1.175542735224885e-07	2.215846e-03	1.639569e-03
1.694071673789510e-07	3.193249e-03	3.560357e-03
2.648843166418195e-07	4.992949e-03	8.371150e-03
3.659821828927725e-07	6.898595e-03	1.462808e-02
5.131158221530968e-07	9.671989e-03	2.477638e-02
6.614594665821861e-07	1.246818e-02	3.560122e-02
1.637909781187374e-06	3.087333e-02	1.090024e-01
6.693405684507495e-06	1.263772e-01	4.910096e-01
1.174890158782762e-05	2.215121e-01	8.715552e-01
1.680439749114773e-05	3.162781e-01	1.250640e+00
2.185989339446786e-05	4.106751e-01	1.628262e+00
2.691538929778798e-05	5.047031e-01	2.004424e+00
3.197088520110810e-05	5.983621e-01	2.379124e+00
3.702638110442821e-05	6.916522e-01	2.752362e+00
4.777526503299965e-05	8.891555e-01	3.542596e+00
5.852414896157108e-05	1.080509e+00	4.308290e+00
6.927303289014253e-05	1.265712e+00	5.049444e+00
8.002191681871396e-05	1.444765e+00	5.766059e+00
9.077080074728540e-05	1.617668e+00	6.458134e+00
1.015196846758568e-04	1.784422e+00	7.125670e+00
1.122685686044282e-04	1.945025e+00	7.768666e+00
1.297071846758568e-04	2.188073e+00	8.741950e+00
1.471458007472854e-04	2.399652e+00	9.589439e+00
1.645844168187140e-04	2.579760e+00	1.031114e+01
1.820230328901426e-04	2.728397e+00	1.090704e+01
1.994616489615712e-04	2.845564e+00	1.137714e+01
2.169002650329998e-04	2.931261e+00	1.172146e+01
2.343388811044283e-04	2.985487e+00	1.193998e+01
2.538701311044284e-04	2.995386e+00	1.198143e+01
2.734013811044284e-04	2.963306e+00	1.185489e+01
2.929326311044284e-04	2.889246e+00	1.156038e+01
3.124638811044284e-04	2.773206e+00	1.109788e+01
3.319951311044284e-04	2.615187e+00	1.046740e+01
3.515263811044285e-04	2.415189e+00	9.668944e+00
3.710576311044284e-04	2.173211e+00	8.702501e+00
3.825040596758570e-04	2.016634e+00	8.076961e+00
3.939504882472856e-04	1.851898e+00	7.418719e+00
4.053969168187142e-04	1.679003e+00	6.727776e+00
4.168433453901428e-04	1.497948e+00	6.004132e+00
4.282897739615714e-04	1.308733e+00	5.247786e+00
4.397362025330000e-04	1.111359e+00	4.458739e+00
4.511826311044285e-04	9.058245e-01	3.636991e+00
4.574772739615714e-04	7.915381e-01	3.180026e+00
4.637719168187143e-04	6.764800e-01	2.719951e+00
4.700665596758572e-04	5.606501e-01	2.256767e+00
4.763612025330000e-04	4.440486e-01	1.790473e+00
4.826558453901429e-04	3.266754e-01	1.321070e+00
4.889504882472858e-04	2.085304e-01	8.485582e-01
4.952451311044287e-04	8.961383e-02	3.729365e-01
5.060107561044287e-04	-1.132732e-01	-4.385807e-01
5.131458007472859e-04	-2.481064e-01	-9.779345e-01
5.202808453901431e-04	-3.817989e-01	-1.512754e+00
5.274158900330003e-04	-5.143508e-01	-2.043039e+00
5.345509346758574e-04	-6.457619e-01	-2.568791e+00
5.416859793187145e-04	-7.760324e-01	-3.090008e+00
5.488210239615718e-04	-9.051623e-01	-3.606690e+00
5.559560686044289e-04	-1.033151e+00	-4.118839e+00
5.686547293187146e-04	-1.257395e+00	-5.016228e+00
5.813533900330004e-04	-1.470488e+00	-5.869091e+00
5.940520507472861e-04	-1.672430e+00	-6.677426e+00
6.067507114615718e-04	-1.863222e+00	-7.441234e+00
6.194493721758576e-04	-2.042863e+00	-8.160514e+00
6.321480328901433e-04	-2.211353e+00	-8.835267e+00
6.448466936044290e-04	-2.368693e+00	-9.465493e+00
6.755386578901433e-04	-2.681430e+00	-1.071898e+01
7.062306221758577e-04	-2.887376e+00	-1.154531e+01
7.369225864615720e-04	-2.986532e+00	-1.194450e+01
7.676145507472863e-04	-2.978898e+00	-1.191654e+01
7.983065150330007e-04	-2.864474e+00	-1.146143e+01
8.289984793187150e-04	-2.643259e+00	-1.057917e+01
8.596904436044292e-04	-2.315255e+00	-9.269757e+00
8.718344168187149e-04	-2.160372e+00	-8.651088e+00
8.839783900330007e-04	-1.995512e+00	-7.992447e+00
8.961223632472864e-04	-1.820676e+00	-7.293833e+00
9.082663364615722e-04	-1.635863e+00	-6.555247e+00
9.204103096758579e-04	-1.441073e+00	-5.776689e+00
9.325542828901436e-04	-1.236307e+00	-4.958158e+00
9.446982561044293e-04	-1.021563e+00	-4.099655e+00
9.516904436044293e-04	-8.960340e-01	-3.597768e+00
9.586826311044292e-04	-7.694059e-01	-3.091459e+00
9.656748186044292e-04	-6.416790e-01	-2.580727e+00
9.726670061044291e-04	-5.128534e-01	-2.065574e+00
9.796591936044291e-04	-3.829290e-01	-1.545999e+00
9.866513811044291e-04	-2.519059e-01	-1.022001e+00
9.936435686044289e-04	-1.197841e-01	-4.935813e-01
9.961647739615718e-04	-7.225611e-02	-3.034888e-01
9.986859793187145e-04	-2.473964e-02	-1.134379e-01
1.001207184675857e-03	2.276538e-02	7.657120e-02
1.003728390033000e-03	7.025892e-02	2.665386e-01
1.006249595390143e-03	1.177410e-01	4.564643e-01
1.008770800747286e-03	1.652116e-01	6.463483e-01
1.011292006104428e-03	2.126708e-01	8.361906e-01
1.018838881104428e-03	3.550074e-01	1.405570e+00
1.026385756104428e-03	4.957811e-01	1.968731e+00
1.033932631104428e-03	6.349918e-01	2.525672e+00
1.041479506104428e-03	7.726394e-01	3.076393e+00
1.049026381104427e-03	9.087241e-01	3.620895e+00
1.056573256104427e-03	1.043246e+00	4.159178e+00
1.064120131104427e-03	1.176204e+00	4.691241e+00
1.076818791818712e-03	1.395410e+00	5.568524e+00
1.089517452532998e-03	1.602679e+00	6.398134e+00
1.102216113247283e-03	1.798011e+00	7.180072e+00
1.114914773961569e-03	1.981407e+00	7.914338e+00
1.127613434675854e-03	2.152865e+00	8.600932e+00
1.140312095390140e-03	2.312387e+00	9.239853e+00
1.153010756104425e-03	2.459972e+00	9.831102e+00
1.182307631104424e-03	2.734924e+00	1.093341e+01
1.211604506104424e-03	2.912243e+00	1.164519e+01
1.240901381104423e-03	2.991928e+00	1.196643e+01
1.270198256104423e-03	2.973979e+00	1.189714e+01
1.299495131104422e-03	2.858398e+00	1.143732e+01
1.328792006104421e-03	2.645183e+00	1.058697e+01
1.358088881104421e-03	2.334335e+00	9.346081e+00
1.370089997175849e-03	2.183173e+00	8.742294e+00
1.382091113247277e-03	2.022074e+00	8.098696e+00
1.394092229318706e-03	1.851039e+00	7.415286e+00
1.406093345390134e-03	1.670067e+00	6.692064e+00
1.418094461461562e-03	1.479159e+00	5.929030e+00
1.430095577532991e-03	1.278314e+00	5.126185e+00
1.442096693604419e-03	1.067533e+00	4.283527e+00
1.449088881104419e-03	9.426957e-01	3.784413e+00
1.456081068604418e-03	8.166727e-01	3.280527e+00
1.463073256104418e-03	6.894635e-01	2.771869e+00
1.470065443604418e-03	5.610682e-01	2.258438e+00
1.477057631104418e-03	4.314867e-01	1.740235e+00
1.484049818604418e-03	3.007189e-01	1.217261e+00
1.491042006104417e-03	1.687651e-01	6.895134e-01
1.494403613247274e-03	1.053977e-01	4.360687e-01
1.497765220390132e-03	4.205368e-02	1.827104e-01
1.501126827532989e-03	-2.126695e-02	-7.056133e-02
1.504488434675846e-03	-8.456421e-02	-3.237465e-01
1.507850041818703e-03	-1.478381e-01	-5.768452e-01
1.511211648961560e-03	-2.110886e-01	-8.298574e-01
1.514573256104417e-03	-2.743157e-01	-1.082783e+00
1.522674818604417e-03	-4.268911e-01	-1.693149e+00
1.530776381104416e-03	-5.774120e-01	-2.295332e+00
1.538877943604416e-03	-7.258783e-01	-2.889335e+00
1.546979506104416e-03	-8.722902e-01	-3.475155e+00
1.555081068604416e-03	-1.016648e+00	-4.052795e+00
1.563182631104415e-03	-1.158950e+00	-4.622252e+00
1.571284193604415e-03	-1.299199e+00	-5.183528e+00
1.584537541818701e-03	-1.522903e+00	-6.078891e+00
1.597790890032986e-03	-1.732703e+00	-6.918712e+00
1.611044238247272e-03	-1.928599e+00	-7.702990e+00
1.624297586461557e-03	-2.110590e+00	-8.431726e+00
1.637550934675843e-03	-2.278678e+00	-9.104919e+00
1.650804282890128e-03	-2.432860e+00	-9.722569e+00
1.664057631104413e-03	-2.573139e+00	-1.028468e+01
1.691959416818699e-03	-2.802943e+00	-1.120631e+01
1.719861202532983e-03	-2.944048e+00	-1.177313e+01
1.747762988247269e-03	-2.996455e+00	-1.198514e+01
1.775664773961554e-03	-2.960162e+00	-1.184234e+01
1.803566559675839e-03	-2.835170e+00	-1.134473e+01
1.831468345390124e-03	-2.621479e+00	-1.049231e+01
1.859370131104409e-03	-2.319090e+00	-9.285073e+00
1.871514104318695e-03	-2.164555e+00	-8.667800e+00
1.883658077532980e-03	-2.000016e+00	-8.010440e+00
1.895802050747266e-03	-1.825471e+00	-7.312993e+00
1.907946023961551e-03	-1.640920e+00	-6.575461e+00
1.920089997175836e-03	-1.446365e+00	-5.797841e+00
1.932233970390122e-03	-1.241804e+00	-4.980135e+00
1.944377943604407e-03	-1.027238e+00	-4.122343e+00
1.951370131104407e-03	-9.017942e-01	-3.620799e+00
1.958362318604407e-03	-7.752401e-01	-3.114787e+00
1.965354506104407e-03	-6.475757e-01	-2.604307e+00
1.972346693604407e-03	-5.188012e-01	-2.089359e+00
1.979338881104407e-03	-3.889166e-01	-1.569944e+00
1.986331068604407e-03	-2.579217e-01	-1.046060e+00
1.993323256104407e-03	-1.258167e-01	-5.177096e-01
2.010971693604407e-03	2.066478e-01	8.120980e-01
2.018518568604407e-03	3.490115e-01	1.381585e+00
2.026065443604407e-03	4.898255e-01	1.944905e+00
2.033612318604407e-03	6.290896e-01	2.502058e+00
2.041159193604407e-03	7.668039e-01	3.053045e+00
2.048706068604407e-03	9.029683e-01	3.597865e+00
2.056252943604407e-03	1.037583e+00	4.136518e+00
2.063799818604407e-03	1.170648e+00	4.669004e+00
2.076498479318692e-03	1.390064e+00	5.547126e+00
2.089197140032978e-03	1.597573e+00	6.377695e+00
2.101895800747263e-03	1.793175e+00	7.160710e+00
2.114594461461549e-03	1.976870e+00	7.896171e+00
2.127293122175834e-03	2.148657e+00	8.584079e+00
2.139991782890119e-03	2.308538e+00	9.224434e+00
2.152690443604405e-03	2.456511e+00	9.817235e+00
2.182684863247262e-03	2.737458e+00	1.094359e+01
2.212679282890118e-03	2.916320e+00	1.166161e+01
2.242673702532975e-03	2.993097e+00	1.197128e+01
2.272668122175831e-03	2.967790e+00	1.187260e+01
2.302662541818688e-03	2.840399e+00	1.136559e+01
2.332656961461544e-03	2.610924e+00	1.045023e+01
2.362651381104401e-03	2.279364e+00	9.126526e+00
2.374795354318686e-03	2.121356e+00	8.495346e+00
2.386939327532971e-03	1.953615e+00	7.825164e+00
2.399083300747257e-03	1.776141e+00	7.115981e+00
2.411227273961542e-03	1.588934e+00	6.367797e+00
2.423371247175828e-03	1.391993e+00	5.580611e+00
2.435515220390113e-03	1.185320e+00	4.754423e+00
2.447659193604399e-03	9.689128e-01	3.889234e+00
2.454508523961542e-03	8.452188e-01	3.394665e+00
2.461357854318685e-03	7.205623e-01	2.896221e+00
2.468207184675828e-03	5.949433e-01	2.393901e+00
2.475056515032970e-03	4.683619e-01	1.887704e+00
2.481905845390113e-03	3.408179e-01	1.377632e+00
2.488755175747256e-03	2.123115e-01	8.636832e-01
2.495604506104399e-03	8.284257e-02	3.458585e-01
2.498268568604398e-03	3.260091e-02	1.449031e-01
2.500932631104399e-03	-1.761473e-02	-5.595233e-02
2.503596693604399e-03	-6.780436e-02	-2.567077e-01
2.506260756104399e-03	-1.179680e-01	-4.573631e-01
2.508924818604399e-03	-1.681056e-01	-6.579185e-01
2.511588881104399e-03	-2.182171e-01	-8.583738e-01
2.514252943604399e-03	-2.683027e-01	-1.058729e+00
2.522354506104399e-03	-4.209141e-01	-1.669237e+00
2.530456068604399e-03	-5.714861e-01	-2.271624e+00
2.538557631104399e-03	-7.200186e-01	-2.865890e+00
2.546659193604398e-03	-8.665116e-01	-3.452034e+00
2.554760756104398e-03	-1.010965e+00	-4.030056e+00
2.562862318604398e-03	-1.153379e+00	-4.599957e+00
2.570963881104398e-03	-1.293754e+00	-5.161737e+00
2.584217229318684e-03	-1.517700e+00	-6.058064e+00
2.597470577532969e-03	-1.727772e+00	-6.898972e+00
2.610723925747255e-03	-1.923971e+00	-7.684460e+00
2.623977273961540e-03	-2.106296e+00	-8.414528e+00
2.637230622175825e-03	-2.274747e+00	-9.089177e+00
2.650483970390111e-03	-2.429325e+00	-9.708406e+00
2.663737318604396e-03	-2.570029e+00	-1.027222e+01
2.691639104318681e-03	-2.800863e+00	-1.119796e+01
2.719540890032966e-03	-2.942985e+00	-1.176885e+01
2.747442675747252e-03	-2.996395e+00	-1.198488e+01
2.775344461461536e-03	-2.961093e+00	-1.184604e+01
2.803246247175822e-03	-2.837079e+00	-1.135234e+01
2.831148032890107e-03	-2.624353e+00	-1.050378e+01
2.859049818604392e-03	-2.322915e+00	-9.300352e+00
2.871193791818678e-03	-2.168730e+00	-8.684476e+00
2.883337765032963e-03	-2.004511e+00	-8.028400e+00
2.895481738247249e-03	-1.830258e+00	-7.332124e+00
2.907625711461534e-03	-1.645971e+00	-6.595647e+00
2.919769684675820e-03	-1.451651e+00	-5.818970e+00
2.931913657890105e-03	-1.247297e+00	-5.002092e+00
2.944057631104390e-03	-1.032909e+00	-4.145014e+00
2.951049818604390e-03	-9.075508e-01	-3.643815e+00
2.958042006104391e-03	-7.810711e-01	-3.138102e+00
2.965034193604390e-03	-6.534698e-01	-2.627875e+00
2.972026381104390e-03	-5.247469e-01	-2.113136e+00
2.979018568604390e-03	-3.949025e-01	-1.593882e+00
2.986010756104390e-03	-2.639365e-01	-1.070116e+00
2.993002943604390e-03	-1.318489e-01	-5.418357e-01
3.010651381104390e-03	2.006240e-01	7.880020e-01
3.018198256104390e-03	3.430142e-01	1.357594e+00
3.025745131104390e-03	4.838678e-01	1.921071e+00
3.033292006104390e-03	6.231848e-01	2.478434e+00
3.040838881104390e-03	7.609651e-01	3.029684e+00
3.048385756104390e-03	8.972088e-01	3.574819e+00
3.055932631104390e-03	1.031916e+00	4.113841e+00
3.063479506104390e-03	1.165086e+00	4.646748e+00
3.076178166818675e-03	1.384712e+00	5.525706e+00
3.088876827532961e-03	1.592460e+00	6.357230e+00
3.101575488247246e-03	1.788331e+00	7.141318e+00
3.114274148961532e-03	1.972325e+00	7.877973e+00
3.126972809675817e-03	2.144441e+00	8.567193e+00
3.139671470390102e-03	2.304679e+00	9.208978e+00
3.152370131104388e-03	2.453041e+00	9.803329e+00
3.182364550747245e-03	2.735072e+00	1.093402e+01
3.212358970390101e-03	2.915010e+00	1.165634e+01
3.242353390032958e-03	2.992853e+00	1.197027e+01
3.272347809675814e-03	2.968602e+00	1.187582e+01
3.302342229318671e-03	2.842257e+00	1.137299e+01
3.332336648961527e-03	2.613818e+00	1.046178e+01
3.362331068604384e-03	2.283285e+00	9.142186e+00
3.374475041818669e-03	2.125619e+00	8.512378e+00
3.386619015032954e-03	1.958192e+00	7.843453e+00
3.398762988247240e-03	1.781003e+00	7.135411e+00
3.410906961461525e-03	1.594051e+00	6.388252e+00
3.423050934675811e-03	1.397338e+00	5.601975e+00
3.435194907890096e-03	1.190863e+00	4.776582e+00
3.447338881104382e-03	9.746251e-01	3.912072e+00
3.454188211461525e-03	8.510101e-01	3.417822e+00
3.461037541818668e-03	7.264218e-01	2.919651e+00
3.467886872175811e-03	6.008599e-01	2.417561e+00
3.474736202532953e-03	4.743246e-01	1.911550e+00
3.481585532890096e-03	3.468158e-01	1.401619e+00
3.488434863247239e-03	2.183336e-01	8.877686e-01
3.495284193604382e-03	8.887785e-02	3.699979e-01
3.497948256104381e-03	3.863823e-02	1.690511e-01
3.500612318604382e-03	-1.157706e-02	-3.180237e-02
3.503276381104382e-03	-6.176802e-02	-2.325626e-01
3.505940443604382e-03	-1.119347e-01	-4.332296e-01
3.508604506104382e-03	-1.620770e-01	-6.338033e-01
3.511268568604382e-03	-2.121949e-01	-8.342838e-01
3.513932631104382e-03	-2.622886e-01	-1.034671e+00
3.522034193604382e-03	-4.149355e-01	-1.645319e+00
3.530135756104382e-03	-5.655579e-01	-2.247907e+00
3.538237318604382e-03	-7.141559e-01	-2.842433e+00
3.546338881104381e-03	-8.607295e-01	-3.428898e+00
3.554440443604381e-03	-1.005279e+00	-4.007301e+00
3.562542006104381e-03	-1.147803e+00	-4.577644e+00
3.570643568604381e-03	-1.288304e+00	-5.139925e+00
3.583896916818667e-03	-1.512490e+00	-6.037213e+00
3.597150265032952e-03	-1.722834e+00	-6.879204e+00
3.610403613247238e-03	-1.919335e+00	-7.665898e+00
3.623656961461523e-03	-2.101993e+00	-8.397296e+00
3.636910309675808e-03	-2.270808e+00	-9.073398e+00
3.650163657890094e-03	-2.425780e+00	-9.694203e+00
3.663417006104379e-03	-2.566910e+00	-1.025971e+01
3.691318791818664e-03	-2.798772e+00	-1.118957e+01
3.719220577532949e-03	-2.941910e+00	-1.176452e+01
3.747122363247235e-03	-2.996324e+00	-1.198456e+01
3.775024148961519e-03	-2.962013e+00	-1.184969e+01
3.802925934675805e-03	-2.838977e+00	-1.135990e+01
3.830827720390090e-03	-2.627216e+00	-1.051520e+01
3.858729506104375e-03	-2.326731e+00	-9.315593e+00
3.870730622175803e-03	-2.174876e+00	-8.709029e+00
3.882731738247232e-03	-2.013139e+00	-8.062876e+00
3.894732854318660e-03	-1.841522e+00	-7.377135e+00
3.906733970390089e-03	-1.660023e+00	-6.651805e+00
3.918735086461517e-03	-1.468643e+00	-5.886888e+00
3.930736202532945e-03	-1.267381e+00	-5.082381e+00
3.942737318604374e-03	-1.056239e+00	-4.238286e+00
3.949729506104374e-03	-9.312245e-01	-3.738468e+00
3.956721693604373e-03	-8.050468e-01	-3.233968e+00
3.963713881104373e-03	-6.777058e-01	-2.724788e+00
3.970706068604374e-03	-5.492013e-01	-2.210927e+00
3.977698256104374e-03	-4.195334e-01	-1.692385e+00
3.984690443604374e-03	-2.887021e-01	-1.169162e+00
3.991682631104373e-03	-1.567074e-01	-6.412583e-01
3.995044238247231e-03	-9.332883e-02	-3.877723e-01
3.998405845390088e-03	-2.997906e-02	-1.343943e-01
4.001767452532945e-03	3.334194e-02	1.188756e-01
4.005129059675802e-03	9.663419e-02	3.720375e-01
4.008490666818659e-03	1.598977e-01	6.250913e-01
4.011852273961516e-03	2.231324e-01	8.780370e-01
4.015213881104374e-03	2.863384e-01	1.130875e+00
4.023315443604373e-03	4.388398e-01	1.740936e+00
4.031417006104374e-03	5.892567e-01	2.342697e+00
4.039518568604373e-03	7.375890e-01	2.936156e+00
4.047620131104373e-03	8.838368e-01	3.521313e+00
4.055721693604373e-03	1.028000e+00	4.098170e+00
4.063823256104373e-03	1.170079e+00	4.666725e+00
4.071924818604373e-03	1.310073e+00	5.226978e+00
4.085178166818658e-03	1.533291e+00	6.120393e+00
4.098431515032944e-03	1.742544e+00	6.958022e+00
4.111684863247229e-03	1.937832e+00	7.739866e+00
4.124938211461515e-03	2.119154e+00	8.465925e+00
4.138191559675800e-03	2.286510e+00	9.136200e+00
4.151444907890086e-03	2.439901e+00	9.750689e+00
4.164698256104371e-03	2.579326e+00	1.030939e+01
4.192600041818656e-03	2.807068e+00	1.122281e+01
4.220501827532941e-03	2.946139e+00	1.178153e+01
4.248403613247226e-03	2.996537e+00	1.198554e+01
4.276305398961512e-03	2.958263e+00	1.183484e+01
4.304207184675796e-03	2.831318e+00	1.132944e+01
4.332108970390082e-03	2.615700e+00	1.046934e+01
4.360010756104367e-03	2.311410e+00	9.254522e+00
4.370759640032938e-03	2.175228e+00	8.710559e+00
4.381508523961509e-03	2.030900e+00	8.133959e+00
4.392257407890080e-03	1.878426e+00	7.524723e+00
4.403006291818652e-03	1.717805e+00	6.882850e+00
4.413755175747223e-03	1.549038e+00	6.208340e+00
4.424504059675794e-03	1.372125e+00	5.501194e+00
4.435252943604365e-03	1.187066e+00	4.761411e+00
4.442799818604366e-03	1.054341e+00	4.230789e+00
4.450346693604365e-03	9.200193e-01	3.693747e+00
4.457893568604365e-03	7.841005e-01	3.150286e+00
4.465440443604365e-03	6.465848e-01	2.600407e+00
4.472987318604365e-03	5.074723e-01	2.044108e+00
4.480534193604365e-03	3.667629e-01	1.481391e+00
4.488081068604365e-03	2.244566e-01	9.122540e-01
4.499846693604365e-03	2.889757e-03	2.605921e-02
4.504048702532936e-03	-7.644485e-02	-2.912709e-01
4.508250711461508e-03	-1.555889e-01	-6.078493e-01
4.512452720390079e-03	-2.345423e-01	-9.236759e-01
4.516654729318651e-03	-3.133052e-01	-1.238751e+00
4.520856738247222e-03	-3.918775e-01	-1.553074e+00
4.525058747175794e-03	-4.702592e-01	-1.866645e+00
4.529260756104365e-03	-5.484504e-01	-2.179465e+00
4.539312095390079e-03	-7.352550e-01	-2.926854e+00
4.549363434675793e-03	-9.173680e-01	-3.655530e+00
4.559414773961507e-03	-1.094789e+00	-4.365493e+00
4.569466113247222e-03	-1.267519e+00	-5.056742e+00
4.579517452532936e-03	-1.435557e+00	-5.729278e+00
4.589568791818650e-03	-1.598903e+00	-6.383100e+00
4.599620131104364e-03	-1.757558e+00	-7.018209e+00
4.615663657890078e-03	-1.997836e+00	-7.980226e+00
4.631707184675792e-03	-2.213117e+00	-8.842337e+00
4.647750711461506e-03	-2.403401e+00	-9.604541e+00
4.663794238247219e-03	-2.568687e+00	-1.026684e+01
4.679837765032934e-03	-2.708975e+00	-1.082923e+01
4.695881291818647e-03	-2.824266e+00	-1.129172e+01
4.711924818604362e-03	-2.914560e+00	-1.165430e+01
4.733548702532933e-03	-2.980763e+00	-1.192111e+01
4.755172586461504e-03	-2.994277e+00	-1.197711e+01
4.776796470390075e-03	-2.955100e+00	-1.182230e+01
4.798420354318645e-03	-2.863234e+00	-1.145669e+01
4.820044238247216e-03	-2.718677e+00	-1.088026e+01
4.841668122175787e-03	-2.521431e+00	-1.009302e+01
4.863292006104358e-03	-2.271494e+00	-9.094973e+00
4.875435979318644e-03	-2.112803e+00	-8.461056e+00
4.887579952532930e-03	-1.944437e+00	-7.788370e+00
4.899723925747215e-03	-1.766395e+00	-7.076918e+00
4.911867898961500e-03	-1.578679e+00	-6.326697e+00
4.924011872175785e-03	-1.381287e+00	-5.537708e+00
4.936155845390072e-03	-1.174219e+00	-4.709951e+00
4.948299818604357e-03	-9.574767e-01	-3.843427e+00
4.954451604318642e-03	-8.464244e-01	-3.399411e+00
4.960603390032928e-03	-7.345448e-01	-2.952065e+00
4.966755175747213e-03	-6.218378e-01	-2.501388e+00
4.972906961461500e-03	-5.083035e-01	-2.047380e+00
4.979058747175785e-03	-3.939419e-01	-1.590042e+00
4.985210532890071e-03	-2.787529e-01	-1.129372e+00
4.991362318604356e-03	-1.627365e-01	-6.653721e-01
5.000000000000000e-03	-3.673940e-15	-1.448613e-02
