time	V(vin)	V(vout)
0.000000000000000e+00	0.000000e+00	1.116375e-02
4.882812557061023e-11	9.203885e-07	1.116375e-02
1.827566985642841e-09	3.444883e-05	1.116380e-02
3.606305845715071e-09	6.797726e-05	1.116387e-02
5.385044705787301e-09	1.015057e-04	1.116396e-02
7.163783565859532e-09	1.350341e-04	1.116409e-02
8.942522425931763e-09	1.685626e-04	1.116424e-02
1.072126128600399e-08	2.020910e-04	1.116442e-02
1.250000014607622e-08	2.356194e-04	1.116463e-02
2.500000029215244e-08	4.712389e-04	1.116709e-02
5.000000058430487e-08	9.424778e-04	1.118792e-02
9.415177596987858e-08	1.774719e-03	1.134999e-02
1.397295738474918e-07	2.633840e-03	1.178728e-02
2.135251701965508e-07	4.024853e-03	1.325601e-02
3.046287918618791e-07	5.742114e-03	1.634799e-02
4.509593933509954e-07	8.500373e-03	2.355790e-02
6.545890604735568e-07	1.233868e-02	3.629973e-02
9.155139054813126e-07	1.725694e-02	5.465477e-02
1.225614788394252e-06	2.310207e-02	7.750563e-02
1.669942705506451e-06	3.147710e-02	1.108039e-01
6.768431202784328e-06	1.277884e-01	4.960416e-01
1.186691970006220e-05	2.237236e-01	8.798049e-01
1.696540819734008e-05	3.192827e-01	1.262094e+00
2.206389669461796e-05	4.144657e-01	1.642908e+00
2.716238519189583e-05	5.092726e-01	2.022248e+00
3.226087368917371e-05	6.037034e-01	2.400114e+00
3.735936218645157e-05	6.977581e-01	2.776505e+00
3.835936218645157e-05	7.160769e-01	2.849816e+00
3.978793361502300e-05	7.422025e-01	2.954372e+00
4.121650504359442e-05	7.682631e-01	3.058669e+00
4.264507647216584e-05	7.942586e-01	3.162708e+00
4.407364790073727e-05	8.201892e-01	3.266489e+00
4.550221932930869e-05	8.460546e-01	3.370013e+00
4.693079075788012e-05	8.718551e-01	3.473278e+00
4.835936218645154e-05	8.975905e-01	3.576285e+00
4.935936218645154e-05	9.155588e-01	3.648205e+00
5.435936218645152e-05	1.004844e+00	4.005594e+00
6.664507647216578e-05	1.222715e+00	4.877814e+00
7.893079075788004e-05	1.430392e+00	5.709383e+00
9.121650504359430e-05	1.627874e+00	6.500301e+00
1.035022193293086e-04	1.815161e+00	7.250569e+00
1.157879336150228e-04	1.992253e+00	7.960186e+00
1.280736479007371e-04	2.159150e+00	8.629153e+00
1.403593621864513e-04	2.315852e+00	9.257469e+00
1.493950764721656e-04	2.421002e+00	9.679244e+00
1.584307907578798e-04	2.517656e+00	1.006707e+01
1.674665050435941e-04	2.605811e+00	1.042095e+01
1.765022193293083e-04	2.685469e+00	1.074087e+01
1.855379336150226e-04	2.756630e+00	1.102685e+01
1.945736479007369e-04	2.819293e+00	1.127888e+01
2.036093621864511e-04	2.873458e+00	1.149696e+01
2.127343621864511e-04	2.918138e+00	1.167713e+01
2.133447137489511e-04	2.920786e+00	1.168779e+01
2.145654168739511e-04	2.925952e+00	1.170869e+01
2.185654168739510e-04	2.941675e+00	1.177222e+01
2.225654168739510e-04	2.955540e+00	1.182832e+01
2.231757684364510e-04	2.957491e+00	1.183619e+01
2.243964715614510e-04	2.961264e+00	1.185153e+01
2.253964715614510e-04	2.964225e+00	1.186352e+01
2.296152215614510e-04	2.975436e+00	1.190906e+01
2.338339715614510e-04	2.984546e+00	1.194619e+01
2.380527215614510e-04	2.991553e+00	1.197491e+01
2.422714715614510e-04	2.996458e+00	1.199523e+01
2.464902215614511e-04	2.999262e+00	1.200713e+01
2.507089715614511e-04	2.999963e+00	1.201064e+01
2.549277215614511e-04	2.998562e+00	1.200573e+01
2.559277215614511e-04	2.997920e+00	1.200333e+01
2.735761590614512e-04	2.967145e+00	1.188313e+01
2.741865106239512e-04	2.965425e+00	1.187632e+01
2.754072137489511e-04	2.961854e+00	1.186229e+01
2.778486199989511e-04	2.954191e+00	1.183201e+01
2.837314324989512e-04	2.932873e+00	1.174770e+01
2.843417840614511e-04	2.930432e+00	1.173800e+01
2.855624871864511e-04	2.925419e+00	1.171820e+01
2.865624871864511e-04	2.921185e+00	1.170141e+01
2.935624871864512e-04	2.888323e+00	1.157109e+01
2.941728387489512e-04	2.885192e+00	1.155863e+01
2.953935418739512e-04	2.878803e+00	1.153331e+01
2.975721133025226e-04	2.866973e+00	1.148633e+01
2.997506847310941e-04	2.854612e+00	1.143723e+01
3.019292561596655e-04	2.841720e+00	1.138600e+01
3.041078275882369e-04	2.828297e+00	1.133265e+01
3.062863990168084e-04	2.814343e+00	1.127717e+01
3.084649704453799e-04	2.799857e+00	1.121957e+01
3.106435418739513e-04	2.784841e+00	1.115985e+01
3.230899704453802e-04	2.687100e+00	1.077080e+01
3.355363990168091e-04	2.574909e+00	1.032386e+01
3.479828275882379e-04	2.448268e+00	9.819032e+00
3.604292561596668e-04	2.307178e+00	9.256306e+00
3.728756847310957e-04	2.151638e+00	8.635687e+00
3.853221133025245e-04	1.981649e+00	7.957176e+00
3.977685418739534e-04	1.797210e+00	7.220771e+00
4.047685418739535e-04	1.689300e+00	6.789824e+00
4.117685418739537e-04	1.578673e+00	6.347966e+00
4.187685418739539e-04	1.465330e+00	5.895195e+00
4.257685418739541e-04	1.349269e+00	5.431513e+00
4.327685418739542e-04	1.230492e+00	4.956919e+00
4.397685418739544e-04	1.108997e+00	4.471413e+00
4.467685418739546e-04	9.847863e-01	3.974996e+00
4.517685418739547e-04	8.952898e-01	3.617284e+00
4.527685418739547e-04	8.772816e-01	3.545303e+00
4.541971133025261e-04	8.514905e-01	3.442211e+00
4.556256847310976e-04	8.256361e-01	3.338864e+00
4.570542561596691e-04	7.997182e-01	3.235261e+00
4.584828275882406e-04	7.737370e-01	3.131402e+00
4.599113990168120e-04	7.476924e-01	3.027288e+00
4.613399704453835e-04	7.215844e-01	2.922918e+00
4.627685418739550e-04	6.954131e-01	2.818293e+00
4.637685418739550e-04	6.770633e-01	2.744935e+00
4.687685418739551e-04	5.846978e-01	2.375662e+00
4.737685418739552e-04	4.919851e-01	2.004975e+00
4.787685418739553e-04	3.989250e-01	1.632873e+00
4.837685418739555e-04	3.055177e-01	1.259356e+00
4.887685418739555e-04	2.117632e-01	8.844250e-01
4.937685418739557e-04	1.176613e-01	5.080788e-01
4.987685418739558e-04	2.321221e-02	1.303177e-01
4.997685418739558e-04	4.362881e-03	5.492437e-02
5.007685418739558e-04	-1.448662e-02	-2.047074e-02
5.037685418739559e-04	-7.107882e-02	-2.468372e-01
5.067685418739560e-04	-1.275956e-01	-4.729114e-01
5.097685418739560e-04	-1.840371e-01	-6.986935e-01
5.127685418739561e-04	-2.404032e-01	-9.241834e-01
5.157685418739562e-04	-2.966939e-01	-1.149381e+00
5.187685418739563e-04	-3.529092e-01	-1.374287e+00
5.217685418739563e-04	-4.090492e-01	-1.598900e+00
5.223439642476428e-04	-4.197916e-01	-1.625938e+00
5.229388133836178e-04	-4.308910e-01	-1.628090e+00
5.231903956435782e-04	-4.355835e-01	-1.626835e+00
5.240803941770925e-04	-4.521749e-01	-1.626813e+00
5.247993577699856e-04	-4.655676e-01	-1.626664e+00
5.258294549424858e-04	-4.847393e-01	-1.626344e+00
5.269710538195005e-04	-5.059626e-01	-1.626025e+00
5.278675479073776e-04	-5.226108e-01	-1.625767e+00
5.282210126528867e-04	-5.291703e-01	-1.682022e+00
5.286235021874776e-04	-5.366365e-01	-1.866176e+00
5.288687455914230e-04	-5.411839e-01	-1.992998e+00
5.290394979828064e-04	-5.443495e-01	-2.058628e+00
5.292555915044785e-04	-5.483546e-01	-2.117595e+00
5.294417112569000e-04	-5.518034e-01	-2.150468e+00
5.296122367850899e-04	-5.549626e-01	-2.171904e+00
5.297886988289191e-04	-5.582311e-01	-2.190090e+00
5.299893403946490e-04	-5.619466e-01	-2.207875e+00
5.303098181604315e-04	-5.678794e-01	-2.233626e+00
5.306160473134658e-04	-5.735462e-01	-2.256846e+00
5.311222237093752e-04	-5.829085e-01	-2.294551e+00
5.377404759494957e-04	-7.047429e-01	-2.782115e+00
5.387404759494958e-04	-7.230510e-01	-2.855386e+00
5.401690473780672e-04	-7.491608e-01	-2.959878e+00
5.415976188066386e-04	-7.752051e-01	-3.064110e+00
5.430261902352101e-04	-8.011838e-01	-3.168082e+00
5.444547616637816e-04	-8.270969e-01	-3.271794e+00
5.458833330923531e-04	-8.529444e-01	-3.375246e+00
5.473119045209245e-04	-8.787264e-01	-3.478438e+00
5.487404759494960e-04	-9.044427e-01	-3.581370e+00
5.497404759494960e-04	-9.223973e-01	-3.653235e+00
5.547404759494961e-04	-1.011610e+00	-4.010336e+00
5.670261902352107e-04	-1.229271e+00	-4.881717e+00
5.793119045209253e-04	-1.436702e+00	-5.712308e+00
5.915976188066400e-04	-1.633903e+00	-6.502110e+00
6.038833330923545e-04	-1.820875e+00	-7.251121e+00
6.161690473780691e-04	-1.997617e+00	-7.959342e+00
6.284547616637837e-04	-2.164129e+00	-8.626774e+00
6.407404759494982e-04	-2.320412e+00	-9.253415e+00
6.497761902352127e-04	-2.425237e+00	-9.673891e+00
6.588119045209273e-04	-2.521554e+00	-1.006037e+01
6.678476188066417e-04	-2.609363e+00	-1.041287e+01
6.768833330923563e-04	-2.688664e+00	-1.073136e+01
6.859190473780708e-04	-2.759455e+00	-1.101587e+01
6.949547616637853e-04	-2.821739e+00	-1.126638e+01
7.039904759494998e-04	-2.875514e+00	-1.148291e+01
7.131154759494999e-04	-2.919796e+00	-1.166148e+01
7.137258275119999e-04	-2.922417e+00	-1.167203e+01
7.149465306369999e-04	-2.927530e+00	-1.169273e+01
7.189465306370000e-04	-2.943076e+00	-1.175554e+01
7.237199681370000e-04	-2.959216e+00	-1.182087e+01
7.284934056370000e-04	-2.972670e+00	-1.187547e+01
7.332668431370000e-04	-2.983440e+00	-1.191933e+01
7.380402806370001e-04	-2.991525e+00	-1.195245e+01
7.428137181370001e-04	-2.996925e+00	-1.197484e+01
7.475871556370001e-04	-2.999640e+00	-1.198648e+01
7.523605931370001e-04	-2.999670e+00	-1.198740e+01
7.557222002798573e-04	-2.998056e+00	-1.198150e+01
7.590838074227144e-04	-2.995109e+00	-1.197026e+01
7.624454145655716e-04	-2.990830e+00	-1.195370e+01
7.658070217084288e-04	-2.985218e+00	-1.193181e+01
7.691686288512859e-04	-2.978274e+00	-1.190459e+01
7.725302359941431e-04	-2.969998e+00	-1.187203e+01
7.758918431370002e-04	-2.960389e+00	-1.183415e+01
7.765021946995002e-04	-2.958503e+00	-1.182667e+01
7.777228978245002e-04	-2.954603e+00	-1.181132e+01
7.787228978245002e-04	-2.951278e+00	-1.179816e+01
7.857228978245003e-04	-2.924748e+00	-1.169319e+01
7.863332493870003e-04	-2.922165e+00	-1.168292e+01
7.875539525120002e-04	-2.916872e+00	-1.166199e+01
7.905539525120003e-04	-2.903135e+00	-1.160751e+01
7.919289525120004e-04	-2.896494e+00	-1.158115e+01
7.936789525120004e-04	-2.887729e+00	-1.154639e+01
7.970539525120005e-04	-2.869840e+00	-1.147536e+01
7.998039525120006e-04	-2.854309e+00	-1.141368e+01
8.065718096548579e-04	-2.812222e+00	-1.124641e+01
8.133396667977152e-04	-2.765289e+00	-1.105972e+01
8.201075239405725e-04	-2.713509e+00	-1.085363e+01
8.268753810834298e-04	-2.656883e+00	-1.062813e+01
8.336432382262871e-04	-2.595410e+00	-1.038322e+01
8.404110953691444e-04	-2.529090e+00	-1.011891e+01
8.471789525120018e-04	-2.457924e+00	-9.835195e+00
8.601789525120021e-04	-2.306309e+00	-9.230490e+00
8.731789525120024e-04	-2.142293e+00	-8.576051e+00
8.861789525120027e-04	-1.965878e+00	-7.871878e+00
8.991789525120030e-04	-1.777062e+00	-7.117971e+00
9.121789525120033e-04	-1.575847e+00	-6.314331e+00
9.251789525120036e-04	-1.362232e+00	-5.460956e+00
9.381789525120040e-04	-1.136216e+00	-4.557848e+00
9.461789525120042e-04	-9.952771e-01	-3.994585e+00
9.511789525120043e-04	-9.058906e-01	-3.637316e+00
9.521789525120043e-04	-8.879033e-01	-3.565419e+00
9.536075239405758e-04	-8.621411e-01	-3.462444e+00
9.550360953691472e-04	-8.363147e-01	-3.359209e+00
9.564646667977187e-04	-8.104241e-01	-3.255716e+00
9.578932382262902e-04	-7.844692e-01	-3.151963e+00
9.593218096548617e-04	-7.584501e-01	-3.047952e+00
9.607503810834331e-04	-7.323667e-01	-2.943682e+00
9.621789525120045e-04	-7.062191e-01	-2.839152e+00
9.631789525120046e-04	-6.878854e-01	-2.765859e+00
9.789243971757694e-04	-3.961057e-01	-1.599259e+00
9.791013142801221e-04	-3.927999e-01	-1.588856e+00
9.792721349893242e-04	-3.896075e-01	-1.585220e+00
9.794695615711717e-04	-3.859173e-01	-1.585531e+00
9.796817862447410e-04	-3.819498e-01	-1.585559e+00
9.799078097921599e-04	-3.777237e-01	-1.585399e+00
9.803598568869974e-04	-3.692691e-01	-1.585369e+00
9.847406901531762e-04	-2.871907e-01	-1.584268e+00
9.850780758092822e-04	-2.808597e-01	-1.531458e+00
9.854738105660832e-04	-2.734322e-01	-1.351168e+00
9.857157634901880e-04	-2.688902e-01	-1.225528e+00
9.858751687630684e-04	-2.658974e-01	-1.163422e+00
9.860788800952821e-04	-2.620724e-01	-1.105707e+00
9.862557146744636e-04	-2.587518e-01	-1.072378e+00
9.864038546414575e-04	-2.559697e-01	-1.052257e+00
9.865564403491644e-04	-2.531039e-01	-1.035182e+00
9.867341082519751e-04	-2.497667e-01	-1.018211e+00
9.870142170163602e-04	-2.445047e-01	-9.944623e-01
9.872938522817341e-04	-2.392509e-01	-9.725205e-01
9.877175317899341e-04	-2.312893e-01	-9.402504e-01
9.894915221422306e-04	-1.979259e-01	-8.067886e-01
9.912655124945271e-04	-1.645482e-01	-6.732745e-01
9.930395028468237e-04	-1.311563e-01	-5.397082e-01
9.948134931991200e-04	-9.775023e-02	-4.060896e-01
9.965874835514165e-04	-6.432990e-02	-2.724188e-01
9.983614739037131e-04	-3.089534e-02	-1.386958e-01
1.000135464256010e-03	2.553441e-03	-4.920464e-03
1.001135464256010e-03	2.140282e-02	7.047503e-02
1.006278321398866e-03	1.185643e-01	4.591246e-01
1.011421178541723e-03	2.153505e-01	8.463005e-01
1.016564035684580e-03	3.117615e-01	1.232003e+00
1.021706892827436e-03	4.077972e-01	1.616231e+00
1.026849749970293e-03	5.034577e-01	1.998986e+00
1.031992607113150e-03	5.987429e-01	2.380267e+00
1.037135464256006e-03	6.936528e-01	2.760074e+00
1.038135464256006e-03	7.119777e-01	2.833409e+00
1.039564035684578e-03	7.381125e-01	2.938001e+00
1.040992607113149e-03	7.641827e-01	3.042337e+00
1.042421178541720e-03	7.901881e-01	3.146415e+00
1.043849749970292e-03	8.161288e-01	3.250237e+00
1.045278321398863e-03	8.420048e-01	3.353801e+00
1.046706892827434e-03	8.678160e-01	3.457109e+00
1.048135464256006e-03	8.935626e-01	3.560161e+00
1.049135464256005e-03	9.115388e-01	3.632113e+00
1.054135464256005e-03	1.000866e+00	3.989670e+00
1.059135464256005e-03	1.089206e+00	4.343301e+00
1.071849749970289e-03	1.311906e+00	5.234924e+00
1.084564035684574e-03	1.523088e+00	6.080608e+00
1.097278321398859e-03	1.722752e+00	6.880355e+00
1.109992607113143e-03	1.910898e+00	7.634164e+00
1.122706892827428e-03	2.087525e+00	8.342035e+00
1.135421178541713e-03	2.252635e+00	9.003968e+00
1.148135464255997e-03	2.406227e+00	9.619964e+00
1.157331892827425e-03	2.506320e+00	1.002158e+01
1.166528321398853e-03	2.597379e+00	1.038709e+01
1.175724749970281e-03	2.679403e+00	1.071650e+01
1.184921178541709e-03	2.752393e+00	1.100982e+01
1.194117607113137e-03	2.816349e+00	1.126703e+01
1.203314035684565e-03	2.871269e+00	1.148815e+01
1.212510464255993e-03	2.917156e+00	1.167317e+01
1.213120815818493e-03	2.919819e+00	1.168388e+01
1.214341518943493e-03	2.925018e+00	1.170492e+01
1.218341518943493e-03	2.940844e+00	1.176886e+01
1.222341518943493e-03	2.954813e+00	1.182538e+01
1.222951870505993e-03	2.956780e+00	1.183331e+01
1.224172573630993e-03	2.960585e+00	1.184878e+01
1.225172573630993e-03	2.963572e+00	1.186087e+01
1.229391323630993e-03	2.974895e+00	1.190685e+01
1.233610073630993e-03	2.984115e+00	1.194443e+01
1.237828823630993e-03	2.991234e+00	1.197359e+01
1.242047573630993e-03	2.996250e+00	1.199435e+01
1.246266323630992e-03	2.999165e+00	1.200671e+01
1.250485073630992e-03	2.999979e+00	1.201066e+01
1.254703823630992e-03	2.998690e+00	1.200620e+01
1.255703823630992e-03	2.998074e+00	1.200390e+01
1.273352261130992e-03	2.967765e+00	1.188558e+01
1.273962612693492e-03	2.966061e+00	1.187883e+01
1.275183315818492e-03	2.962523e+00	1.186492e+01
1.277624722068492e-03	2.954923e+00	1.183490e+01
1.283507534568491e-03	2.933758e+00	1.175121e+01
1.284117886130991e-03	2.931332e+00	1.174157e+01
1.285338589255991e-03	2.926351e+00	1.172189e+01
1.286338589255991e-03	2.922143e+00	1.170520e+01
1.293338589255991e-03	2.889461e+00	1.157560e+01
1.293948940818491e-03	2.886346e+00	1.156320e+01
1.295169643943491e-03	2.879987e+00	1.153801e+01
1.297348215372063e-03	2.868213e+00	1.149125e+01
1.299526786800634e-03	2.855907e+00	1.144237e+01
1.301705358229205e-03	2.843070e+00	1.139136e+01
1.303883929657777e-03	2.829701e+00	1.133823e+01
1.306062501086348e-03	2.815802e+00	1.128297e+01
1.308241072514920e-03	2.801370e+00	1.122559e+01
1.310419643943491e-03	2.786408e+00	1.116608e+01
1.322866072514919e-03	2.688972e+00	1.077826e+01
1.335312501086346e-03	2.577071e+00	1.033248e+01
1.347758929657774e-03	2.450704e+00	9.828745e+00
1.360205358229201e-03	2.309873e+00	9.267055e+00
1.372651786800629e-03	2.154576e+00	8.647411e+00
1.385098215372056e-03	1.984815e+00	7.969811e+00
1.397544643943484e-03	1.800588e+00	7.234256e+00
1.404544643943483e-03	1.692786e+00	6.803744e+00
1.411544643943483e-03	1.582261e+00	6.362292e+00
1.418544643943482e-03	1.469011e+00	5.909900e+00
1.425544643943481e-03	1.353037e+00	5.446567e+00
1.432544643943481e-03	1.234339e+00	4.972293e+00
1.439544643943480e-03	1.112918e+00	4.487078e+00
1.446544643943480e-03	9.887718e-01	3.990923e+00
1.451544643943479e-03	8.993169e-01	3.633379e+00
1.452544643943479e-03	8.813166e-01	3.561430e+00
1.453973215372050e-03	8.555365e-01	3.458382e+00
1.455401786800622e-03	8.296926e-01	3.355077e+00
1.456830358229193e-03	8.037851e-01	3.251516e+00
1.458258929657764e-03	7.778138e-01	3.147697e+00
1.459687501086336e-03	7.517789e-01	3.043622e+00
1.461116072514907e-03	7.256802e-01	2.939290e+00
1.462544643943478e-03	6.995178e-01	2.834701e+00
1.463544643943478e-03	6.811742e-01	2.761367e+00
1.468544643943478e-03	5.888367e-01	2.392208e+00
1.473544643943477e-03	4.961478e-01	2.021617e+00
1.478544643943477e-03	4.031075e-01	1.649596e+00
1.483544643943477e-03	3.097159e-01	1.276143e+00
1.488544643943476e-03	2.159728e-01	9.012583e-01
1.493544643943476e-03	1.218783e-01	5.249427e-01
1.498544643943475e-03	2.743243e-02	1.471958e-01
1.499544643943475e-03	8.583248e-03	7.180320e-02
1.500544643943475e-03	-1.026628e-02	-3.591783e-03
1.503544643943475e-03	-6.685956e-02	-2.299618e-01
1.506544643943475e-03	-1.233790e-01	-4.560457e-01
1.509544643943474e-03	-1.798245e-01	-6.818434e-01
1.512544643943474e-03	-2.361961e-01	-9.073548e-01
1.515544643943474e-03	-2.924939e-01	-1.132580e+00
1.518544643943474e-03	-3.487178e-01	-1.357519e+00
1.521544643943473e-03	-4.048678e-01	-1.582172e+00
1.522120060826905e-03	-4.156123e-01	-1.609216e+00
1.522714904042051e-03	-4.267137e-01	-1.611373e+00
1.522966483911988e-03	-4.314072e-01	-1.610119e+00
1.523856486284567e-03	-4.480021e-01	-1.610103e+00
1.524575450566998e-03	-4.613977e-01	-1.609959e+00
1.525605543760017e-03	-4.805737e-01	-1.609646e+00
1.526747141099777e-03	-5.018018e-01	-1.609335e+00
1.527643653565536e-03	-5.184546e-01	-1.609083e+00
1.527997145100997e-03	-5.250162e-01	-1.665346e+00
1.528399659320456e-03	-5.324847e-01	-1.849516e+00
1.528644931450562e-03	-5.370339e-01	-1.976359e+00
1.528815717892097e-03	-5.402008e-01	-2.042012e+00
1.529031852067327e-03	-5.442078e-01	-2.101002e+00
1.529218051654406e-03	-5.476589e-01	-2.133891e+00
1.529388516258324e-03	-5.508178e-01	-2.155321e+00
1.529564934928676e-03	-5.540863e-01	-2.173506e+00
1.529765559057990e-03	-5.578025e-01	-2.191294e+00
1.530086177687560e-03	-5.637395e-01	-2.217062e+00
1.530392347267002e-03	-5.694068e-01	-2.240283e+00
1.530898623515241e-03	-5.787735e-01	-2.278007e+00
1.537516763670129e-03	-7.006434e-01	-2.765710e+00
1.538516763670129e-03	-7.189577e-01	-2.839006e+00
1.539945335098701e-03	-7.450768e-01	-2.943535e+00
1.541373906527272e-03	-7.711307e-01	-3.047806e+00
1.542802477955843e-03	-7.971193e-01	-3.151817e+00
1.544231049384415e-03	-8.230426e-01	-3.255570e+00
1.545659620812986e-03	-8.489007e-01	-3.359064e+00
1.547088192241557e-03	-8.746936e-01	-3.462299e+00
1.548516763670128e-03	-9.004211e-01	-3.565275e+00
1.549516763670128e-03	-9.183838e-01	-3.637172e+00
1.554516763670128e-03	-1.007639e+00	-3.994443e+00
1.566802477955841e-03	-1.225424e+00	-4.866317e+00
1.579088192241554e-03	-1.432999e+00	-5.697482e+00
1.591373906527268e-03	-1.630365e+00	-6.487940e+00
1.603659620812981e-03	-1.817522e+00	-7.237689e+00
1.615945335098694e-03	-1.994470e+00	-7.946731e+00
1.628231049384408e-03	-2.161208e+00	-8.615063e+00
1.640516763670121e-03	-2.317737e+00	-9.242688e+00
1.649552477955834e-03	-2.422753e+00	-9.663927e+00
1.658588192241548e-03	-2.519268e+00	-1.005120e+01
1.667623906527262e-03	-2.607280e+00	-1.040450e+01
1.676659620812975e-03	-2.686790e+00	-1.072384e+01
1.685695335098689e-03	-2.757799e+00	-1.100921e+01
1.694731049384403e-03	-2.820305e+00	-1.126062e+01
1.703766763670116e-03	-2.874309e+00	-1.147805e+01
1.712891763670116e-03	-2.918825e+00	-1.165756e+01
1.713502115232616e-03	-2.921462e+00	-1.166817e+01
1.714722818357616e-03	-2.926606e+00	-1.168899e+01
1.718722818357616e-03	-2.942256e+00	-1.175223e+01
1.722722818357616e-03	-2.956047e+00	-1.180804e+01
1.723333169920116e-03	-2.957988e+00	-1.181587e+01
1.724553873045116e-03	-2.961738e+00	-1.183111e+01
1.725553873045116e-03	-2.964680e+00	-1.184303e+01
1.729772623045116e-03	-2.975814e+00	-1.188825e+01
1.733991373045116e-03	-2.984845e+00	-1.192507e+01
1.738210123045116e-03	-2.991774e+00	-1.195348e+01
1.742428873045115e-03	-2.996601e+00	-1.197348e+01
1.746647623045115e-03	-2.999326e+00	-1.198508e+01
1.750866373045115e-03	-2.999948e+00	-1.198826e+01
1.755085123045115e-03	-2.998469e+00	-1.198304e+01
1.756085123045115e-03	-2.997808e+00	-1.198056e+01
1.773733560545114e-03	-2.966706e+00	-1.185906e+01
1.774343912107615e-03	-2.964974e+00	-1.185221e+01
1.775564615232615e-03	-2.961381e+00	-1.183808e+01
1.778006021482614e-03	-2.953673e+00	-1.180763e+01
1.783888833982614e-03	-2.932248e+00	-1.172289e+01
1.784499185545114e-03	-2.929795e+00	-1.171314e+01
1.785719888670114e-03	-2.924760e+00	-1.169325e+01
1.786719888670114e-03	-2.920507e+00	-1.167638e+01
1.793719888670114e-03	-2.887520e+00	-1.154556e+01
1.794330240232614e-03	-2.884378e+00	-1.153306e+01
1.795550943357614e-03	-2.877966e+00	-1.150765e+01
1.797729514786186e-03	-2.866098e+00	-1.146052e+01
1.799908086214757e-03	-2.853698e+00	-1.141126e+01
1.802086657643328e-03	-2.840768e+00	-1.135988e+01
1.804265229071900e-03	-2.827306e+00	-1.130637e+01
1.806443800500471e-03	-2.813314e+00	-1.125074e+01
1.808622371929042e-03	-2.798791e+00	-1.119299e+01
1.810800943357614e-03	-2.783736e+00	-1.113312e+01
1.823247371929041e-03	-2.685780e+00	-1.074321e+01
1.835693800500469e-03	-2.573386e+00	-1.029546e+01
1.848140229071897e-03	-2.446552e+00	-9.789852e+00
1.860586657643324e-03	-2.305281e+00	-9.226398e+00
1.873033086214752e-03	-2.149570e+00	-8.605095e+00
1.885479514786179e-03	-1.979421e+00	-7.925943e+00
1.897925943357607e-03	-1.794834e+00	-7.188942e+00
1.904783086214749e-03	-1.689108e+00	-6.766716e+00
1.911640229071891e-03	-1.580764e+00	-6.333976e+00
1.918497371929033e-03	-1.469802e+00	-5.890722e+00
1.925354514786176e-03	-1.356222e+00	-5.436953e+00
1.932211657643318e-03	-1.240024e+00	-4.972671e+00
1.939068800500460e-03	-1.121208e+00	-4.497874e+00
1.945925943357603e-03	-9.997749e-01	-4.012563e+00
1.950925943357602e-03	-9.104360e-01	-3.655486e+00
1.951925943357602e-03	-8.924576e-01	-3.583625e+00
1.953354514786174e-03	-8.667080e-01	-3.480700e+00
1.954783086214745e-03	-8.408937e-01	-3.377514e+00
1.956211657643317e-03	-8.150149e-01	-3.274069e+00
1.957640229071888e-03	-7.890714e-01	-3.170362e+00
1.959068800500460e-03	-7.630633e-01	-3.066395e+00
1.960497371929032e-03	-7.369906e-01	-2.962168e+00
1.961925943357603e-03	-7.108532e-01	-2.857680e+00
1.962925943357603e-03	-6.925266e-01	-2.784415e+00
1.978800943357605e-03	-3.984123e-01	-1.608484e+00
1.979167708939813e-03	-3.915591e-01	-1.589744e+00
1.979514736683014e-03	-3.850728e-01	-1.586764e+00
1.979751261254966e-03	-3.806509e-01	-1.587835e+00
1.980016739589946e-03	-3.756866e-01	-1.587509e+00
1.980411244668493e-03	-3.683078e-01	-1.587451e+00
1.981090160581994e-03	-3.556040e-01	-1.587303e+00
1.981822218557054e-03	-3.418986e-01	-1.587097e+00
1.982874242542358e-03	-3.221903e-01	-1.586882e+00
1.984221434515553e-03	-2.969320e-01	-1.586540e+00
1.984610390986258e-03	-2.896354e-01	-1.586449e+00
1.984940604669687e-03	-2.834395e-01	-1.535239e+00
1.985327613928074e-03	-2.761764e-01	-1.359625e+00
1.985567622758768e-03	-2.716712e-01	-1.235149e+00
1.985724653236138e-03	-2.687233e-01	-1.174167e+00
1.985925305196755e-03	-2.649561e-01	-1.117465e+00
1.986097311289934e-03	-2.617263e-01	-1.084833e+00
1.986248860192080e-03	-2.588805e-01	-1.064054e+00
1.986403368994270e-03	-2.559788e-01	-1.046717e+00
1.986581989230677e-03	-2.526240e-01	-1.029643e+00
1.986855391711019e-03	-2.474885e-01	-1.006441e+00
1.987137529285127e-03	-2.421880e-01	-9.842778e-01
1.987554920420362e-03	-2.343452e-01	-9.524784e-01
1.989183782800734e-03	-2.037160e-01	-8.299491e-01
1.990812645181105e-03	-1.730734e-01	-7.073723e-01
1.992441507561477e-03	-1.424175e-01	-5.847478e-01
1.994070369941848e-03	-1.117483e-01	-4.620757e-01
1.995699232322219e-03	-8.106575e-02	-3.393561e-01
1.997328094702590e-03	-5.036991e-02	-2.165888e-01
1.998956957082962e-03	-1.966075e-02	-9.377398e-02
1.999956957082962e-03	-8.113399e-04	-1.838060e-02
2.000956957082962e-03	1.803811e-02	5.701498e-02
2.005956957082963e-03	1.124909e-01	4.348285e-01
2.010956957082964e-03	2.066016e-01	8.112991e-01
2.015956957082964e-03	3.003700e-01	1.186427e+00
2.020956957082965e-03	3.937962e-01	1.560211e+00
2.025956957082966e-03	4.868802e-01	1.932653e+00
2.030956957082966e-03	5.796220e-01	2.303751e+00
2.035956957082967e-03	6.720216e-01	2.673507e+00
2.036956957082967e-03	6.903787e-01	2.746970e+00
2.037956957082967e-03	7.087086e-01	2.820325e+00
2.039385528511539e-03	7.348507e-01	2.924946e+00
2.040814099940111e-03	7.609284e-01	3.029311e+00
2.042242671368682e-03	7.869416e-01	3.133420e+00
2.043671242797254e-03	8.128903e-01	3.237274e+00
2.045099814225825e-03	8.387747e-01	3.340872e+00
2.046528385654397e-03	8.645945e-01	3.444214e+00
2.047956957082969e-03	8.903500e-01	3.547301e+00
2.048956957082969e-03	9.083326e-01	3.619277e+00
2.049814099940112e-03	9.237188e-01	3.680863e+00
2.050671242797255e-03	9.390772e-01	3.742338e+00
2.051528385654398e-03	9.544076e-01	3.803702e+00
2.052385528511540e-03	9.697101e-01	3.864955e+00
2.053242671368684e-03	9.849848e-01	3.926097e+00
2.054099814225826e-03	1.000232e+00	3.987128e+00
2.054956957082969e-03	1.015450e+00	4.048048e+00
2.066956957082971e-03	1.227891e+00	4.898533e+00
2.078956957082973e-03	1.430638e+00	5.710365e+00
2.090956957082974e-03	1.623691e+00	6.483542e+00
2.102956957082976e-03	1.807049e+00	7.218066e+00
2.114956957082977e-03	1.980713e+00	7.913936e+00
2.126956957082979e-03	2.144683e+00	8.571152e+00
2.138956957082981e-03	2.298958e+00	9.189714e+00
2.148278385654410e-03	2.408576e+00	9.629389e+00
2.157599814225840e-03	2.509165e+00	1.003299e+01
2.166921242797269e-03	2.600725e+00	1.040052e+01
2.176242671368699e-03	2.683256e+00	1.073198e+01
2.185564099940128e-03	2.756758e+00	1.102737e+01
2.194885528511558e-03	2.821231e+00	1.128668e+01
2.204206957082987e-03	2.876675e+00	1.150992e+01
2.213331957082987e-03	2.920731e+00	1.168760e+01
2.213942308645487e-03	2.923337e+00	1.169808e+01
2.215163011770487e-03	2.928419e+00	1.171865e+01
2.219163011770487e-03	2.943865e+00	1.178107e+01
2.223936449270488e-03	2.959883e+00	1.184592e+01
2.228709886770487e-03	2.973217e+00	1.190003e+01
2.233483324270488e-03	2.983865e+00	1.194340e+01
2.238256761770488e-03	2.991828e+00	1.197604e+01
2.243030199270488e-03	2.997106e+00	1.199794e+01
2.247803636770488e-03	2.999699e+00	1.200910e+01
2.252577074270488e-03	2.999607e+00	1.200952e+01
2.255938681413345e-03	2.997906e+00	1.200327e+01
2.259300288556202e-03	2.994873e+00	1.199170e+01
2.262661895699059e-03	2.990508e+00	1.197479e+01
2.266023502841916e-03	2.984811e+00	1.195255e+01
2.269385109984774e-03	2.977781e+00	1.192499e+01
2.272746717127631e-03	2.969419e+00	1.189209e+01
2.276108324270488e-03	2.959725e+00	1.185387e+01
2.276718675832988e-03	2.957824e+00	1.184633e+01
2.277939378957988e-03	2.953893e+00	1.183085e+01
2.278939378957988e-03	2.950542e+00	1.181760e+01
2.285939378957988e-03	2.923837e+00	1.171191e+01
2.286549730520488e-03	2.921239e+00	1.170159e+01
2.287770433645488e-03	2.915915e+00	1.168054e+01
2.291770433645488e-03	2.897271e+00	1.160659e+01
2.292145433645488e-03	2.895429e+00	1.159926e+01
2.293895433645488e-03	2.886620e+00	1.156433e+01
2.297270433645488e-03	2.868649e+00	1.149296e+01
2.300020433645488e-03	2.853050e+00	1.143102e+01
2.306877576502632e-03	2.810206e+00	1.126072e+01
2.313734719359775e-03	2.762392e+00	1.107053e+01
2.320591862216919e-03	2.709610e+00	1.086044e+01
2.327449005074062e-03	2.651859e+00	1.063046e+01
2.334306147931206e-03	2.589140e+00	1.038058e+01
2.341163290788349e-03	2.521452e+00	1.011080e+01
2.348020433645493e-03	2.448795e+00	9.821133e+00
2.360877576502638e-03	2.297974e+00	9.219580e+00
2.373734719359782e-03	2.135055e+00	8.569501e+00
2.386591862216927e-03	1.960037e+00	7.870898e+00
2.399449005074071e-03	1.772921e+00	7.123770e+00
2.412306147931216e-03	1.573706e+00	6.328116e+00
2.425163290788361e-03	1.362393e+00	5.483937e+00
2.438020433645505e-03	1.138981e+00	4.591234e+00
2.446020433645506e-03	9.980954e-01	4.028186e+00
2.446877576502649e-03	9.828435e-01	3.967228e+00
2.447734719359792e-03	9.675642e-01	3.906160e+00
2.448591862216935e-03	9.522576e-01	3.844981e+00
2.449449005074078e-03	9.369235e-01	3.783692e+00
2.450306147931221e-03	9.215621e-01	3.722292e+00
2.451163290788364e-03	9.061732e-01	3.660783e+00
2.452020433645507e-03	8.907570e-01	3.599163e+00
2.453449005074078e-03	8.650026e-01	3.496219e+00
2.454877576502650e-03	8.391838e-01	3.393015e+00
2.456306147931222e-03	8.133006e-01	3.289551e+00
2.457734719359793e-03	7.873528e-01	3.185828e+00
2.459163290788365e-03	7.613406e-01	3.081844e+00
2.460591862216937e-03	7.352639e-01	2.977601e+00
2.462020433645508e-03	7.091227e-01	2.873097e+00
2.463020433645508e-03	6.907935e-01	2.799822e+00
2.468163290788366e-03	5.958631e-01	2.420299e+00
2.473306147931224e-03	5.005605e-01	2.039260e+00
2.478449005074082e-03	4.048857e-01	1.656705e+00
2.483591862216940e-03	3.088387e-01	1.272633e+00
2.488734719359797e-03	2.124194e-01	8.870463e-01
2.493877576502655e-03	1.156280e-01	4.999431e-01
2.499020433645513e-03	1.846427e-02	1.113239e-01
2.500020433645513e-03	-3.851652e-04	3.592981e-02
2.501020433645513e-03	-1.923459e-02	-3.946526e-02
2.503989183645514e-03	-7.523520e-02	-2.634661e-01
2.506957933645514e-03	-1.311610e-01	-4.871768e-01
2.509926683645514e-03	-1.870120e-01	-7.105975e-01
2.512895433645515e-03	-2.427882e-01	-9.337281e-01
2.515864183645515e-03	-2.984896e-01	-1.156569e+00
2.518832933645516e-03	-3.541162e-01	-1.379119e+00
2.521801683645516e-03	-4.096680e-01	-1.601379e+00
2.521929128486526e-03	-4.120477e-01	-1.609314e+00
2.522068252120724e-03	-4.146451e-01	-1.613147e+00
2.522233437321946e-03	-4.177286e-01	-1.613201e+00
2.522434568229559e-03	-4.214826e-01	-1.612939e+00
2.522656763084664e-03	-4.256289e-01	-1.613002e+00
2.527651980612648e-03	-5.186092e-01	-1.611572e+00
2.528005913195944e-03	-5.251789e-01	-1.667935e+00
2.528409393525224e-03	-5.326652e-01	-1.852608e+00
2.528653644937832e-03	-5.371954e-01	-1.978722e+00
2.528823284677338e-03	-5.403411e-01	-2.043542e+00
2.529038055757137e-03	-5.443227e-01	-2.101723e+00
2.529220908783512e-03	-5.477118e-01	-2.133970e+00
2.529394122200241e-03	-5.509217e-01	-2.155783e+00
2.529572928095515e-03	-5.542344e-01	-2.174173e+00
2.529774669797087e-03	-5.579712e-01	-2.192019e+00
2.530091029811698e-03	-5.638293e-01	-2.217420e+00
2.530400656600744e-03	-5.695606e-01	-2.240904e+00
2.530905187375131e-03	-5.788949e-01	-2.278493e+00
2.537530713386635e-03	-7.008990e-01	-2.766735e+00
2.538530713386635e-03	-7.192129e-01	-2.840029e+00
2.539959284815206e-03	-7.453315e-01	-2.944556e+00
2.541387856243778e-03	-7.713848e-01	-3.048824e+00
2.542816427672350e-03	-7.973728e-01	-3.152833e+00
2.544244999100921e-03	-8.232955e-01	-3.256583e+00
2.545673570529493e-03	-8.491529e-01	-3.360074e+00
2.547102141958065e-03	-8.749451e-01	-3.463307e+00
2.548530713386636e-03	-9.006720e-01	-3.566280e+00
2.549530713386636e-03	-9.186341e-01	-3.638175e+00
2.554530713386637e-03	-1.007887e+00	-3.995435e+00
2.566816427672353e-03	-1.225664e+00	-4.867279e+00
2.579102141958069e-03	-1.433230e+00	-5.698409e+00
2.591387856243785e-03	-1.630586e+00	-6.488825e+00
2.603673570529500e-03	-1.817731e+00	-7.238529e+00
2.615959284815216e-03	-1.994666e+00	-7.947519e+00
2.628244999100932e-03	-2.161390e+00	-8.615796e+00
2.640530713386648e-03	-2.317904e+00	-9.243360e+00
2.649566427672364e-03	-2.422908e+00	-9.664551e+00
2.658602141958078e-03	-2.519410e+00	-1.005177e+01
2.667637856243794e-03	-2.607410e+00	-1.040503e+01
2.676673570529509e-03	-2.686907e+00	-1.072431e+01
2.685709284815224e-03	-2.757902e+00	-1.100963e+01
2.694744999100939e-03	-2.820395e+00	-1.126098e+01
2.703780713386655e-03	-2.874385e+00	-1.147836e+01
2.712905713386655e-03	-2.918885e+00	-1.165781e+01
2.713516064949155e-03	-2.921521e+00	-1.166842e+01
2.714736768074155e-03	-2.926664e+00	-1.168923e+01
2.718736768074155e-03	-2.942307e+00	-1.175244e+01
2.723510205574155e-03	-2.958563e+00	-1.181823e+01
2.728283643074155e-03	-2.972135e+00	-1.187330e+01
2.733057080574155e-03	-2.983022e+00	-1.191763e+01
2.737830518074155e-03	-2.991225e+00	-1.195122e+01
2.742603955574155e-03	-2.996743e+00	-1.197408e+01
2.747377393074155e-03	-2.999577e+00	-1.198620e+01
2.752150830574155e-03	-2.999726e+00	-1.198759e+01
2.755512437717012e-03	-2.998195e+00	-1.198202e+01
2.758874044859869e-03	-2.995332e+00	-1.197113e+01
2.762235652002727e-03	-2.991136e+00	-1.195490e+01
2.765597259145584e-03	-2.985607e+00	-1.193334e+01
2.768958866288441e-03	-2.978746e+00	-1.190644e+01
2.772320473431298e-03	-2.970553e+00	-1.187422e+01
2.775682080574155e-03	-2.961027e+00	-1.183667e+01
2.776292432136655e-03	-2.959156e+00	-1.182925e+01
2.777513135261655e-03	-2.955285e+00	-1.181402e+01
2.778513135261655e-03	-2.951985e+00	-1.180096e+01
2.785513135261655e-03	-2.925625e+00	-1.169666e+01
2.786123486824155e-03	-2.923058e+00	-1.168646e+01
2.787344189949156e-03	-2.917794e+00	-1.166565e+01
2.790344189949156e-03	-2.904129e+00	-1.161146e+01
2.791719189949156e-03	-2.897521e+00	-1.158523e+01
2.793469189949156e-03	-2.888798e+00	-1.155064e+01
2.796844189949156e-03	-2.870990e+00	-1.147992e+01
2.799594189949156e-03	-2.855524e+00	-1.141851e+01
2.806219189949156e-03	-2.814546e+00	-1.125565e+01
2.812844189949157e-03	-2.768913e+00	-1.107414e+01
2.819469189949157e-03	-2.718625e+00	-1.087400e+01
2.826094189949158e-03	-2.663683e+00	-1.065522e+01
2.832719189949158e-03	-2.604086e+00	-1.041780e+01
2.839344189949159e-03	-2.539834e+00	-1.016174e+01
2.845969189949160e-03	-2.470927e+00	-9.887044e+00
2.858969189949161e-03	-2.320817e+00	-9.288370e+00
2.871969189949163e-03	-2.158189e+00	-8.639493e+00
2.884969189949165e-03	-1.983044e+00	-7.940413e+00
2.897969189949166e-03	-1.795382e+00	-7.191129e+00
2.910969189949168e-03	-1.595201e+00	-6.391642e+00
2.923969189949170e-03	-1.382503e+00	-5.541951e+00
2.936969189949172e-03	-1.157288e+00	-4.642057e+00
2.945969189949173e-03	-9.990063e-01	-4.009492e+00
2.950969189949173e-03	-9.096593e-01	-3.652382e+00
2.951969189949174e-03	-8.916793e-01	-3.580515e+00
2.953397761377745e-03	-8.659275e-01	-3.477581e+00
2.954826332806317e-03	-8.401112e-01	-3.374387e+00
2.956254904234889e-03	-8.142303e-01	-3.270933e+00
2.957683475663460e-03	-7.882849e-01	-3.167219e+00
2.959112047092032e-03	-7.622749e-01	-3.063245e+00
2.960540618520603e-03	-7.362003e-01	-2.959010e+00
2.961969189949175e-03	-7.100613e-01	-2.854515e+00
2.962969189949175e-03	-6.917334e-01	-2.781245e+00
2.978844189949177e-03	-3.976043e-01	-1.605255e+00
2.979210954483181e-03	-3.907509e-01	-1.586514e+00
2.979557969115816e-03	-3.842646e-01	-1.583535e+00
2.979794491739568e-03	-3.798426e-01	-1.584607e+00
2.980059968790770e-03	-3.748782e-01	-1.584282e+00
2.980454468044154e-03	-3.674992e-01	-1.584224e+00
2.981133398587280e-03	-3.547947e-01	-1.584079e+00
2.981865455307448e-03	-3.410890e-01	-1.583875e+00
2.982917479842536e-03	-3.213800e-01	-1.583663e+00
2.984264664063290e-03	-2.961211e-01	-1.583325e+00
2.984653620855882e-03	-2.888244e-01	-1.583235e+00
2.984983846589127e-03	-2.826281e-01	-1.532024e+00
2.985370864800938e-03	-2.753646e-01	-1.356406e+00
2.985610888820782e-03	-2.708590e-01	-1.231920e+00
2.985767936971698e-03	-2.679107e-01	-1.170929e+00
2.985968609406561e-03	-2.641430e-01	-1.114217e+00
2.986140670995066e-03	-2.609122e-01	-1.081574e+00
2.986292190440323e-03	-2.580668e-01	-1.060801e+00
2.986446673626468e-03	-2.551655e-01	-1.043466e+00
2.986625283652956e-03	-2.518108e-01	-1.026392e+00
2.986898738040099e-03	-2.466742e-01	-1.003186e+00
2.987180848526668e-03	-2.413741e-01	-9.810241e-01
2.987598278522079e-03	-2.335304e-01	-9.492210e-01
2.989227150390385e-03	-2.029004e-01	-8.266885e-01
2.990856022258691e-03	-1.722571e-01	-7.041088e-01
2.992484894126997e-03	-1.416006e-01	-5.814818e-01
2.994113765995303e-03	-1.109308e-01	-4.588076e-01
2.995742637863609e-03	-8.024787e-02	-3.360861e-01
2.997371509731916e-03	-4.955167e-02	-2.133173e-01
2.999000381600221e-03	-1.884224e-02	-9.050124e-02
3.000000381600222e-03	7.192995e-06	-1.510775e-02
3.001000381600222e-03	1.885662e-02	6.028781e-02
3.006000381600222e-03	1.133089e-01	4.380993e-01
3.011000381600223e-03	2.074181e-01	8.145645e-01
3.016000381600224e-03	3.011844e-01	1.189684e+00
3.021000381600224e-03	3.946076e-01	1.563456e+00
3.026000381600225e-03	4.876878e-01	1.935883e+00
3.031000381600226e-03	5.804251e-01	2.306964e+00
3.036000381600226e-03	6.728193e-01	2.676698e+00
3.037000381600226e-03	6.911753e-01	2.750156e+00
3.038000381600227e-03	7.095040e-01	2.823507e+00
3.039428953028798e-03	7.356443e-01	2.928121e+00
3.040857524457370e-03	7.617201e-01	3.032478e+00
3.042286095885941e-03	7.877314e-01	3.136580e+00
3.043714667314513e-03	8.136782e-01	3.240426e+00
3.045143238743084e-03	8.395605e-01	3.344016e+00
3.046571810171656e-03	8.653783e-01	3.447350e+00
3.048000381600228e-03	8.911316e-01	3.550428e+00
3.049000381600228e-03	9.091127e-01	3.622399e+00
3.054000381600229e-03	9.984654e-01	3.980057e+00
3.066286095885945e-03	1.216535e+00	4.853063e+00
3.078571810171661e-03	1.424441e+00	5.685549e+00
3.090857524457377e-03	1.622186e+00	6.477515e+00
3.103143238743092e-03	1.809769e+00	7.228963e+00
3.115428953028808e-03	1.987190e+00	7.939891e+00
3.127714667314524e-03	2.154448e+00	8.610300e+00
3.140000381600240e-03	2.311544e+00	9.240190e+00
3.149178953028812e-03	2.418625e+00	9.669701e+00
3.158357524457385e-03	2.516934e+00	1.006417e+01
3.167536095885957e-03	2.606472e+00	1.042359e+01
3.176714667314530e-03	2.687238e+00	1.074797e+01
3.185893238743102e-03	2.759232e+00	1.103731e+01
3.195071810171674e-03	2.822455e+00	1.129160e+01
3.204250381600247e-03	2.876907e+00	1.151085e+01
3.213375381600247e-03	2.920918e+00	1.168835e+01
3.213985733162747e-03	2.923520e+00	1.169882e+01
3.215206436287747e-03	2.928597e+00	1.171937e+01
3.219206436287747e-03	2.944022e+00	1.178170e+01
3.223979873787747e-03	2.960017e+00	1.184646e+01
3.228753311287747e-03	2.973326e+00	1.190047e+01
3.233526748787747e-03	2.983950e+00	1.194375e+01
3.238300186287747e-03	2.991888e+00	1.197629e+01
3.243073623787747e-03	2.997142e+00	1.199809e+01
3.247847061287747e-03	2.999710e+00	1.200915e+01
3.252620498787747e-03	2.999593e+00	1.200947e+01
3.255982105930604e-03	2.997875e+00	1.200315e+01
3.259343713073461e-03	2.994825e+00	1.199151e+01
3.262705320216319e-03	2.990443e+00	1.197453e+01
3.266066927359176e-03	2.984728e+00	1.195223e+01
3.269428534502033e-03	2.977682e+00	1.192460e+01
3.272790141644890e-03	2.969303e+00	1.189163e+01
3.276151748787747e-03	2.959591e+00	1.185334e+01
3.276762100350247e-03	2.957688e+00	1.184579e+01
3.277982803475247e-03	2.953750e+00	1.183028e+01
3.278982803475247e-03	2.950394e+00	1.181701e+01
3.285982803475247e-03	2.923653e+00	1.171119e+01
3.286593155037747e-03	2.921053e+00	1.170085e+01
3.287813858162748e-03	2.915723e+00	1.167977e+01
3.291813858162748e-03	2.897058e+00	1.160575e+01
3.292188858162748e-03	2.895214e+00	1.159841e+01
3.293938858162748e-03	2.886397e+00	1.156344e+01
3.297313858162748e-03	2.868409e+00	1.149201e+01
3.300063858162748e-03	2.852797e+00	1.143001e+01
3.306921001019891e-03	2.809919e+00	1.125958e+01
3.313778143877035e-03	2.762073e+00	1.106926e+01
3.320635286734178e-03	2.709259e+00	1.085904e+01
3.327492429591322e-03	2.651476e+00	1.062893e+01
3.334349572448465e-03	2.588726e+00	1.037893e+01
3.341206715305609e-03	2.521008e+00	1.010903e+01
3.348063858162752e-03	2.448322e+00	9.819245e+00
3.360921001019897e-03	2.297448e+00	9.217480e+00
3.373778143877041e-03	2.134480e+00	8.567205e+00
3.386635286734186e-03	1.959417e+00	7.868423e+00
3.399492429591330e-03	1.772260e+00	7.121131e+00
3.412349572448475e-03	1.573009e+00	6.325332e+00
3.425206715305620e-03	1.361664e+00	5.481023e+00
3.438063858162764e-03	1.138224e+00	4.588206e+00
3.446063858162765e-03	9.973235e-01	4.025100e+00
3.446921001019908e-03	9.820701e-01	3.964136e+00
3.447778143877051e-03	9.667895e-01	3.903062e+00
3.448635286734194e-03	9.514814e-01	3.841877e+00
3.449492429591337e-03	9.361459e-01	3.780583e+00
3.450349572448480e-03	9.207831e-01	3.719178e+00
3.451206715305623e-03	9.053929e-01	3.657663e+00
3.452063858162766e-03	8.899753e-01	3.596037e+00
3.453492429591338e-03	8.642188e-01	3.493085e+00
3.454921001019910e-03	8.383980e-01	3.389873e+00
3.456349572448481e-03	8.125127e-01	3.286401e+00
3.457778143877053e-03	7.865630e-01	3.182669e+00
3.459206715305624e-03	7.605489e-01	3.078678e+00
3.460635286734196e-03	7.344703e-01	2.974427e+00
3.462063858162767e-03	7.083274e-01	2.869916e+00
3.463063858162768e-03	6.899969e-01	2.796636e+00
3.468206715305625e-03	5.950608e-01	2.417090e+00
3.473349572448483e-03	4.997534e-01	2.036032e+00
3.478492429591341e-03	4.040746e-01	1.653460e+00
3.483635286734199e-03	3.080245e-01	1.269377e+00
3.488778143877057e-03	2.116029e-01	8.837800e-01
3.493921001019915e-03	1.148100e-01	4.966709e-01
3.499063858162772e-03	1.764576e-02	1.080490e-01
3.500063858162772e-03	-1.203698e-03	3.265484e-02
3.501063858162773e-03	-2.005311e-02	-4.274021e-02
3.504027493114739e-03	-7.595681e-02	-2.663535e-01
3.506991128066706e-03	-1.317858e-01	-4.896771e-01
3.509954763018673e-03	-1.875401e-01	-7.127110e-01
3.512918397970640e-03	-2.432197e-01	-9.354552e-01
3.515882032922607e-03	-2.988246e-01	-1.157910e+00
3.518845667874573e-03	-3.543548e-01	-1.380074e+00
3.521809302826540e-03	-4.098103e-01	-1.601950e+00
3.521986219930893e-03	-4.131136e-01	-1.612333e+00
3.522156487499863e-03	-4.162923e-01	-1.615899e+00
3.522354129417750e-03	-4.199814e-01	-1.615489e+00
3.522595473339394e-03	-4.244853e-01	-1.615343e+00
3.522855935609391e-03	-4.293449e-01	-1.615380e+00
3.523376860149386e-03	-4.390607e-01	-1.615147e+00
3.524092082678414e-03	-4.523927e-01	-1.615025e+00
3.527522510704198e-03	-5.162053e-01	-1.614042e+00
3.527931308358770e-03	-5.237943e-01	-1.682973e+00
3.528382091965338e-03	-5.321587e-01	-1.893419e+00
3.528595185186156e-03	-5.361113e-01	-2.001299e+00
3.528743968791833e-03	-5.388704e-01	-2.053642e+00
3.528940730960896e-03	-5.425186e-01	-2.100439e+00
3.529079095732627e-03	-5.450835e-01	-2.123292e+00
3.529268102972448e-03	-5.485865e-01	-2.147066e+00
3.529471221909265e-03	-5.523502e-01	-2.167410e+00
3.529699210504487e-03	-5.565736e-01	-2.187055e+00
3.529980267573600e-03	-5.617786e-01	-2.209279e+00
3.530338757111866e-03	-5.684150e-01	-2.236395e+00
3.530828581831870e-03	-5.774780e-01	-2.272824e+00
3.537573184114835e-03	-7.016774e-01	-2.769852e+00
3.538573184114835e-03	-7.199901e-01	-2.843139e+00
3.540001755543407e-03	-7.461069e-01	-2.947660e+00
3.541430326971978e-03	-7.721584e-01	-3.051921e+00
3.542858898400550e-03	-7.981445e-01	-3.155923e+00
3.544287469829121e-03	-8.240653e-01	-3.259665e+00
3.545716041257693e-03	-8.499207e-01	-3.363148e+00
3.547144612686265e-03	-8.757108e-01	-3.466372e+00
3.548573184114836e-03	-9.014356e-01	-3.569337e+00
3.549573184114837e-03	-9.193962e-01	-3.641227e+00
3.554573184114837e-03	-1.008640e+00	-3.998454e+00
3.566858898400553e-03	-1.226394e+00	-4.870204e+00
3.579144612686269e-03	-1.433933e+00	-5.701225e+00
3.591430326971985e-03	-1.631258e+00	-6.491518e+00
3.603716041257701e-03	-1.818368e+00	-7.241081e+00
3.616001755543417e-03	-1.995264e+00	-7.949916e+00
3.628287469829133e-03	-2.161945e+00	-8.618021e+00
3.640573184114849e-03	-2.318412e+00	-9.245399e+00
3.649608898400564e-03	-2.423380e+00	-9.666445e+00
3.658644612686279e-03	-2.519845e+00	-1.005352e+01
3.667680326971994e-03	-2.607806e+00	-1.040662e+01
3.676716041257710e-03	-2.687263e+00	-1.072574e+01
3.685751755543425e-03	-2.758217e+00	-1.101090e+01
3.694787469829140e-03	-2.820667e+00	-1.126207e+01
3.703823184114855e-03	-2.874614e+00	-1.147928e+01
3.712948184114855e-03	-2.919070e+00	-1.165856e+01
3.713558535677355e-03	-2.921703e+00	-1.166915e+01
3.714779238802355e-03	-2.926840e+00	-1.168994e+01
3.718779238802355e-03	-2.942463e+00	-1.175307e+01
3.723552676302355e-03	-2.958696e+00	-1.181877e+01
3.728326113802355e-03	-2.972244e+00	-1.187374e+01
3.733099551302355e-03	-2.983107e+00	-1.191797e+01
3.737872988802355e-03	-2.991286e+00	-1.195147e+01
3.742646426302355e-03	-2.996780e+00	-1.197424e+01
3.747419863802355e-03	-2.999590e+00	-1.198626e+01
3.752193301302355e-03	-2.999715e+00	-1.198755e+01
3.755554908445213e-03	-2.998167e+00	-1.198192e+01
3.758916515588070e-03	-2.995287e+00	-1.197095e+01
3.762278122730927e-03	-2.991074e+00	-1.195466e+01
3.765639729873784e-03	-2.985529e+00	-1.193303e+01
3.769001337016641e-03	-2.978651e+00	-1.190607e+01
3.772362944159498e-03	-2.970441e+00	-1.187378e+01
3.775724551302356e-03	-2.960898e+00	-1.183616e+01
3.776334902864855e-03	-2.959025e+00	-1.182873e+01
3.777555605989856e-03	-2.955148e+00	-1.181347e+01
3.778555605989856e-03	-2.951842e+00	-1.180040e+01
3.785555605989856e-03	-2.925448e+00	-1.169596e+01
3.786165957552356e-03	-2.922878e+00	-1.168575e+01
3.787386660677356e-03	-2.917608e+00	-1.166491e+01
3.790386660677356e-03	-2.903928e+00	-1.161066e+01
3.791761660677356e-03	-2.897314e+00	-1.158441e+01
3.793511660677356e-03	-2.888582e+00	-1.154978e+01
3.796886660677356e-03	-2.870757e+00	-1.147900e+01
3.799636660677356e-03	-2.855278e+00	-1.141754e+01
3.806404517820214e-03	-2.813319e+00	-1.125077e+01
3.813172374963072e-03	-2.766510e+00	-1.106458e+01
3.819940232105929e-03	-2.714852e+00	-1.085898e+01
3.826708089248787e-03	-2.658346e+00	-1.063396e+01
3.833475946391645e-03	-2.596990e+00	-1.038952e+01
3.840243803534503e-03	-2.530785e+00	-1.012567e+01
3.847011660677360e-03	-2.459730e+00	-9.842402e+00
3.860011660677362e-03	-2.308323e+00	-9.238529e+00
3.873011660677364e-03	-2.144499e+00	-8.584857e+00
3.886011660677365e-03	-1.968258e+00	-7.881386e+00
3.899011660677367e-03	-1.779602e+00	-7.128116e+00
3.912011660677369e-03	-1.578529e+00	-6.325047e+00
3.925011660677370e-03	-1.365040e+00	-5.472179e+00
3.938011660677372e-03	-1.139134e+00	-4.569512e+00
3.946011660677373e-03	-9.982514e-01	-4.006476e+00
3.951011660677374e-03	-9.088963e-01	-3.649334e+00
3.952011660677374e-03	-8.909149e-01	-3.577460e+00
3.953440232105945e-03	-8.651610e-01	-3.474518e+00
3.954868803534517e-03	-8.393426e-01	-3.371316e+00
3.956297374963088e-03	-8.134597e-01	-3.267854e+00
3.957725946391661e-03	-7.875124e-01	-3.164132e+00
3.959154517820232e-03	-7.615006e-01	-3.060150e+00
3.960583089248804e-03	-7.354242e-01	-2.955908e+00
3.962011660677375e-03	-7.092834e-01	-2.851406e+00
3.963011660677375e-03	-6.909544e-01	-2.778131e+00
3.978886660677377e-03	-3.968108e-01	-1.602083e+00
3.979253424285979e-03	-3.899572e-01	-1.583342e+00
3.979600427550952e-03	-3.834709e-01	-1.580363e+00
3.979836948517329e-03	-3.790487e-01	-1.581435e+00
3.980102424438552e-03	-3.740842e-01	-1.581111e+00
3.980496918537464e-03	-3.667051e-01	-1.581055e+00
3.981175861520354e-03	-3.539999e-01	-1.580911e+00
3.981907917147071e-03	-3.402937e-01	-1.580709e+00
3.982959941985127e-03	-3.205842e-01	-1.580500e+00
3.984307119449125e-03	-2.953247e-01	-1.580164e+00
3.984696076459571e-03	-2.880278e-01	-1.580075e+00
3.985026312504122e-03	-2.818311e-01	-1.528863e+00
3.985413338364701e-03	-2.745673e-01	-1.353241e+00
3.985653375400688e-03	-2.700614e-01	-1.228748e+00
3.985810438689556e-03	-2.671127e-01	-1.167747e+00
3.986011128668789e-03	-2.633446e-01	-1.111026e+00
3.986183237904914e-03	-2.601128e-01	-1.078375e+00
3.986334732006100e-03	-2.572679e-01	-1.057606e+00
3.986489193207947e-03	-2.543669e-01	-1.040274e+00
3.986667794438571e-03	-2.510124e-01	-1.023200e+00
3.986941293379989e-03	-2.458747e-01	-9.999896e-01
3.987223380581154e-03	-2.405750e-01	-9.778292e-01
3.987640843881398e-03	-2.327305e-01	-9.460229e-01
3.989269723858097e-03	-2.020997e-01	-8.234873e-01
3.990898603834796e-03	-1.714558e-01	-7.009049e-01
3.992527483811495e-03	-1.407987e-01	-5.782755e-01
3.994156363788194e-03	-1.101285e-01	-4.555992e-01
3.995785243764894e-03	-7.944506e-02	-3.328760e-01
3.997414123741593e-03	-4.874853e-02	-2.101058e-01
3.999043003718292e-03	-1.803885e-02	-8.728869e-02
4.000043003718292e-03	8.106010e-04	-1.189509e-02
4.001043003718292e-03	1.966002e-02	6.350045e-02
4.006043003718293e-03	1.141117e-01	4.413099e-01
4.011043003718294e-03	2.082196e-01	8.177700e-01
4.016043003718294e-03	3.019837e-01	1.192881e+00
4.021043003718295e-03	3.954040e-01	1.566642e+00
4.026043003718296e-03	4.884806e-01	1.939054e+00
4.031043003718296e-03	5.812133e-01	2.310117e+00
4.036043003718297e-03	6.736022e-01	2.679830e+00
4.037043003718297e-03	6.919571e-01	2.753284e+00
4.038043003718297e-03	7.102846e-01	2.826630e+00
4.039471575146869e-03	7.364231e-01	2.931237e+00
4.040900146575440e-03	7.624971e-01	3.035587e+00
4.042328718004012e-03	7.885066e-01	3.139682e+00
4.043757289432584e-03	8.144515e-01	3.243520e+00
4.045185860861156e-03	8.403318e-01	3.347102e+00
4.046614432289727e-03	8.661475e-01	3.450428e+00
4.048043003718299e-03	8.918988e-01	3.553497e+00
4.049043003718299e-03	9.098783e-01	3.625462e+00
4.054043003718299e-03	9.992230e-01	3.983089e+00
4.066328718004015e-03	1.217269e+00	4.856001e+00
4.078614432289731e-03	1.425148e+00	5.688379e+00
4.090900146575447e-03	1.622862e+00	6.480221e+00
4.103185860861163e-03	1.810410e+00	7.231529e+00
4.115471575146879e-03	1.987791e+00	7.942302e+00
4.127757289432595e-03	2.155007e+00	8.612540e+00
4.140043003718311e-03	2.312056e+00	9.242243e+00
4.149221575146883e-03	2.419100e+00	9.671607e+00
4.158400146575456e-03	2.517371e+00	1.006592e+01
4.167578718004029e-03	2.606869e+00	1.042519e+01
4.176757289432602e-03	2.687595e+00	1.074941e+01
4.185935860861174e-03	2.759547e+00	1.103858e+01
4.195114432289747e-03	2.822727e+00	1.129270e+01
4.204293003718319e-03	2.877135e+00	1.151177e+01
4.213418003718321e-03	2.921101e+00	1.168909e+01
4.214028355280821e-03	2.923700e+00	1.169955e+01
4.215249058405821e-03	2.928771e+00	1.172007e+01
4.219249058405821e-03	2.944177e+00	1.178233e+01
4.224022495905822e-03	2.960147e+00	1.184699e+01
4.228795933405822e-03	2.973433e+00	1.190090e+01
4.233569370905822e-03	2.984033e+00	1.194408e+01
4.238342808405821e-03	2.991947e+00	1.197653e+01
4.243116245905822e-03	2.997177e+00	1.199823e+01
4.247889683405822e-03	2.999721e+00	1.200920e+01
4.252663120905822e-03	2.999580e+00	1.200942e+01
4.256024728048679e-03	2.997845e+00	1.200304e+01
4.259386335191536e-03	2.994778e+00	1.199133e+01
4.262747942334394e-03	2.990379e+00	1.197428e+01
4.266109549477251e-03	2.984647e+00	1.195191e+01
4.269471156620108e-03	2.977584e+00	1.192421e+01
4.272832763762965e-03	2.969188e+00	1.189118e+01
4.276194370905822e-03	2.959460e+00	1.185282e+01
4.276804722468323e-03	2.957553e+00	1.184526e+01
4.278025425593322e-03	2.953609e+00	1.182973e+01
4.279025425593322e-03	2.950249e+00	1.181643e+01
4.286025425593323e-03	2.923473e+00	1.171047e+01
4.286635777155824e-03	2.920870e+00	1.170012e+01
4.287856480280823e-03	2.915534e+00	1.167902e+01
4.291856480280824e-03	2.896849e+00	1.160492e+01
4.292231480280824e-03	2.895004e+00	1.159758e+01
4.293981480280824e-03	2.886178e+00	1.156257e+01
4.297356480280825e-03	2.868173e+00	1.149107e+01
4.300106480280825e-03	2.852549e+00	1.142903e+01
4.304392194566540e-03	2.826447e+00	1.132530e+01
4.308677908852255e-03	2.798351e+00	1.121358e+01
4.312963623137970e-03	2.768261e+00	1.109388e+01
4.317249337423685e-03	2.736175e+00	1.096619e+01
4.321535051709399e-03	2.702096e+00	1.083052e+01
4.325820765995115e-03	2.666021e+00	1.068686e+01
4.330106480280829e-03	2.627953e+00	1.053522e+01
4.343963623137974e-03	2.488749e+00	9.980418e+00
4.357820765995119e-03	2.333972e+00	9.363179e+00
4.371677908852263e-03	2.163620e+00	8.683502e+00
4.385535051709408e-03	1.977695e+00	7.941390e+00
4.399392194566552e-03	1.776196e+00	7.136841e+00
4.413249337423698e-03	1.559122e+00	6.269856e+00
4.427106480280842e-03	1.326475e+00	5.340434e+00
4.446106480280845e-03	9.965657e-01	4.022071e+00
4.451106480280845e-03	9.071929e-01	3.664857e+00
4.452106480280845e-03	8.892080e-01	3.592970e+00
4.453535051709417e-03	8.634495e-01	3.490009e+00
4.454963623137988e-03	8.376265e-01	3.386788e+00
4.456392194566560e-03	8.117393e-01	3.283309e+00
4.457820765995132e-03	7.857876e-01	3.179569e+00
4.459249337423704e-03	7.597717e-01	3.075570e+00
4.460677908852275e-03	7.336913e-01	2.971312e+00
4.462106480280847e-03	7.075467e-01	2.866795e+00
4.463106480280847e-03	6.892150e-01	2.793510e+00
4.468249337423705e-03	5.942734e-01	2.413941e+00
4.473392194566562e-03	4.989612e-01	2.032864e+00
4.478535051709420e-03	4.032785e-01	1.650276e+00
4.483677908852278e-03	3.072253e-01	1.266180e+00
4.488820765995136e-03	2.108015e-01	8.805744e-01
4.493963623137994e-03	1.140072e-01	4.934593e-01
4.499106480280852e-03	1.684236e-02	1.048349e-01
4.500106480280852e-03	-2.007106e-03	2.944063e-02
4.501106480280852e-03	-2.085649e-02	-4.595439e-02
4.504053909130721e-03	-7.645372e-02	-2.683419e-01
4.507001337980591e-03	-1.319772e-01	-4.904433e-01
4.509948766830461e-03	-1.874269e-01	-7.122586e-01
4.512896195680330e-03	-2.428028e-01	-9.337879e-01
4.515843624530200e-03	-2.981049e-01	-1.155031e+00
4.518791053380070e-03	-3.533333e-01	-1.375988e+00
4.521738482229939e-03	-4.084879e-01	-1.596659e+00
4.522015925440411e-03	-4.136682e-01	-1.611577e+00
4.522294427599448e-03	-4.188671e-01	-1.614821e+00
4.522503747830093e-03	-4.227736e-01	-1.613744e+00
4.522745727608070e-03	-4.272888e-01	-1.613819e+00
4.523100125886999e-03	-4.338999e-01	-1.613752e+00
4.523808922444857e-03	-4.471156e-01	-1.613502e+00
4.524537859256579e-03	-4.606975e-01	-1.613361e+00
4.525520576607976e-03	-4.789927e-01	-1.613035e+00
4.526807652605150e-03	-5.029263e-01	-1.612714e+00
4.527499372263094e-03	-5.157756e-01	-1.612524e+00
4.527844880328537e-03	-5.221902e-01	-1.666983e+00
4.528239339898814e-03	-5.295104e-01	-1.846807e+00
4.528479764382705e-03	-5.339705e-01	-1.970444e+00
4.528644706162603e-03	-5.370297e-01	-2.032586e+00
4.528853530903625e-03	-5.409019e-01	-2.088256e+00
4.529027724554015e-03	-5.441312e-01	-2.119054e+00
4.529209555486345e-03	-5.475014e-01	-2.142150e+00
4.529395201525946e-03	-5.509416e-01	-2.161167e+00
4.529600048206742e-03	-5.547368e-01	-2.179194e+00
4.529904186063234e-03	-5.603698e-01	-2.203564e+00
4.530223455793044e-03	-5.662808e-01	-2.227789e+00
4.530720980375766e-03	-5.754876e-01	-2.264859e+00
4.537367344740064e-03	-6.979045e-01	-2.754752e+00
4.538367344740064e-03	-7.162229e-01	-2.828065e+00
4.539795916168636e-03	-7.423482e-01	-2.932618e+00
4.541224487597207e-03	-7.684085e-01	-3.036914e+00
4.542653059025779e-03	-7.944037e-01	-3.140952e+00
4.544081630454351e-03	-8.203339e-01	-3.244731e+00
4.545510201882923e-03	-8.461990e-01	-3.348253e+00
4.546938773311494e-03	-8.719991e-01	-3.451517e+00
4.548367344740066e-03	-8.977341e-01	-3.554523e+00
4.549367344740066e-03	-9.157021e-01	-3.626441e+00
4.554367344740066e-03	-1.004985e+00	-3.983824e+00
4.566653059025782e-03	-1.222853e+00	-4.856027e+00
4.578938773311498e-03	-1.430524e+00	-5.687575e+00
4.591224487597214e-03	-1.628000e+00	-6.478471e+00
4.603510201882930e-03	-1.815281e+00	-7.228712e+00
4.615795916168646e-03	-1.992365e+00	-7.938300e+00
4.628081630454362e-03	-2.159254e+00	-8.607235e+00
4.640367344740078e-03	-2.315947e+00	-9.235516e+00
4.649403059025794e-03	-2.421091e+00	-9.657263e+00
4.658438773311509e-03	-2.517737e+00	-1.004506e+01
4.667474487597224e-03	-2.605886e+00	-1.039891e+01
4.676510201882940e-03	-2.685536e+00	-1.071881e+01
4.685545916168656e-03	-2.756689e+00	-1.100475e+01
4.694581630454371e-03	-2.819344e+00	-1.125675e+01
4.703617344740087e-03	-2.873501e+00	-1.147480e+01
4.712742344740088e-03	-2.918173e+00	-1.165493e+01
4.713352696302588e-03	-2.920820e+00	-1.166559e+01
4.714573399427588e-03	-2.925986e+00	-1.168649e+01
4.718573399427588e-03	-2.941705e+00	-1.175000e+01
4.722573399427589e-03	-2.955565e+00	-1.180609e+01
4.723183750990089e-03	-2.957517e+00	-1.181396e+01
4.724404454115089e-03	-2.961288e+00	-1.182929e+01
4.725404454115089e-03	-2.964248e+00	-1.184128e+01
4.729623204115089e-03	-2.975456e+00	-1.188680e+01
4.733841954115090e-03	-2.984561e+00	-1.192391e+01
4.738060704115090e-03	-2.991564e+00	-1.195262e+01
4.742279454115090e-03	-2.996466e+00	-1.197292e+01
4.746498204115089e-03	-2.999265e+00	-1.198481e+01
4.750716954115090e-03	-2.999962e+00	-1.198830e+01
4.754935704115090e-03	-2.998558e+00	-1.198338e+01
4.755935704115090e-03	-2.997914e+00	-1.198097e+01
4.773584141615090e-03	-2.967123e+00	-1.186071e+01
4.774194493177591e-03	-2.965402e+00	-1.185390e+01
4.775415196302590e-03	-2.961831e+00	-1.183986e+01
4.777856602552591e-03	-2.954165e+00	-1.180957e+01
4.783739415052591e-03	-2.932842e+00	-1.172524e+01
4.784349766615091e-03	-2.930400e+00	-1.171554e+01
4.785570469740091e-03	-2.925386e+00	-1.169573e+01
4.786570469740091e-03	-2.921150e+00	-1.167893e+01
4.793570469740092e-03	-2.888283e+00	-1.154859e+01
4.794180821302592e-03	-2.885151e+00	-1.153613e+01
4.795401524427592e-03	-2.878760e+00	-1.151081e+01
4.797580095856163e-03	-2.866929e+00	-1.146382e+01
4.799758667284736e-03	-2.854566e+00	-1.141471e+01
4.801937238713307e-03	-2.841672e+00	-1.136347e+01
4.804115810141879e-03	-2.828247e+00	-1.131011e+01
4.806294381570451e-03	-2.814291e+00	-1.125463e+01
4.808472952999023e-03	-2.799803e+00	-1.119702e+01
4.810651524427594e-03	-2.784785e+00	-1.113729e+01
4.823097952999024e-03	-2.687033e+00	-1.074820e+01
4.835544381570455e-03	-2.574832e+00	-1.030122e+01
4.847990810141885e-03	-2.448181e+00	-9.796348e+00
4.860437238713315e-03	-2.307082e+00	-9.233586e+00
4.872883667284745e-03	-2.151533e+00	-8.612932e+00
4.885330095856176e-03	-1.981536e+00	-7.934388e+00
4.897776524427606e-03	-1.797090e+00	-7.197953e+00
4.904633667284749e-03	-1.691434e+00	-6.776011e+00
4.911490810141894e-03	-1.583157e+00	-6.343537e+00
4.918347952999037e-03	-1.472256e+00	-5.900530e+00
4.925205095856181e-03	-1.358733e+00	-5.446991e+00
4.932062238713324e-03	-1.242588e+00	-4.982919e+00
4.938919381570469e-03	-1.123820e+00	-4.508314e+00
4.945776524427612e-03	-1.002430e+00	-4.023177e+00
4.950776524427613e-03	-9.131193e-01	-3.666214e+00
4.951776524427613e-03	-8.951461e-01	-3.594374e+00
4.953205095856185e-03	-8.694039e-01	-3.491479e+00
4.954633667284756e-03	-8.435969e-01	-3.388322e+00
4.956062238713328e-03	-8.177251e-01	-3.284904e+00
4.957490810141900e-03	-7.917883e-01	-3.181225e+00
4.958919381570471e-03	-7.657868e-01	-3.077285e+00
4.960347952999043e-03	-7.397204e-01	-2.973083e+00
4.961776524427614e-03	-7.135892e-01	-2.868620e+00
4.962776524427615e-03	-6.952667e-01	-2.795372e+00
4.978776524427617e-03	-3.988685e-01	-1.610311e+00
4.979330761515769e-03	-3.885117e-01	-1.584001e+00
4.979853092681811e-03	-3.787468e-01	-1.581558e+00
4.980085415598749e-03	-3.744023e-01	-1.582605e+00
4.980394284922667e-03	-3.686251e-01	-1.582239e+00
4.980951827982394e-03	-3.581930e-01	-1.582205e+00
4.981670204404607e-03	-3.447452e-01	-1.581999e+00
4.982624735081899e-03	-3.268658e-01	-1.581788e+00
4.983933671770076e-03	-3.023291e-01	-1.581477e+00
4.984925490559117e-03	-2.837231e-01	-1.581249e+00
4.985262290955795e-03	-2.774024e-01	-1.528573e+00
4.985648680176999e-03	-2.701496e-01	-1.352955e+00
4.985895052085555e-03	-2.655241e-01	-1.223659e+00
4.986061446411707e-03	-2.623998e-01	-1.156101e+00
4.986274071072726e-03	-2.584071e-01	-1.092877e+00
4.986484297938553e-03	-2.544589e-01	-1.053237e+00
4.986617619439082e-03	-2.519548e-01	-1.035750e+00
4.986757814037423e-03	-2.493214e-01	-1.020136e+00
4.986929871737504e-03	-2.460893e-01	-1.003641e+00
4.987191817691367e-03	-2.411680e-01	-9.812924e-01
4.987478505845085e-03	-2.357812e-01	-9.586908e-01
4.987884519880774e-03	-2.281509e-01	-9.277213e-01
4.989243297668334e-03	-2.026047e-01	-8.254603e-01
5.000000000000000e-03	-3.673940e-15	-1.513793e-02
