time	V(vin)	V(vout)
0.000000000000000e+00	0.000000e+00	9.348482e-04
1.319622108601550e-08	2.487429e-04	9.310032e-04
2.639244217203099e-08	4.974858e-04	9.377984e-04
3.958866325804649e-08	7.462287e-04	9.552337e-04
5.278488434406199e-08	9.949716e-04	9.833093e-04
6.598110543007748e-08	1.243714e-03	1.022025e-03
7.917732651609298e-08	1.492457e-03	1.071381e-03
9.237354760210845e-08	1.741200e-03	1.131377e-03
1.385710489639972e-07	2.612002e-03	1.511495e-03
1.967362662355018e-07	3.708390e-03	2.347481e-03
2.751730876005074e-07	5.186888e-03	4.124312e-03
3.899594181082173e-07	7.350555e-03	7.956984e-03
5.677575965115486e-07	1.070196e-02	1.617883e-02
8.316405114611759e-07	1.567598e-02	3.173330e-02
1.157011556900635e-06	2.180896e-02	5.387285e-02
1.513121925969120e-06	2.852125e-02	7.973095e-02
3.538547612724768e-06	6.669456e-02	2.318899e-01
9.109610658763641e-06	1.719346e-01	6.528965e-01
1.468067370480252e-05	2.766460e-01	1.071832e+00
2.025173675084139e-05	3.808288e-01	1.488697e+00
2.582279979688027e-05	4.844829e-01	1.903491e+00
3.139386284291914e-05	5.876084e-01	2.316214e+00
3.696492588895801e-05	6.902053e-01	2.726866e+00
4.253598893499687e-05	7.922735e-01	3.135447e+00
5.369670322071117e-05	9.953492e-01	3.948508e+00
6.485741750642546e-05	1.191230e+00	4.732939e+00
7.601813179213976e-05	1.379915e+00	5.488739e+00
8.717884607785406e-05	1.561406e+00	6.215910e+00
9.833956036356835e-05	1.735701e+00	6.914451e+00
1.095002746492827e-04	1.902801e+00	7.584362e+00
1.206609889349969e-04	2.062706e+00	8.225642e+00
1.294108945694532e-04	2.180037e+00	8.697521e+00
1.381608002039095e-04	2.290015e+00	9.139321e+00
1.469107058383658e-04	2.392641e+00	9.551042e+00
1.556606114728220e-04	2.487914e+00	9.932685e+00
1.644105171072783e-04	2.575834e+00	1.028425e+01
1.731604227417346e-04	2.656402e+00	1.060573e+01
1.819103283761908e-04	2.729617e+00	1.089714e+01
1.878641948696193e-04	2.774258e+00	1.097609e+01
1.943140749386485e-04	2.818236e+00	1.100166e+01
1.987793031989264e-04	2.845975e+00	1.100854e+01
2.071498389132121e-04	2.892099e+00	1.101077e+01
2.155203746274978e-04	2.930029e+00	1.101251e+01
2.238909103417836e-04	2.959765e+00	1.101376e+01
2.322614460560693e-04	2.981309e+00	1.101450e+01
2.406319817703550e-04	2.994660e+00	1.101476e+01
2.490025174846407e-04	2.999817e+00	1.101452e+01
2.573730531989264e-04	2.996781e+00	1.101378e+01
2.636509549846407e-04	2.988895e+00	1.101396e+01
2.699288567703550e-04	2.976429e+00	1.101401e+01
2.762067585560693e-04	2.959382e+00	1.101393e+01
2.824846603417836e-04	2.937755e+00	1.101372e+01
2.887625621274979e-04	2.911548e+00	1.101337e+01
2.950404639132122e-04	2.880760e+00	1.101289e+01
3.013183656989265e-04	2.845392e+00	1.101228e+01
3.062011781989265e-04	2.814892e+00	1.100952e+01
3.110839906989265e-04	2.781743e+00	1.100200e+01
3.180331954349259e-04	2.730059e+00	1.095860e+01
3.198544206970234e-04	2.715648e+00	1.090492e+01
3.208632224524648e-04	2.707513e+00	1.085991e+01
3.218720242079062e-04	2.699269e+00	1.081742e+01
3.228808259633476e-04	2.690917e+00	1.077744e+01
3.238896277187890e-04	2.682457e+00	1.073997e+01
3.248984294742303e-04	2.673889e+00	1.070500e+01
3.259072312296718e-04	2.665214e+00	1.067255e+01
3.269160329851131e-04	2.656430e+00	1.064260e+01
3.407334068551056e-04	2.522232e+00	1.010855e+01
3.545507807250981e-04	2.372214e+00	9.511027e+00
3.683681545950906e-04	2.206374e+00	8.850043e+00
3.821855284650831e-04	2.024713e+00	8.125596e+00
3.960029023350756e-04	1.827230e+00	7.337685e+00
4.098202762050681e-04	1.613927e+00	6.486311e+00
4.236376500750606e-04	1.384802e+00	5.571474e+00
4.320081857893463e-04	1.241953e+00	5.000951e+00
4.403787215036320e-04	1.096693e+00	4.420693e+00
4.487492572179177e-04	9.490224e-01	3.830699e+00
4.571197929322034e-04	7.989414e-01	3.230970e+00
4.654903286464892e-04	6.464498e-01	2.621506e+00
4.738608643607749e-04	4.915476e-01	2.002306e+00
4.822314000750606e-04	3.342349e-01	1.373370e+00
4.968798375750606e-04	5.880991e-02	2.719765e-01
5.115282750750606e-04	-2.171129e-01	-8.317137e-01
5.192012661464892e-04	-3.618767e-01	-1.410892e+00
5.268742572179177e-04	-5.049795e-01	-1.983510e+00
5.345472482893463e-04	-6.464215e-01	-2.549566e+00
5.422202393607750e-04	-7.862026e-01	-3.109061e+00
5.498932304322036e-04	-9.243228e-01	-3.661995e+00
5.575662215036321e-04	-1.060782e+00	-4.208368e+00
5.652392125750607e-04	-1.195580e+00	-4.748179e+00
5.784925607893464e-04	-1.423688e+00	-5.661890e+00
5.917459090036321e-04	-1.638481e+00	-6.522535e+00
6.049992572179179e-04	-1.839958e+00	-7.330114e+00
6.182526054322036e-04	-2.028120e+00	-8.084626e+00
6.315059536464893e-04	-2.202967e+00	-8.786072e+00
6.447593018607750e-04	-2.364498e+00	-9.434452e+00
6.580126500750608e-04	-2.512714e+00	-1.002977e+01
6.615089297686259e-04	-2.548150e+00	-1.017433e+01
6.650052094621911e-04	-2.582317e+00	-1.031254e+01
6.685014891557562e-04	-2.615213e+00	-1.044440e+01
6.719977688493213e-04	-2.646841e+00	-1.056989e+01
6.754940485428864e-04	-2.677199e+00	-1.068903e+01
6.789903282364516e-04	-2.706287e+00	-1.080181e+01
6.824866079300167e-04	-2.734106e+00	-1.090824e+01
6.844383702526966e-04	-2.749047e+00	-1.093637e+01
6.863901325753764e-04	-2.763570e+00	-1.095970e+01
6.883418948980562e-04	-2.777674e+00	-1.097823e+01
6.902936572207362e-04	-2.791359e+00	-1.099197e+01
6.922454195434160e-04	-2.804626e+00	-1.100091e+01
6.941971818660959e-04	-2.817475e+00	-1.100505e+01
6.961489441887757e-04	-2.829905e+00	-1.100440e+01
7.059145691887757e-04	-2.885643e+00	-1.101178e+01
7.191679174030614e-04	-2.943982e+00	-1.101246e+01
7.324212656173472e-04	-2.981687e+00	-1.101293e+01
7.456746138316330e-04	-2.998759e+00	-1.101319e+01
7.589279620459187e-04	-2.995198e+00	-1.101324e+01
7.721813102602044e-04	-2.971004e+00	-1.101309e+01
7.854346584744901e-04	-2.926176e+00	-1.101274e+01
7.986880066887758e-04	-2.860715e+00	-1.101217e+01
8.035708191887758e-04	-2.831654e+00	-1.101062e+01
8.084536316887758e-04	-2.799928e+00	-1.100621e+01
8.182987638258906e-04	-2.727979e+00	-1.095254e+01
8.199982328607893e-04	-2.714495e+00	-1.089498e+01
8.210816946391144e-04	-2.705736e+00	-1.084873e+01
8.221651564174396e-04	-2.696853e+00	-1.080469e+01
8.232486181957647e-04	-2.687845e+00	-1.076287e+01
8.243320799740900e-04	-2.678713e+00	-1.072327e+01
8.254155417524151e-04	-2.669456e+00	-1.068588e+01
8.264990035307402e-04	-2.660075e+00	-1.065071e+01
8.275824653090654e-04	-2.650569e+00	-1.061776e+01
8.414602592927937e-04	-2.514749e+00	-1.007725e+01
8.553380532765218e-04	-2.363058e+00	-9.473075e+00
8.692158472602501e-04	-2.195497e+00	-8.805222e+00
8.830936412439783e-04	-2.012066e+00	-8.073696e+00
8.969714352277066e-04	-1.812766e+00	-7.278495e+00
9.108492292114349e-04	-1.597595e+00	-6.419621e+00
9.247270231951631e-04	-1.366554e+00	-5.497073e+00
9.330975589094488e-04	-1.223233e+00	-4.924623e+00
9.414680946237345e-04	-1.077555e+00	-4.342651e+00
9.498386303380202e-04	-9.295209e-01	-3.751157e+00
9.582091660523059e-04	-7.791304e-01	-3.150142e+00
9.665797017665916e-04	-6.263836e-01	-2.539606e+00
9.749502374808773e-04	-4.712804e-01	-1.919548e+00
9.833207731951630e-04	-3.138208e-01	-1.289968e+00
9.979692106951627e-04	-3.827844e-02	-1.880051e-01
1.012617648195162e-03	2.375880e-01	9.155605e-01
1.020290639266591e-03	3.822517e-01	1.494392e+00
1.027963630338019e-03	5.252083e-01	2.066476e+00
1.035636621409448e-03	6.664579e-01	2.631812e+00
1.043309612480876e-03	8.060004e-01	3.190400e+00
1.050982603552304e-03	9.438358e-01	3.742240e+00
1.058655594623733e-03	1.079964e+00	4.287332e+00
1.066328585695161e-03	1.214386e+00	4.825677e+00
1.079581933909447e-03	1.441724e+00	5.736374e+00
1.092835282123732e-03	1.655640e+00	6.593562e+00
1.106088630338018e-03	1.856132e+00	7.397242e+00
1.119341978552303e-03	2.043202e+00	8.147412e+00
1.132595326766589e-03	2.216849e+00	8.844073e+00
1.145848674980874e-03	2.377073e+00	9.487226e+00
1.159102023195159e-03	2.523874e+00	1.007687e+01
1.162272415174253e-03	2.555706e+00	1.020543e+01
1.165442807153346e-03	2.586494e+00	1.032943e+01
1.168613199132439e-03	2.616239e+00	1.044887e+01
1.171783591111532e-03	2.644940e+00	1.056374e+01
1.174953983090626e-03	2.672598e+00	1.067405e+01
1.178124375069719e-03	2.699212e+00	1.077979e+01
1.181294767048812e-03	2.724783e+00	1.088098e+01
1.184798731915634e-03	2.751755e+00	1.094803e+01
1.192807347757024e-03	2.808375e+00	1.099791e+01
1.196857406446555e-03	2.834310e+00	1.100621e+01
1.206623031446555e-03	2.889266e+00	1.101283e+01
1.219876379660840e-03	2.946504e+00	1.101340e+01
1.233129727875126e-03	2.983111e+00	1.101377e+01
1.246383076089411e-03	2.999085e+00	1.101396e+01
1.259636424303697e-03	2.994428e+00	1.101395e+01
1.272889772517982e-03	2.969138e+00	1.101375e+01
1.286143120732268e-03	2.923217e+00	1.101336e+01
1.299396468946553e-03	2.856664e+00	1.101277e+01
1.304279281446553e-03	2.827215e+00	1.101095e+01
1.309162093946553e-03	2.795105e+00	1.100585e+01
1.318474862093794e-03	2.726597e+00	1.095039e+01
1.320148385103211e-03	2.713289e+00	1.088928e+01
1.321214448682536e-03	2.704655e+00	1.084463e+01
1.322280512261860e-03	2.695900e+00	1.080195e+01
1.323346575841184e-03	2.687024e+00	1.076126e+01
1.324412639420508e-03	2.678029e+00	1.072254e+01
1.325478702999832e-03	2.668912e+00	1.068581e+01
1.326544766579156e-03	2.659676e+00	1.065107e+01
1.327610830158480e-03	2.650319e+00	1.061830e+01
1.341460620546117e-03	2.514766e+00	1.007882e+01
1.355310410933754e-03	2.363401e+00	9.475912e+00
1.369160201321392e-03	2.196221e+00	8.809566e+00
1.383009991709029e-03	2.013228e+00	8.079785e+00
1.396859782096666e-03	1.814421e+00	7.286570e+00
1.410709572484303e-03	1.599801e+00	6.429919e+00
1.424559362871941e-03	1.369367e+00	5.509833e+00
1.432929898586226e-03	1.226118e+00	4.937701e+00
1.441300434300512e-03	1.080504e+00	4.356017e+00
1.449670970014797e-03	9.325251e-01	3.764781e+00
1.458041505729083e-03	7.821818e-01	3.163992e+00
1.466412041443369e-03	6.294738e-01	2.553651e+00
1.474782577157654e-03	4.744011e-01	1.933758e+00
1.483153112871940e-03	3.169636e-01	1.304313e+00
1.497801550371939e-03	4.143848e-02	2.024999e-01
1.512449987871939e-03	-2.344375e-01	-9.010223e-01
1.520122978943367e-03	-3.791170e-01	-1.479874e+00
1.527795970014796e-03	-5.220966e-01	-2.052009e+00
1.535468961086224e-03	-6.633762e-01	-2.617425e+00
1.543141952157652e-03	-8.029559e-01	-3.176125e+00
1.550814943229081e-03	-9.408355e-01	-3.728106e+00
1.558487934300509e-03	-1.077015e+00	-4.273370e+00
1.566160925371938e-03	-1.211495e+00	-4.811917e+00
1.579414273586223e-03	-1.438953e+00	-5.723043e+00
1.592667621800509e-03	-1.653004e+00	-6.580737e+00
1.605920970014794e-03	-1.853649e+00	-7.385000e+00
1.619174318229080e-03	-2.040887e+00	-8.135831e+00
1.632427666443365e-03	-2.214719e+00	-8.833231e+00
1.645681014657650e-03	-2.375145e+00	-9.477200e+00
1.658934362871936e-03	-2.522164e+00	-1.006774e+01
1.662355065230660e-03	-2.556530e+00	-1.020879e+01
1.665775767589384e-03	-2.589677e+00	-1.034323e+01
1.669196469948108e-03	-2.621606e+00	-1.047107e+01
1.672617172306832e-03	-2.652318e+00	-1.059230e+01
1.676037874665557e-03	-2.681811e+00	-1.070693e+01
1.679458577024281e-03	-2.710087e+00	-1.081495e+01
1.682879279383005e-03	-2.737144e+00	-1.091636e+01
1.684920720819745e-03	-2.752675e+00	-1.094277e+01
1.686962162256484e-03	-2.767748e+00	-1.096463e+01
1.689003603693224e-03	-2.782362e+00	-1.098196e+01
1.691045045129964e-03	-2.796517e+00	-1.099475e+01
1.693086486566704e-03	-2.810214e+00	-1.100301e+01
1.695127928003443e-03	-2.823452e+00	-1.100673e+01
1.697169369440183e-03	-2.836231e+00	-1.100592e+01
1.706934994440183e-03	-2.890844e+00	-1.101215e+01
1.720188342654468e-03	-2.947597e+00	-1.101269e+01
1.733441690868754e-03	-2.983719e+00	-1.101305e+01
1.746695039083039e-03	-2.999209e+00	-1.101321e+01
1.759948387297325e-03	-2.994069e+00	-1.101319e+01
1.773201735511610e-03	-2.968298e+00	-1.101297e+01
1.786455083725896e-03	-2.921896e+00	-1.101257e+01
1.799708431940181e-03	-2.854863e+00	-1.101197e+01
1.804591244440181e-03	-2.825243e+00	-1.101003e+01
1.809474056940181e-03	-2.792964e+00	-1.100459e+01
1.818514234375869e-03	-2.726287e+00	-1.094814e+01
1.820224991479234e-03	-2.712673e+00	-1.088281e+01
1.822050975989301e-03	-2.697792e+00	-1.081306e+01
1.823876960499368e-03	-2.682561e+00	-1.074458e+01
1.825702945009435e-03	-2.666980e+00	-1.067736e+01
1.827528929519502e-03	-2.651048e+00	-1.061141e+01
1.829354914029569e-03	-2.634765e+00	-1.054673e+01
1.831180898539637e-03	-2.618131e+00	-1.048331e+01
1.833006883049704e-03	-2.601147e+00	-1.042116e+01
1.846260231263989e-03	-2.464797e+00	-9.878354e+00
1.859513579478274e-03	-2.314264e+00	-9.278639e+00
1.872766927692560e-03	-2.149548e+00	-8.622010e+00
1.886020275906845e-03	-1.970648e+00	-7.908468e+00
1.899273624121131e-03	-1.777565e+00	-7.138013e+00
1.912526972335416e-03	-1.570299e+00	-6.310645e+00
1.925780320549702e-03	-1.348850e+00	-5.426364e+00
1.934150856263987e-03	-1.205078e+00	-4.852102e+00
1.942521391978273e-03	-1.059003e+00	-4.268529e+00
1.950891927692558e-03	-9.106237e-01	-3.675643e+00
1.959262463406844e-03	-7.599407e-01	-3.073446e+00
1.967632999121129e-03	-6.069539e-01	-2.461938e+00
1.976003534835415e-03	-4.516633e-01	-1.841117e+00
1.984374070549700e-03	-2.940688e-01	-1.210985e+00
1.999022508049700e-03	-1.842517e-02	-1.085951e-01
2.013670945549700e-03	2.573745e-01	9.947253e-01
2.021343936621128e-03	4.019350e-01	1.573156e+00
2.029016927692557e-03	5.447439e-01	2.144660e+00
2.036689918763985e-03	6.858011e-01	2.709237e+00
2.044362909835413e-03	8.251067e-01	3.266889e+00
2.052035900906842e-03	9.626606e-01	3.817614e+00
2.059708891978270e-03	1.098463e+00	4.361413e+00
2.067381883049699e-03	1.232514e+00	4.898285e+00
2.080635231263984e-03	1.459098e+00	5.805984e+00
2.093888579478270e-03	1.672156e+00	6.659759e+00
2.107141927692555e-03	1.871688e+00	7.459610e+00
2.120395275906840e-03	2.057693e+00	8.205537e+00
2.133648624121126e-03	2.230172e+00	8.897540e+00
2.146901972335411e-03	2.389125e+00	9.535620e+00
2.160155320549697e-03	2.534551e+00	1.011978e+01
2.163324914443336e-03	2.566039e+00	1.024807e+01
2.166494508336976e-03	2.596481e+00	1.037110e+01
2.169664102230616e-03	2.625875e+00	1.048887e+01
2.172833696124256e-03	2.654223e+00	1.060138e+01
2.176003290017896e-03	2.681524e+00	1.070863e+01
2.179172883911535e-03	2.707779e+00	1.081061e+01
2.182342477805175e-03	2.732987e+00	1.090733e+01
2.184288017020333e-03	2.747911e+00	1.093578e+01
2.186233556235490e-03	2.762420e+00	1.095939e+01
2.188179095450648e-03	2.776513e+00	1.097816e+01
2.190124634665805e-03	2.790190e+00	1.099209e+01
2.192070173880963e-03	2.803452e+00	1.100117e+01
2.194015713096120e-03	2.816298e+00	1.100542e+01
2.195961252311278e-03	2.828728e+00	1.100482e+01
2.205726877311277e-03	2.884674e+00	1.101247e+01
2.218980225525563e-03	2.943304e+00	1.101317e+01
2.232233573739848e-03	2.981300e+00	1.101366e+01
2.245486921954134e-03	2.998663e+00	1.101394e+01
2.258740270168419e-03	2.995392e+00	1.101401e+01
2.271993618382704e-03	2.971488e+00	1.101386e+01
2.285246966596990e-03	2.926950e+00	1.101351e+01
2.298500314811275e-03	2.861778e+00	1.101294e+01
2.303383127311275e-03	2.832820e+00	1.101144e+01
2.308265939811275e-03	2.801196e+00	1.100720e+01
2.318289769898587e-03	2.728050e+00	1.095405e+01
2.319985422291929e-03	2.714598e+00	1.089799e+01
2.321047003855075e-03	2.706019e+00	1.085206e+01
2.322108585418221e-03	2.697320e+00	1.080844e+01
2.323170166981367e-03	2.688501e+00	1.076714e+01
2.324231748544514e-03	2.679564e+00	1.072816e+01
2.325293330107660e-03	2.670506e+00	1.069149e+01
2.326354911670806e-03	2.661329e+00	1.065715e+01
2.327416493233952e-03	2.652033e+00	1.062512e+01
2.341278432539873e-03	2.516626e+00	1.008623e+01
2.355140371845794e-03	2.365363e+00	9.483731e+00
2.369002311151715e-03	2.198243e+00	8.817628e+00
2.382864250457636e-03	2.015267e+00	8.087918e+00
2.396726189763556e-03	1.816434e+00	7.294603e+00
2.410588129069478e-03	1.601745e+00	6.437680e+00
2.424450068375399e-03	1.371199e+00	5.517152e+00
2.432820604089684e-03	1.227997e+00	4.945210e+00
2.441191139803970e-03	1.082425e+00	4.363694e+00
2.449561675518255e-03	9.344830e-01	3.772604e+00
2.457932211232540e-03	7.841705e-01	3.171940e+00
2.466302746946826e-03	6.314879e-01	2.561702e+00
2.474673282661112e-03	4.764351e-01	1.941890e+00
2.483043818375397e-03	3.190122e-01	1.312504e+00
2.497692255875397e-03	4.349843e-02	2.107386e-01
2.512340693375397e-03	-2.323836e-01	-8.928053e-01
2.520013684446825e-03	-3.770733e-01	-1.471697e+00
2.527686675518254e-03	-5.200678e-01	-2.043890e+00
2.535359666589682e-03	-6.613669e-01	-2.609383e+00
2.543032657661110e-03	-8.009707e-01	-3.168178e+00
2.550705648732539e-03	-9.388791e-01	-3.720273e+00
2.558378639803967e-03	-1.075092e+00	-4.265670e+00
2.566051630875396e-03	-1.209610e+00	-4.804367e+00
2.579304979089681e-03	-1.437145e+00	-5.715801e+00
2.592558327303966e-03	-1.651285e+00	-6.573847e+00
2.605811675518252e-03	-1.852029e+00	-7.378505e+00
2.619065023732537e-03	-2.039377e+00	-8.129774e+00
2.632318371946823e-03	-2.213329e+00	-8.827655e+00
2.645571720161108e-03	-2.373886e+00	-9.472147e+00
2.658825068375394e-03	-2.521048e+00	-1.006325e+01
2.662246720244267e-03	-2.555460e+00	-1.020429e+01
2.665668372113140e-03	-2.588654e+00	-1.033884e+01
2.669090023982013e-03	-2.620630e+00	-1.046691e+01
2.672511675850887e-03	-2.651388e+00	-1.058848e+01
2.675933327719760e-03	-2.680927e+00	-1.070358e+01
2.679354979588633e-03	-2.709249e+00	-1.081218e+01
2.682776631457507e-03	-2.736351e+00	-1.091430e+01
2.684769040550223e-03	-2.751537e+00	-1.094095e+01
2.686761449642939e-03	-2.766286e+00	-1.096306e+01
2.688753858735655e-03	-2.780598e+00	-1.098061e+01
2.690746267828371e-03	-2.794474e+00	-1.099360e+01
2.692738676921088e-03	-2.807913e+00	-1.100205e+01
2.694731086013804e-03	-2.820915e+00	-1.100595e+01
2.696723495106520e-03	-2.833481e+00	-1.100529e+01
2.706489120106520e-03	-2.888586e+00	-1.101207e+01
2.719742468320806e-03	-2.946032e+00	-1.101264e+01
2.732995816535091e-03	-2.982846e+00	-1.101301e+01
2.746249164749377e-03	-2.999028e+00	-1.101320e+01
2.759502512963662e-03	-2.994578e+00	-1.101320e+01
2.772755861177947e-03	-2.969496e+00	-1.101301e+01
2.786009209392233e-03	-2.923781e+00	-1.101263e+01
2.799262557606518e-03	-2.857434e+00	-1.101207e+01
2.804145370106518e-03	-2.828058e+00	-1.101030e+01
2.809028182606518e-03	-2.796021e+00	-1.100534e+01
2.818415288659029e-03	-2.727065e+00	-1.095022e+01
2.820104002144663e-03	-2.713646e+00	-1.088934e+01
2.821189244494769e-03	-2.704860e+00	-1.084402e+01
2.822274486844876e-03	-2.695950e+00	-1.080068e+01
2.823359729194983e-03	-2.686914e+00	-1.075931e+01
2.824444971545089e-03	-2.677754e+00	-1.071992e+01
2.825530213895196e-03	-2.668469e+00	-1.068250e+01
2.826615456245302e-03	-2.659059e+00	-1.064707e+01
2.827700698595409e-03	-2.649524e+00	-1.061361e+01
2.841561903001630e-03	-2.513717e+00	-1.007315e+01
2.855423107407851e-03	-2.362083e+00	-9.469193e+00
2.869284311814072e-03	-2.194623e+00	-8.801738e+00
2.883145516220294e-03	-2.011337e+00	-8.070785e+00
2.897006720626515e-03	-1.812224e+00	-7.276332e+00
2.910867925032736e-03	-1.597285e+00	-6.418382e+00
2.924729129438957e-03	-1.366519e+00	-5.496932e+00
2.933099665153243e-03	-1.223197e+00	-4.924478e+00
2.941470200867528e-03	-1.077518e+00	-4.342503e+00
2.949840736581814e-03	-9.294831e-01	-3.751006e+00
2.958211272296099e-03	-7.790920e-01	-3.149989e+00
2.966581808010385e-03	-6.263447e-01	-2.539451e+00
2.974952343724670e-03	-4.712411e-01	-1.919391e+00
2.983322879438956e-03	-3.137814e-01	-1.289810e+00
2.997971316938955e-03	-3.823874e-02	-1.878463e-01
3.012619754438955e-03	2.376276e-01	9.157188e-01
3.020292745510383e-03	3.822911e-01	1.494550e+00
3.027965736581812e-03	5.252474e-01	2.066632e+00
3.035638727653240e-03	6.664966e-01	2.631967e+00
3.043311718724669e-03	8.060386e-01	3.190553e+00
3.050984709796097e-03	9.438735e-01	3.742391e+00
3.058657700867526e-03	1.080001e+00	4.287481e+00
3.066330691938954e-03	1.214422e+00	4.825822e+00
3.079584040153239e-03	1.441759e+00	5.736514e+00
3.092837388367525e-03	1.655673e+00	6.593695e+00
3.106090736581810e-03	1.856163e+00	7.397367e+00
3.119344084796096e-03	2.043231e+00	8.147529e+00
3.132597433010381e-03	2.216875e+00	8.844181e+00
3.145850781224667e-03	2.377097e+00	9.487323e+00
3.159104129438952e-03	2.523895e+00	1.007696e+01
3.162274516352160e-03	2.555726e+00	1.020552e+01
3.165444903265368e-03	2.586514e+00	1.032951e+01
3.168615290178576e-03	2.616258e+00	1.044895e+01
3.171785677091784e-03	2.644959e+00	1.056381e+01
3.174956064004992e-03	2.672616e+00	1.067412e+01
3.178126450918200e-03	2.699229e+00	1.077986e+01
3.181296837831408e-03	2.724799e+00	1.088103e+01
3.184800787452201e-03	2.751770e+00	1.094806e+01
3.192809751898254e-03	2.808391e+00	1.099792e+01
3.196860030425430e-03	2.834326e+00	1.100622e+01
3.206625655425430e-03	2.889280e+00	1.101283e+01
3.219879003639715e-03	2.946514e+00	1.101340e+01
3.233132351854001e-03	2.983116e+00	1.101377e+01
3.246385700068286e-03	2.999086e+00	1.101396e+01
3.259639048282571e-03	2.994425e+00	1.101395e+01
3.272892396496857e-03	2.969131e+00	1.101375e+01
3.286145744711142e-03	2.923206e+00	1.101336e+01
3.299399092925428e-03	2.856649e+00	1.101277e+01
3.304281905425428e-03	2.827199e+00	1.101095e+01
3.309164717925428e-03	2.795087e+00	1.100584e+01
3.318475438219246e-03	2.726592e+00	1.095038e+01
3.320148970258400e-03	2.713284e+00	1.088925e+01
3.321215138888994e-03	2.704649e+00	1.084460e+01
3.322281307519587e-03	2.695893e+00	1.080192e+01
3.323347476150181e-03	2.687017e+00	1.076122e+01
3.324413644780774e-03	2.678020e+00	1.072251e+01
3.325479813411368e-03	2.668903e+00	1.068578e+01
3.326545982041961e-03	2.659665e+00	1.065102e+01
3.327612150672555e-03	2.650307e+00	1.061825e+01
3.341461995486845e-03	2.514752e+00	1.007877e+01
3.355311840301135e-03	2.363384e+00	9.475846e+00
3.369161685115426e-03	2.196202e+00	8.809490e+00
3.383011529929716e-03	2.013207e+00	8.079700e+00
3.396861374744006e-03	1.814397e+00	7.286474e+00
3.410711219558296e-03	1.599775e+00	6.429814e+00
3.424561064372587e-03	1.369338e+00	5.509719e+00
3.432931600086872e-03	1.226088e+00	4.937584e+00
3.441302135801158e-03	1.080474e+00	4.355897e+00
3.449672671515443e-03	9.324946e-01	3.764659e+00
3.458043207229729e-03	7.821509e-01	3.163868e+00
3.466413742944014e-03	6.294424e-01	2.553526e+00
3.474784278658300e-03	4.743694e-01	1.933632e+00
3.483154814372585e-03	3.169318e-01	1.304186e+00
3.497803251872585e-03	4.140641e-02	2.023716e-01
3.512451689372585e-03	-2.344694e-01	-9.011502e-01
3.520124680444013e-03	-3.791488e-01	-1.480002e+00
3.527797671515442e-03	-5.221282e-01	-2.052135e+00
3.535470662586870e-03	-6.634075e-01	-2.617551e+00
3.543143653658298e-03	-8.029868e-01	-3.176248e+00
3.550816644729727e-03	-9.408660e-01	-3.728228e+00
3.558489635801155e-03	-1.077045e+00	-4.273490e+00
3.566162626872584e-03	-1.211524e+00	-4.812034e+00
3.579415975086869e-03	-1.438981e+00	-5.723156e+00
3.592669323301155e-03	-1.653030e+00	-6.580845e+00
3.605922671515440e-03	-1.853674e+00	-7.385102e+00
3.619176019729725e-03	-2.040910e+00	-8.135926e+00
3.632429367944011e-03	-2.214741e+00	-8.833318e+00
3.645682716158296e-03	-2.375164e+00	-9.477278e+00
3.658936064372582e-03	-2.522182e+00	-1.006781e+01
3.662356755179229e-03	-2.556546e+00	-1.020886e+01
3.665777445985877e-03	-2.589693e+00	-1.034330e+01
3.669198136792525e-03	-2.621621e+00	-1.047114e+01
3.672618827599172e-03	-2.652332e+00	-1.059236e+01
3.676039518405820e-03	-2.681825e+00	-1.070698e+01
3.679460209212468e-03	-2.710100e+00	-1.081499e+01
3.682880900019115e-03	-2.737157e+00	-1.091640e+01
3.684923252922772e-03	-2.752694e+00	-1.094279e+01
3.686965605826429e-03	-2.767773e+00	-1.096466e+01
3.689007958730086e-03	-2.782393e+00	-1.098198e+01
3.691050311633743e-03	-2.796553e+00	-1.099478e+01
3.693092664537400e-03	-2.810255e+00	-1.100303e+01
3.695135017441057e-03	-2.823497e+00	-1.100675e+01
3.697177370344714e-03	-2.836280e+00	-1.100593e+01
3.706942995344714e-03	-2.890884e+00	-1.101215e+01
3.720196343559000e-03	-2.947625e+00	-1.101269e+01
3.733449691773285e-03	-2.983734e+00	-1.101305e+01
3.746703039987571e-03	-2.999213e+00	-1.101321e+01
3.759956388201856e-03	-2.994060e+00	-1.101319e+01
3.773209736416141e-03	-2.968277e+00	-1.101297e+01
3.786463084630427e-03	-2.921862e+00	-1.101257e+01
3.799716432844712e-03	-2.854817e+00	-1.101197e+01
3.804599245344712e-03	-2.825192e+00	-1.101003e+01
3.809482057844712e-03	-2.792909e+00	-1.100457e+01
3.818516052280621e-03	-2.726273e+00	-1.094810e+01
3.820227729162339e-03	-2.712651e+00	-1.088266e+01
3.822057548026885e-03	-2.697738e+00	-1.081281e+01
3.823887366891430e-03	-2.682474e+00	-1.074422e+01
3.825717185755975e-03	-2.666857e+00	-1.067688e+01
3.827547004620520e-03	-2.650888e+00	-1.061079e+01
3.829376823485066e-03	-2.634568e+00	-1.054596e+01
3.831206642349611e-03	-2.617895e+00	-1.048238e+01
3.833036461214156e-03	-2.600870e+00	-1.042005e+01
3.846289809428442e-03	-2.464480e+00	-9.877089e+00
3.859543157642727e-03	-2.313909e+00	-9.277225e+00
3.872796505857012e-03	-2.149159e+00	-8.620459e+00
3.886049854071298e-03	-1.970227e+00	-7.906791e+00
3.899303202285583e-03	-1.777116e+00	-7.136221e+00
3.912556550499869e-03	-1.569824e+00	-6.308749e+00
3.925809898714154e-03	-1.348352e+00	-5.424376e+00
3.934180434428439e-03	-1.204568e+00	-4.850063e+00
3.942550970142725e-03	-1.058481e+00	-4.266444e+00
3.950921505857010e-03	-9.100925e-01	-3.673520e+00
3.959292041571296e-03	-7.594014e-01	-3.071290e+00
3.967662577285582e-03	-6.064080e-01	-2.459755e+00
3.976033112999868e-03	-4.511122e-01	-1.838914e+00
3.984403648714153e-03	-2.935140e-01	-1.208767e+00
3.999052086214152e-03	-1.786765e-02	-1.063651e-01
4.013700523714152e-03	2.579300e-01	9.969478e-01
4.021373514785580e-03	4.024875e-01	1.575367e+00
4.029046505857009e-03	5.452921e-01	2.146854e+00
4.036719496928437e-03	6.863439e-01	2.711410e+00
4.044392487999866e-03	8.256427e-01	3.269035e+00
4.052065479071294e-03	9.631887e-01	3.819728e+00
4.059738470142723e-03	1.098982e+00	4.363490e+00
4.067411461214151e-03	1.233022e+00	4.900321e+00
4.080664809428436e-03	1.459585e+00	5.807935e+00
4.093918157642722e-03	1.672619e+00	6.661613e+00
4.107171505857007e-03	1.872123e+00	7.461356e+00
4.120424854071293e-03	2.058099e+00	8.207164e+00
4.133678202285578e-03	2.230545e+00	8.899036e+00
4.146931550499864e-03	2.389462e+00	9.536973e+00
4.160184898714149e-03	2.534850e+00	1.012097e+01
4.163354513777298e-03	2.566328e+00	1.024928e+01
4.166524128840447e-03	2.596760e+00	1.037229e+01
4.169693743903596e-03	2.626145e+00	1.049001e+01
4.172863358966745e-03	2.654484e+00	1.060244e+01
4.176032974029894e-03	2.681775e+00	1.070958e+01
4.179202589093043e-03	2.708020e+00	1.081143e+01
4.182372204156192e-03	2.733218e+00	1.090799e+01
4.184333674848387e-03	2.748256e+00	1.093638e+01
4.186295145540584e-03	2.762872e+00	1.095994e+01
4.188256616232779e-03	2.777066e+00	1.097865e+01
4.190218086924975e-03	2.790837e+00	1.099251e+01
4.192179557617170e-03	2.804185e+00	1.100154e+01
4.194141028309366e-03	2.817111e+00	1.100572e+01
4.196102499001562e-03	2.829614e+00	1.100506e+01
4.205868124001561e-03	2.885404e+00	1.101250e+01
4.219121472215846e-03	2.943815e+00	1.101319e+01
4.232374820430132e-03	2.981592e+00	1.101367e+01
4.245628168644417e-03	2.998736e+00	1.101394e+01
4.258881516858703e-03	2.995247e+00	1.101400e+01
4.272134865072988e-03	2.971124e+00	1.101385e+01
4.285388213287274e-03	2.926368e+00	1.101349e+01
4.298641561501559e-03	2.860978e+00	1.101292e+01
4.303524374001559e-03	2.831943e+00	1.101137e+01
4.308407186501559e-03	2.800242e+00	1.100700e+01
4.318314139540000e-03	2.727859e+00	1.095359e+01
4.320004367853470e-03	2.714446e+00	1.089699e+01
4.322064960921671e-03	2.697680e+00	1.080723e+01
4.336007080875586e-03	2.569221e+00	1.029592e+01
4.349949200829501e-03	2.424210e+00	9.718290e+00
4.363891320783416e-03	2.262647e+00	9.074340e+00
4.377833440737332e-03	2.084532e+00	8.364069e+00
4.391775560691247e-03	1.889866e+00	7.587477e+00
4.405717680645163e-03	1.678647e+00	6.744564e+00
4.419659800599078e-03	1.450877e+00	5.835331e+00
4.428030336313363e-03	1.309808e+00	5.271972e+00
4.436400872027649e-03	1.166132e+00	4.698089e+00
4.444771407741934e-03	1.019848e+00	4.113685e+00
4.453141943456220e-03	8.709564e-01	3.518757e+00
4.461512479170505e-03	7.194574e-01	2.913308e+00
4.469883014884791e-03	5.653508e-01	2.297336e+00
4.478253550599076e-03	4.086366e-01	1.670841e+00
4.481741273813362e-03	3.433357e-01	1.409758e+00
4.485228997027648e-03	2.779486e-01	1.148312e+00
4.488716720241933e-03	2.124752e-01	8.865043e-01
4.492204443456219e-03	1.469155e-01	6.243341e-01
4.495692166670505e-03	8.126959e-02	3.618016e-01
4.499179889884791e-03	1.553744e-02	9.890691e-02
4.502667613099076e-03	-5.028097e-02	-1.643500e-01
4.508247970241933e-03	-1.557215e-01	-5.861220e-01
4.513828327384790e-03	-2.606500e-01	-1.005890e+00
4.519408684527647e-03	-3.650665e-01	-1.423654e+00
4.524989041670504e-03	-4.689709e-01	-1.839415e+00
4.530569398813361e-03	-5.723634e-01	-2.253172e+00
4.536149755956218e-03	-6.752438e-01	-2.664925e+00
4.541730113099075e-03	-7.776123e-01	-3.074674e+00
4.552890827384790e-03	-9.810085e-01	-3.888953e+00
4.564051541670503e-03	-1.177274e+00	-4.674869e+00
4.575212255956218e-03	-1.366410e+00	-5.432421e+00
4.586372970241931e-03	-1.548415e+00	-6.161611e+00
4.597533684527646e-03	-1.723290e+00	-6.862436e+00
4.608694398813359e-03	-1.891035e+00	-7.534899e+00
4.619855113099073e-03	-2.051650e+00	-8.178998e+00
4.628606650768607e-03	-2.169596e+00	-8.652651e+00
4.637358188438141e-03	-2.280214e+00	-9.096751e+00
4.646109726107675e-03	-2.383503e+00	-9.511298e+00
4.654861263777209e-03	-2.479463e+00	-9.896292e+00
4.663612801446742e-03	-2.568094e+00	-1.025173e+01
4.672364339116277e-03	-2.649397e+00	-1.057762e+01
4.681115876785810e-03	-2.723370e+00	-1.087395e+01
4.684659944422270e-03	-2.750712e+00	-1.094509e+01
4.692871711468850e-03	-2.808801e+00	-1.099734e+01
4.697092490521617e-03	-2.835759e+00	-1.100581e+01
4.706858115521617e-03	-2.890456e+00	-1.101214e+01
4.720111463735902e-03	-2.947329e+00	-1.101268e+01
4.733364811950188e-03	-2.983570e+00	-1.101304e+01
4.746618160164473e-03	-2.999180e+00	-1.101321e+01
4.759871508378759e-03	-2.994159e+00	-1.101319e+01
4.773124856593044e-03	-2.968506e+00	-1.101298e+01
4.786378204807330e-03	-2.922223e+00	-1.101258e+01
4.799631553021615e-03	-2.855308e+00	-1.101199e+01
4.804514365521615e-03	-2.825730e+00	-1.101008e+01
4.809397178021615e-03	-2.793492e+00	-1.100472e+01
4.818496832984868e-03	-2.726424e+00	-1.094851e+01
4.820199063330888e-03	-2.712881e+00	-1.088421e+01
4.821980803188735e-03	-2.698371e+00	-1.081570e+01
4.823762543046582e-03	-2.683527e+00	-1.074858e+01
4.825544282904429e-03	-2.668348e+00	-1.068283e+01
4.827326022762277e-03	-2.652836e+00	-1.061847e+01
4.829107762620124e-03	-2.636989e+00	-1.055549e+01
4.830889502477971e-03	-2.620808e+00	-1.049389e+01
4.832671242335818e-03	-2.604294e+00	-1.043368e+01
4.845924590550103e-03	-2.468396e+00	-9.892685e+00
4.859177938764389e-03	-2.318283e+00	-9.294655e+00
4.872431286978674e-03	-2.153955e+00	-8.639587e+00
4.885684635192960e-03	-1.975413e+00	-7.927479e+00
4.898937983407245e-03	-1.782656e+00	-7.158332e+00
4.912191331621531e-03	-1.575684e+00	-6.332147e+00
4.925444679835816e-03	-1.354498e+00	-5.448922e+00
4.933815215550101e-03	-1.210869e+00	-4.875235e+00
4.942185751264387e-03	-1.064920e+00	-4.292169e+00
4.950556286978673e-03	-9.166498e-01	-3.699724e+00
4.958926822692959e-03	-7.660593e-01	-3.097901e+00
4.967297358407244e-03	-6.131483e-01	-2.486699e+00
4.975667894121530e-03	-4.579166e-01	-1.866119e+00
4.984038429835815e-03	-3.003644e-01	-1.236160e+00
5.000000000000000e-03	-3.673940e-15	-3.489256e-02
