time	V(vin)	V(vout)
0.000000000000000e+00	0.000000e+00	9.349982e-04
1.319622108607349e-08	2.487429e-04	9.311532e-04
2.639244217214697e-08	4.974858e-04	9.379484e-04
3.958866325822046e-08	7.462287e-04	9.553837e-04
5.278488434429395e-08	9.949716e-04	9.834593e-04
6.598110543036743e-08	1.243714e-03	1.022175e-03
7.917732651644092e-08	1.492457e-03	1.071531e-03
9.237354760251438e-08	1.741200e-03	1.131527e-03
1.385710489643791e-07	2.612002e-03	1.511645e-03
1.967362662559602e-07	3.708390e-03	2.347631e-03
2.751730876274520e-07	5.186888e-03	4.124462e-03
3.899594181642896e-07	7.350555e-03	7.957134e-03
5.677575965998239e-07	1.070196e-02	1.617898e-02
8.316417362593090e-07	1.567601e-02	3.173352e-02
1.157013183941048e-06	2.180899e-02	5.387311e-02
1.513123844314754e-06	2.852128e-02	7.973124e-02
3.538552950874264e-06	6.669465e-02	2.318905e-01
9.109618245093209e-06	1.719348e-01	6.528973e-01
1.468068353931215e-05	2.766462e-01	1.071833e+00
2.025174883353110e-05	3.808290e-01	1.488698e+00
2.582281412775004e-05	4.844832e-01	1.903492e+00
3.139387942196899e-05	5.876087e-01	2.316215e+00
3.696494471618794e-05	6.902056e-01	2.726867e+00
4.253601001040687e-05	7.922738e-01	3.135448e+00
4.811636715326401e-05	8.935196e-01	3.540961e+00
5.369672429612116e-05	9.933653e-01	3.940801e+00
5.927708143897830e-05	1.091811e+00	4.334968e+00
6.485743858183545e-05	1.188856e+00	4.723463e+00
7.043779572469259e-05	1.284502e+00	5.106285e+00
7.601815286754974e-05	1.378747e+00	5.483435e+00
8.159851001040687e-05	1.471592e+00	5.854913e+00
8.372853585844285e-05	1.506447e+00	5.944458e+00
8.708217150324322e-05	1.560775e+00	5.989484e+00
8.878978879484477e-05	1.588173e+00	5.999506e+00
9.190013860559110e-05	1.637606e+00	6.008519e+00
9.818191084866983e-05	1.735516e+00	6.013139e+00
1.142160113747754e-04	1.977409e+00	6.013392e+00
1.302501119008811e-04	2.194490e+00	6.013591e+00
1.462842124269867e-04	2.386759e+00	6.013737e+00
1.623183129530923e-04	2.554215e+00	6.013830e+00
1.783524134791979e-04	2.696859e+00	6.013868e+00
1.943865140053035e-04	2.814691e+00	6.013853e+00
2.104206145314091e-04	2.907711e+00	6.013784e+00
2.327420431028377e-04	2.978759e+00	6.013794e+00
2.550634716742662e-04	2.993824e+00	6.013797e+00
2.773849002456949e-04	2.952904e+00	6.013793e+00
2.997063288171234e-04	2.856000e+00	6.013782e+00
3.220277573885521e-04	2.703112e+00	6.013764e+00
3.443491859599807e-04	2.494240e+00	6.013740e+00
3.666706145314092e-04	2.229385e+00	6.013708e+00
3.722509716742664e-04	2.157402e+00	6.013708e+00
3.778313288171235e-04	2.083006e+00	6.013702e+00
3.834116859599807e-04	2.006194e+00	6.013690e+00
3.889920431028378e-04	1.926968e+00	6.013673e+00
3.945724002456949e-04	1.845328e+00	6.013650e+00
4.001527573885521e-04	1.761273e+00	6.013621e+00
4.057331145314092e-04	1.674803e+00	6.013587e+00
4.106159270314092e-04	1.597666e+00	6.012625e+00
4.134475927901150e-04	1.552238e+00	6.009556e+00
4.164479431072784e-04	1.503569e+00	5.997673e+00
4.180466274006447e-04	1.477417e+00	5.981339e+00
4.191856987318505e-04	1.458693e+00	5.954760e+00
4.198383286036467e-04	1.447931e+00	5.913620e+00
4.209735302223572e-04	1.429153e+00	5.757334e+00
4.296296683205842e-04	1.282535e+00	5.167531e+00
4.382858064188111e-04	1.133243e+00	4.567940e+00
4.469419445170379e-04	9.812778e-01	3.958560e+00
4.555980826152649e-04	8.266397e-01	3.339392e+00
4.642542207134918e-04	6.693286e-01	2.710436e+00
4.729103588117187e-04	5.093443e-01	2.071691e+00
4.815664969099456e-04	3.466870e-01	1.423158e+00
4.962149344099456e-04	7.134008e-02	3.220900e-01
5.059805594099456e-04	-1.127044e-01	-4.140438e-01
5.122584611956599e-04	-2.312922e-01	-8.884391e-01
5.185363629813742e-04	-3.490658e-01	-1.359634e+00
5.248142647670885e-04	-4.660253e-01	-1.827628e+00
5.310921665528027e-04	-5.821707e-01	-2.292421e+00
5.373700683385170e-04	-6.975019e-01	-2.754013e+00
5.436479701242313e-04	-8.120190e-01	-3.212405e+00
5.499258719099457e-04	-9.257220e-01	-3.667596e+00
5.544880574043073e-04	-1.007292e+00	-3.994603e+00
5.590502428986690e-04	-1.087871e+00	-4.317416e+00
5.636124283930307e-04	-1.167459e+00	-4.636035e+00
5.681746138873925e-04	-1.246057e+00	-4.950459e+00
5.727367993817542e-04	-1.323664e+00	-5.260690e+00
5.772989848761158e-04	-1.400279e+00	-5.566727e+00
5.818611703704775e-04	-1.475904e+00	-5.868570e+00
5.833755596985907e-04	-1.500689e+00	-5.933256e+00
5.874314994831360e-04	-1.566395e+00	-5.991501e+00
5.897165896662985e-04	-1.602967e+00	-6.002656e+00
5.955471712643520e-04	-1.694771e+00	-6.011743e+00
6.113494666981167e-04	-1.936311e+00	-6.012402e+00
6.271517621318815e-04	-2.154107e+00	-6.012912e+00
6.429540575656462e-04	-2.348159e+00	-6.013273e+00
6.587563529994110e-04	-2.518466e+00	-6.013483e+00
6.745586484331758e-04	-2.665029e+00	-6.013544e+00
6.903609438669404e-04	-2.787847e+00	-6.013455e+00
7.061632393007052e-04	-2.886921e+00	-6.013216e+00
7.284846678721338e-04	-2.969546e+00	-6.013216e+00
7.508060964435625e-04	-2.995836e+00	-6.013216e+00
7.731275250149910e-04	-2.965792e+00	-6.013216e+00
7.954489535864196e-04	-2.879415e+00	-6.013216e+00
8.177703821578482e-04	-2.736704e+00	-6.013216e+00
8.400918107292768e-04	-2.537659e+00	-6.013216e+00
8.624132393007054e-04	-2.282280e+00	-6.013216e+00
8.686911410864197e-04	-2.203382e+00	-6.013229e+00
8.749690428721340e-04	-2.121390e+00	-6.013234e+00
8.812469446578483e-04	-2.036303e+00	-6.013230e+00
8.875248464435626e-04	-1.948122e+00	-6.013219e+00
8.938027482292768e-04	-1.856846e+00	-6.013199e+00
9.000806500149911e-04	-1.762475e+00	-6.013172e+00
9.063585518007054e-04	-1.665009e+00	-6.013136e+00
9.112413643007054e-04	-1.587675e+00	-6.011773e+00
9.141296743646010e-04	-1.541222e+00	-6.007477e+00
9.184456996913059e-04	-1.470866e+00	-5.973914e+00
9.194189794845516e-04	-1.454849e+00	-5.943341e+00
9.200613434937110e-04	-1.444248e+00	-5.881850e+00
9.208329309136258e-04	-1.431483e+00	-5.765357e+00
9.295260353830750e-04	-1.284286e+00	-5.173085e+00
9.382191398525243e-04	-1.134393e+00	-4.570960e+00
9.469122443219735e-04	-9.818030e-01	-3.958982e+00
9.556053487914228e-04	-8.265161e-01	-3.337151e+00
9.642984532608720e-04	-6.685324e-01	-2.705467e+00
9.729915577303213e-04	-5.078518e-01	-2.063930e+00
9.816846621997705e-04	-3.444745e-01	-1.412541e+00
9.963330996997702e-04	-6.911333e-02	-3.113367e-01
1.006098724699770e-03	1.149301e-01	4.248469e-01
1.012376626485484e-03	2.335128e-01	8.992567e-01
1.018654528271198e-03	3.512779e-01	1.370451e+00
1.024932430056912e-03	4.682255e-01	1.838431e+00
1.031210331842627e-03	5.843555e-01	2.303195e+00
1.037488233628341e-03	6.996680e-01	2.764744e+00
1.043766135414055e-03	8.141630e-01	3.223077e+00
1.050044037199769e-03	9.278404e-01	3.678196e+00
1.054605944332723e-03	1.009385e+00	4.005287e+00
1.059167851465677e-03	1.089937e+00	4.328074e+00
1.063729758598632e-03	1.169496e+00	4.646557e+00
1.068291665731586e-03	1.248064e+00	4.960735e+00
1.072853572864540e-03	1.325638e+00	5.270610e+00
1.077415479997494e-03	1.402221e+00	5.576180e+00
1.081977387130448e-03	1.477811e+00	5.877446e+00
1.083497940469447e-03	1.502686e+00	5.937613e+00
1.087519446099502e-03	1.567808e+00	5.992607e+00
1.090189079848447e-03	1.610489e+00	6.004597e+00
1.095880797057880e-03	1.699956e+00	6.012550e+00
1.111724783502668e-03	1.941737e+00	6.013064e+00
1.127568769947457e-03	2.159598e+00	6.013466e+00
1.143412756392246e-03	2.353540e+00	6.013755e+00
1.159256742837035e-03	2.523561e+00	6.013931e+00
1.175100729281824e-03	2.669662e+00	6.013994e+00
1.190944715726613e-03	2.791844e+00	6.013944e+00
1.206788702171401e-03	2.890105e+00	6.013782e+00
1.229110130742830e-03	2.971033e+00	6.013793e+00
1.251431559314258e-03	2.995675e+00	6.013797e+00
1.273752987885686e-03	2.964032e+00	6.013794e+00
1.296074416457114e-03	2.876104e+00	6.013784e+00
1.318395845028542e-03	2.731891e+00	6.013768e+00
1.340717273599970e-03	2.531393e+00	6.013744e+00
1.363038702171398e-03	2.274610e+00	6.013713e+00
1.369316603957112e-03	2.195364e+00	6.013722e+00
1.375594505742826e-03	2.113038e+00	6.013719e+00
1.381872407528541e-03	2.027630e+00	6.013704e+00
1.388150309314255e-03	1.939141e+00	6.013676e+00
1.394428211099969e-03	1.847571e+00	6.013637e+00
1.400706112885683e-03	1.752921e+00	6.013586e+00
1.406984014671397e-03	1.655189e+00	6.013523e+00
1.411866827171397e-03	1.577659e+00	6.011603e+00
1.414842933540366e-03	1.529672e+00	6.005635e+00
1.417660147958018e-03	1.483753e+00	5.986760e+00
1.418819343528660e-03	1.464723e+00	5.966513e+00
1.419552586358765e-03	1.452646e+00	5.937400e+00
1.420178860361083e-03	1.442306e+00	5.866358e+00
1.420797892999424e-03	1.432063e+00	5.772707e+00
1.423879852217570e-03	1.380713e+00	5.559862e+00
1.426961811435716e-03	1.328890e+00	5.347115e+00
1.430043770653863e-03	1.276595e+00	5.134465e+00
1.433125729872009e-03	1.223827e+00	4.921913e+00
1.436207689090155e-03	1.170587e+00	4.709459e+00
1.439289648308302e-03	1.116874e+00	4.497102e+00
1.442371607526448e-03	1.062688e+00	4.284843e+00
1.449347053955019e-03	9.381345e-01	3.787195e+00
1.456322500383591e-03	8.123896e-01	3.284715e+00
1.463297946812162e-03	6.854535e-01	2.777403e+00
1.470273393240733e-03	5.573261e-01	2.265260e+00
1.477248839669305e-03	4.280075e-01	1.748285e+00
1.484224286097876e-03	2.974977e-01	1.226479e+00
1.491199732526447e-03	1.657966e-01	6.998407e-01
1.510730982526447e-03	-2.021210e-01	-7.717383e-01
1.518403973597875e-03	-3.469537e-01	-1.351184e+00
1.526076964669304e-03	-4.901594e-01	-1.924204e+00
1.533749955740732e-03	-6.317380e-01	-2.490798e+00
1.541422946812160e-03	-7.716896e-01	-3.050966e+00
1.549095937883589e-03	-9.100141e-01	-3.604709e+00
1.556768928955017e-03	-1.046712e+00	-4.152026e+00
1.564441920026446e-03	-1.181782e+00	-4.692918e+00
1.581730656733326e-03	-1.473762e+00	-5.860650e+00
1.583240476993214e-03	-1.498484e+00	-5.929344e+00
1.587370450604753e-03	-1.565413e+00	-5.991082e+00
1.589474978443837e-03	-1.599116e+00	-6.001811e+00
1.595119387926536e-03	-1.688111e+00	-6.011493e+00
1.610913335856323e-03	-1.930023e+00	-6.012265e+00
1.626707283786109e-03	-2.148265e+00	-6.012861e+00
1.642501231715896e-03	-2.342836e+00	-6.013282e+00
1.658295179645682e-03	-2.513737e+00	-6.013528e+00
1.674089127575469e-03	-2.660967e+00	-6.013600e+00
1.689883075505255e-03	-2.784526e+00	-6.013496e+00
1.705677023435042e-03	-2.884415e+00	-6.013216e+00
1.727998452006470e-03	-2.968358e+00	-6.013216e+00
1.750319880577898e-03	-2.995930e+00	-6.013216e+00
1.772641309149326e-03	-2.967130e+00	-6.013216e+00
1.794962737720754e-03	-2.881959e+00	-6.013216e+00
1.817284166292182e-03	-2.740416e+00	-6.013216e+00
1.839605594863610e-03	-2.542502e+00	-6.013216e+00
1.861927023435038e-03	-2.288217e+00	-6.013216e+00
1.868204925220752e-03	-2.209592e+00	-6.013226e+00
1.874482827006467e-03	-2.127861e+00	-6.013229e+00
1.880760728792181e-03	-2.043024e+00	-6.013227e+00
1.887038630577895e-03	-1.955082e+00	-6.013218e+00
1.893316532363609e-03	-1.864035e+00	-6.013204e+00
1.899594434149323e-03	-1.769883e+00	-6.013183e+00
1.905872335935037e-03	-1.672625e+00	-6.013156e+00
1.910755148435037e-03	-1.595444e+00	-6.012120e+00
1.913597547101853e-03	-1.549819e+00	-6.008800e+00
1.918404125101505e-03	-1.471549e+00	-5.974756e+00
1.919388165799453e-03	-1.455357e+00	-5.944906e+00
1.920053081933223e-03	-1.444384e+00	-5.883264e+00
1.920859599097794e-03	-1.431041e+00	-5.762193e+00
1.929636538083125e-03	-1.282370e+00	-5.164726e+00
1.938413477068455e-03	-1.130967e+00	-4.557101e+00
1.947190416053786e-03	-9.768330e-01	-3.939317e+00
1.955967355039116e-03	-8.199677e-01	-3.311375e+00
1.964744294024447e-03	-6.603711e-01	-2.673273e+00
1.973521233009777e-03	-4.980432e-01	-2.025014e+00
1.982298171995108e-03	-3.329841e-01	-1.366595e+00
1.996946609495108e-03	-5.755153e-02	-2.650928e-01
2.011595046995108e-03	2.183682e-01	8.386645e-01
2.019268038066536e-03	3.631260e-01	1.417861e+00
2.026941029137965e-03	5.062201e-01	1.990484e+00
2.034614020209393e-03	6.476505e-01	2.556532e+00
2.042287011280821e-03	7.874171e-01	3.116006e+00
2.049960002352249e-03	9.255201e-01	3.668906e+00
2.057632993423678e-03	1.061959e+00	4.215231e+00
2.065305984495106e-03	1.196735e+00	4.754982e+00
2.079954421995106e-03	1.444508e+00	5.747500e+00
2.082586376863230e-03	1.487790e+00	5.909019e+00
2.086903657425393e-03	1.557900e+00	5.988139e+00
2.088414696787101e-03	1.582171e+00	5.997753e+00
2.091436775510517e-03	1.630281e+00	6.007654e+00
2.096708823326375e-03	1.712793e+00	6.012736e+00
2.112728849792437e-03	1.956250e+00	6.013169e+00
2.128748876258499e-03	2.175102e+00	6.013507e+00
2.144768902724561e-03	2.369348e+00	6.013751e+00
2.160788929190623e-03	2.538989e+00	6.013901e+00
2.176808955656685e-03	2.684024e+00	6.013956e+00
2.192828982122748e-03	2.804454e+00	6.013917e+00
2.208849008588810e-03	2.900278e+00	6.013783e+00
2.231170437160238e-03	2.975606e+00	6.013793e+00
2.253491865731666e-03	2.994816e+00	6.013797e+00
2.275813294303094e-03	2.957908e+00	6.013793e+00
2.298134722874522e-03	2.864883e+00	6.013783e+00
2.320456151445951e-03	2.715739e+00	6.013766e+00
2.342777580017379e-03	2.510478e+00	6.013742e+00
2.365099008588807e-03	2.249099e+00	6.013710e+00
2.371376910374521e-03	2.168714e+00	6.013764e+00
2.377654812160235e-03	2.085294e+00	6.013776e+00
2.383932713945949e-03	1.998839e+00	6.013749e+00
2.390210615731663e-03	1.909347e+00	6.013681e+00
2.396488517517377e-03	1.816821e+00	6.013573e+00
2.402766419303092e-03	1.721259e+00	6.013425e+00
2.409044321088806e-03	1.622661e+00	6.013236e+00
2.412283813241063e-03	1.570969e+00	6.011368e+00
2.414979598659862e-03	1.527455e+00	6.005266e+00
2.418653604047038e-03	1.467449e+00	5.970367e+00
2.419453374753459e-03	1.454282e+00	5.942969e+00
2.420069178047121e-03	1.444118e+00	5.883785e+00
2.420779878536821e-03	1.432362e+00	5.773745e+00
2.424347561031665e-03	1.372855e+00	5.528692e+00
2.427915243526508e-03	1.312730e+00	5.283036e+00
2.431482926021352e-03	1.251987e+00	5.036778e+00
2.435050608516195e-03	1.190626e+00	4.789917e+00
2.438618291011039e-03	1.128648e+00	4.542452e+00
2.442185973505882e-03	1.066051e+00	4.294386e+00
2.445753656000725e-03	1.002836e+00	4.045716e+00
2.452031557786439e-03	8.901082e-01	3.595288e+00
2.458309459572153e-03	7.764418e-01	3.141053e+00
2.464587361357868e-03	6.618370e-01	2.683010e+00
2.470865263143582e-03	5.462939e-01	2.221159e+00
2.477143164929296e-03	4.298124e-01	1.755501e+00
2.483421066715010e-03	3.123925e-01	1.286035e+00
2.489698968500724e-03	1.940343e-01	8.127621e-01
2.499464593500724e-03	1.009216e-02	7.712804e-02
2.514113031000724e-03	-2.656759e-01	-1.025997e+00
2.521786022072152e-03	-4.101912e-01	-1.604211e+00
2.529459013143581e-03	-5.529362e-01	-2.175425e+00
2.537132004215009e-03	-6.939109e-01	-2.739640e+00
2.544804995286437e-03	-8.331152e-01	-3.296855e+00
2.552477986357866e-03	-9.705492e-01	-3.847072e+00
2.560150977429294e-03	-1.106213e+00	-4.390289e+00
2.567823968500723e-03	-1.240106e+00	-4.926507e+00
2.581902012602777e-03	-1.476575e+00	-5.871502e+00
2.583881214267619e-03	-1.508935e+00	-5.946556e+00
2.587022539726693e-03	-1.559815e+00	-5.988512e+00
2.588698650911502e-03	-1.586716e+00	-5.998625e+00
2.592050873281119e-03	-1.639986e+00	-6.008370e+00
2.597857591131631e-03	-1.730526e+00	-6.012631e+00
2.613886638194289e-03	-1.972736e+00	-6.012893e+00
2.629915685256947e-03	-2.190186e+00	-6.013096e+00
2.645944732319605e-03	-2.382876e+00	-6.013239e+00
2.661973779382263e-03	-2.550806e+00	-6.013322e+00
2.678002826444921e-03	-2.693976e+00	-6.013347e+00
2.694031873507579e-03	-2.812385e+00	-6.013311e+00
2.710060920570237e-03	-2.906035e+00	-6.013216e+00
2.732382349141665e-03	-2.978063e+00	-6.013216e+00
2.754703777713093e-03	-2.994077e+00	-6.013216e+00
2.777025206284521e-03	-2.954075e+00	-6.013216e+00
2.799346634855949e-03	-2.858058e+00	-6.013216e+00
2.821668063427378e-03	-2.706026e+00	-6.013216e+00
2.843989491998806e-03	-2.497978e+00	-6.013216e+00
2.866310920570234e-03	-2.233916e+00	-6.013216e+00
2.871891277713091e-03	-2.162108e+00	-6.013223e+00
2.877471634855948e-03	-2.087880e+00	-6.013226e+00
2.883051991998805e-03	-2.011230e+00	-6.013224e+00
2.888632349141662e-03	-1.932160e+00	-6.013218e+00
2.894212706284519e-03	-1.850669e+00	-6.013207e+00
2.899793063427376e-03	-1.766757e+00	-6.013191e+00
2.905373420570233e-03	-1.680424e+00	-6.013172e+00
2.910256233070233e-03	-1.603400e+00	-6.012393e+00
2.913064479151042e-03	-1.558414e+00	-6.009852e+00
2.915861107370265e-03	-1.513131e+00	-6.000751e+00
2.918833981200736e-03	-1.464482e+00	-5.964770e+00
2.919546784365798e-03	-1.452741e+00	-5.935332e+00
2.920154323414480e-03	-1.442711e+00	-5.865271e+00
2.920762425862226e-03	-1.432651e+00	-5.774209e+00
2.923839473508959e-03	-1.381389e+00	-5.561287e+00
2.926916521155691e-03	-1.329656e+00	-5.348576e+00
2.929993568802424e-03	-1.277452e+00	-5.136076e+00
2.933070616449157e-03	-1.224776e+00	-4.923785e+00
2.936147664095889e-03	-1.171628e+00	-4.711704e+00
2.939224711742622e-03	-1.118009e+00	-4.499834e+00
2.942301759389355e-03	-1.063919e+00	-4.288173e+00
2.949277205817926e-03	-9.393849e-01	-3.790574e+00
2.956252652246497e-03	-8.136569e-01	-3.288132e+00
2.963228098675069e-03	-6.867352e-01	-2.780847e+00
2.970203545103640e-03	-5.586198e-01	-2.268719e+00
2.977178991532211e-03	-4.293106e-01	-1.751748e+00
2.984154437960782e-03	-2.988078e-01	-1.229934e+00
2.991129884389354e-03	-1.671112e-01	-7.032777e-01
3.010661134389353e-03	2.008074e-01	7.684072e-01
3.018334125460782e-03	3.456460e-01	1.347917e+00
3.026007116532210e-03	4.888605e-01	1.921011e+00
3.033680107603639e-03	6.304509e-01	2.487689e+00
3.041353098675067e-03	7.704172e-01	3.047952e+00
3.049026089746495e-03	9.087594e-01	3.601799e+00
3.056699080817924e-03	1.045478e+00	4.149231e+00
3.064372071889352e-03	1.180572e+00	4.690248e+00
3.081661206009795e-03	1.472622e+00	5.858477e+00
3.083169781943802e-03	1.497329e+00	5.928332e+00
3.087322486225355e-03	1.564642e+00	5.991267e+00
3.089381459658389e-03	1.597624e+00	6.001927e+00
3.095084313520966e-03	1.687564e+00	6.011895e+00
3.110877820868973e-03	1.929511e+00	6.012702e+00
3.126671328216980e-03	2.147792e+00	6.013330e+00
3.142464835564987e-03	2.342408e+00	6.013779e+00
3.158258342912993e-03	2.513358e+00	6.014048e+00
3.174051850261000e-03	2.660643e+00	6.014139e+00
3.189845357609007e-03	2.784263e+00	6.014049e+00
3.205638864957014e-03	2.884218e+00	6.013781e+00
3.227960293528442e-03	2.968264e+00	6.013792e+00
3.250281722099870e-03	2.995936e+00	6.013797e+00
3.272603150671298e-03	2.967233e+00	6.013794e+00
3.294924579242726e-03	2.882157e+00	6.013785e+00
3.317246007814155e-03	2.740706e+00	6.013769e+00
3.339567436385583e-03	2.542881e+00	6.013745e+00
3.361888864957010e-03	2.288682e+00	6.013715e+00
3.368166766742725e-03	2.210078e+00	6.013715e+00
3.374444668528439e-03	2.128368e+00	6.013709e+00
3.380722570314153e-03	2.043551e+00	6.013696e+00
3.387000472099867e-03	1.955628e+00	6.013677e+00
3.393278373885581e-03	1.864599e+00	6.013652e+00
3.399556275671295e-03	1.770464e+00	6.013620e+00
3.405834177457010e-03	1.673222e+00	6.013583e+00
3.410716989957009e-03	1.596053e+00	6.012565e+00
3.413557021950198e-03	1.550473e+00	6.009325e+00
3.418424392837282e-03	1.471216e+00	5.975178e+00
3.419400506764547e-03	1.455153e+00	5.945793e+00
3.420067733468061e-03	1.444142e+00	5.884640e+00
3.420878093302729e-03	1.430735e+00	5.762102e+00
3.429666689273244e-03	1.281851e+00	5.164005e+00
3.438455285243758e-03	1.130232e+00	4.555691e+00
3.447243881214273e-03	9.758777e-01	3.937161e+00
3.456032477184787e-03	8.187883e-01	3.308414e+00
3.464821073155302e-03	6.589637e-01	2.669450e+00
3.473609669125816e-03	4.964039e-01	2.020269e+00
3.482398265096331e-03	3.311090e-01	1.360872e+00
3.497046702596330e-03	5.566515e-02	2.593993e-01
3.511695140096330e-03	-2.202499e-01	-8.442632e-01
3.519368131167758e-03	-3.649987e-01	-1.423384e+00
3.527041122239187e-03	-5.080796e-01	-1.995916e+00
3.534714113310615e-03	-6.494926e-01	-2.561857e+00
3.542387104382044e-03	-7.892375e-01	-3.121210e+00
3.550060095453472e-03	-9.273145e-01	-3.673973e+00
3.557733086524901e-03	-1.063724e+00	-4.220146e+00
3.565406077596329e-03	-1.198465e+00	-4.759730e+00
3.580054515096328e-03	-1.446161e+00	-5.751892e+00
3.582686290774379e-03	-1.489425e+00	-5.911839e+00
3.587077009146761e-03	-1.560692e+00	-5.988945e+00
3.588610287372779e-03	-1.585302e+00	-5.998223e+00
3.593975934888114e-03	-1.670250e+00	-6.010622e+00
3.603473449137893e-03	-1.817038e+00	-6.011778e+00
3.612970963387672e-03	-1.956200e+00	-6.012672e+00
3.622468477637451e-03	-2.087734e+00	-6.013305e+00
3.631965991887229e-03	-2.211642e+00	-6.013675e+00
3.641463506137008e-03	-2.327923e+00	-6.013784e+00
3.650961020386787e-03	-2.436577e+00	-6.013631e+00
3.660458534636566e-03	-2.537605e+00	-6.013216e+00
3.689057864993708e-03	-2.783383e+00	-6.013216e+00
3.717657195350851e-03	-2.936095e+00	-6.013216e+00
3.746256525707993e-03	-2.995741e+00	-6.013216e+00
3.774855856065135e-03	-2.962321e+00	-6.013217e+00
3.803455186422277e-03	-2.835835e+00	-6.013217e+00
3.832054516779420e-03	-2.616283e+00	-6.013217e+00
3.860653847136562e-03	-2.303664e+00	-6.013216e+00
3.867629293565133e-03	-2.216788e+00	-6.013299e+00
3.874604739993704e-03	-2.126110e+00	-6.013329e+00
3.881580186422276e-03	-2.031633e+00	-6.013307e+00
3.888555632850847e-03	-1.933354e+00	-6.013233e+00
3.895531079279418e-03	-1.831276e+00	-6.013106e+00
3.902506525707989e-03	-1.725396e+00	-6.012928e+00
3.909481972136561e-03	-1.615716e+00	-6.012698e+00
3.912476945755588e-03	-1.567866e+00	-6.010728e+00
3.915153405295861e-03	-1.524635e+00	-6.004128e+00
3.918773605048182e-03	-1.465475e+00	-5.966664e+00
3.919483868287137e-03	-1.453779e+00	-5.939695e+00
3.920087052669134e-03	-1.443823e+00	-5.877324e+00
3.920746439923906e-03	-1.432915e+00	-5.775887e+00
3.922969893117461e-03	-1.395944e+00	-5.619328e+00
3.925193346311015e-03	-1.358716e+00	-5.464052e+00
3.927416799504570e-03	-1.321231e+00	-5.310059e+00
3.929640252698124e-03	-1.283490e+00	-5.157347e+00
3.931863705891679e-03	-1.245494e+00	-5.005918e+00
3.934087159085233e-03	-1.207240e+00	-4.855770e+00
3.936310612278788e-03	-1.168731e+00	-4.706905e+00
3.943983603350216e-03	-1.033407e+00	-4.166260e+00
3.951656594421644e-03	-8.964876e-01	-3.619153e+00
3.959329585493073e-03	-7.579735e-01	-3.065583e+00
3.967002576564502e-03	-6.178642e-01	-2.505551e+00
3.974675567635930e-03	-4.761599e-01	-1.939057e+00
3.982348558707358e-03	-3.328606e-01	-1.366101e+00
3.990021549778787e-03	-1.879662e-01	-7.866818e-01
3.999787174778786e-03	-4.011660e-03	-5.094209e-02
4.003972442635929e-03	7.500689e-02	2.651404e-01
4.008157710493072e-03	1.538377e-01	5.804967e-01
4.012342978350215e-03	2.324807e-01	8.951268e-01
4.016528246207358e-03	3.109360e-01	1.209031e+00
4.020713514064501e-03	3.892035e-01	1.522208e+00
4.024898781921643e-03	4.672833e-01	1.834660e+00
4.029084049778786e-03	5.451753e-01	2.146385e+00
4.036540520671777e-03	6.834673e-01	2.699994e+00
4.043996991564768e-03	8.195272e-01	3.244687e+00
4.051453462457760e-03	9.533551e-01	3.780464e+00
4.058909933350750e-03	1.084951e+00	4.307327e+00
4.066366404243742e-03	1.214315e+00	4.825274e+00
4.073822875136733e-03	1.341447e+00	5.334305e+00
4.081279346029724e-03	1.466346e+00	5.834422e+00
4.082985410749693e-03	1.494317e+00	5.922824e+00
4.087406659863931e-03	1.565995e+00	5.991835e+00
4.089311575190009e-03	1.596509e+00	6.001666e+00
4.092424588098382e-03	1.645880e+00	6.009352e+00
4.103336326893171e-03	1.813842e+00	6.013618e+00
4.119379853678886e-03	2.049495e+00	6.013660e+00
4.135423380464599e-03	2.259764e+00	6.013696e+00
4.151466907250313e-03	2.444650e+00	6.013726e+00
4.167510434036027e-03	2.604153e+00	6.013750e+00
4.183553960821741e-03	2.738272e+00	6.013769e+00
4.199597487607455e-03	2.847009e+00	6.013781e+00
4.215641014393169e-03	2.930362e+00	6.013787e+00
4.237264898321740e-03	2.986752e+00	6.013795e+00
4.258888782250311e-03	2.990762e+00	6.013797e+00
4.280512666178882e-03	2.942393e+00	6.013792e+00
4.302136550107452e-03	2.841644e+00	6.013780e+00
4.323760434036024e-03	2.688516e+00	6.013763e+00
4.345384317964595e-03	2.483009e+00	6.013738e+00
4.367008201893166e-03	2.225122e+00	6.013708e+00
4.372588559036023e-03	2.152976e+00	6.013709e+00
4.378168916178880e-03	2.078422e+00	6.013704e+00
4.383749273321737e-03	2.001459e+00	6.013692e+00
4.389329630464594e-03	1.922087e+00	6.013673e+00
4.394909987607450e-03	1.840306e+00	6.013647e+00
4.400490344750308e-03	1.756117e+00	6.013614e+00
4.406070701893165e-03	1.669520e+00	6.013574e+00
4.410953514393165e-03	1.592276e+00	6.012411e+00
4.413814091590865e-03	1.546323e+00	6.008736e+00
4.418415025521049e-03	1.471370e+00	5.975320e+00
4.419436583275695e-03	1.454558e+00	5.944016e+00
4.420094845011647e-03	1.443694e+00	5.880485e+00
4.420881133002024e-03	1.430684e+00	5.762007e+00
4.428997562833194e-03	1.293497e+00	5.210534e+00
4.437113992664363e-03	1.153865e+00	4.650048e+00
4.445230422495533e-03	1.011789e+00	4.080551e+00
4.453346852326703e-03	8.672689e-01	3.502042e+00
4.461463282157872e-03	7.203045e-01	2.914522e+00
4.469579711989042e-03	5.708959e-01	2.317990e+00
4.477696141820212e-03	4.190431e-01	1.712447e+00
4.481183865034497e-03	3.537714e-01	1.451483e+00
4.484671588248783e-03	2.884085e-01	1.190137e+00
4.488159311463068e-03	2.229544e-01	9.284086e-01
4.491647034677354e-03	1.574089e-01	6.662979e-01
4.495134757891640e-03	9.177212e-02	4.038048e-01
4.498622481105926e-03	2.604408e-02	1.409294e-01
4.502110204320211e-03	-3.977525e-02	-1.223285e-01
4.507690561463068e-03	-1.452279e-01	-5.441445e-01
4.513270918605925e-03	-2.501813e-01	-9.640078e-01
4.518851275748782e-03	-3.546354e-01	-1.381918e+00
4.524431632891639e-03	-4.585904e-01	-1.797876e+00
4.530011990034496e-03	-5.620460e-01	-2.211882e+00
4.535592347177353e-03	-6.650025e-01	-2.623934e+00
4.541172704320210e-03	-7.674597e-01	-3.034034e+00
4.546753061463067e-03	-8.689559e-01	-3.440340e+00
4.552333418605925e-03	-9.690812e-01	-3.841201e+00
4.557913775748781e-03	-1.067836e+00	-4.236617e+00
4.563494132891638e-03	-1.165219e+00	-4.626588e+00
4.569074490034495e-03	-1.261232e+00	-5.011114e+00
4.574654847177353e-03	-1.355874e+00	-5.390195e+00
4.580235204320209e-03	-1.449145e+00	-5.763831e+00
4.582866267181653e-03	-1.492369e+00	-5.919198e+00
4.585930651893493e-03	-1.542197e+00	-5.978647e+00
4.587617006204879e-03	-1.569376e+00	-5.992704e+00
4.589232705563441e-03	-1.595250e+00	-6.000894e+00
4.594920486818491e-03	-1.685010e+00	-6.011348e+00
4.610708518918315e-03	-1.927064e+00	-6.012184e+00
4.626496551018139e-03	-2.145488e+00	-6.012831e+00
4.642284583117964e-03	-2.340283e+00	-6.013288e+00
4.658072615217787e-03	-2.511448e+00	-6.013555e+00
4.673860647317612e-03	-2.658984e+00	-6.013632e+00
4.689648679417436e-03	-2.782890e+00	-6.013519e+00
4.705436711517260e-03	-2.883167e+00	-6.013216e+00
4.727758140088688e-03	-2.967761e+00	-6.013216e+00
4.750079568660116e-03	-2.995966e+00	-6.013216e+00
4.772400997231544e-03	-2.967780e+00	-6.013216e+00
4.794722425802973e-03	-2.883206e+00	-6.013216e+00
4.817043854374401e-03	-2.742242e+00	-6.013216e+00
4.839365282945829e-03	-2.544888e+00	-6.013216e+00
4.861686711517257e-03	-2.291144e+00	-6.013216e+00
4.867964613302972e-03	-2.212653e+00	-6.013225e+00
4.874242515088685e-03	-2.131051e+00	-6.013228e+00
4.880520416874400e-03	-2.046339e+00	-6.013225e+00
4.886798318660113e-03	-1.958516e+00	-6.013218e+00
4.893076220445828e-03	-1.867582e+00	-6.013205e+00
4.899354122231542e-03	-1.773538e+00	-6.013187e+00
4.905632024017256e-03	-1.676383e+00	-6.013165e+00
4.910514836517256e-03	-1.599278e+00	-6.012261e+00
4.913341160135166e-03	-1.553955e+00	-6.009337e+00
4.917644794331482e-03	-1.484005e+00	-5.986022e+00
4.918845329447454e-03	-1.464296e+00	-5.964442e+00
4.919562670342856e-03	-1.452479e+00	-5.934257e+00
4.920169754330682e-03	-1.442456e+00	-5.862611e+00
4.921021689438447e-03	-1.428355e+00	-5.749792e+00
4.929663933223099e-03	-1.281956e+00	-5.162224e+00
4.938306177007750e-03	-1.132893e+00	-4.564573e+00
4.946948420792402e-03	-9.811644e-01	-3.956838e+00
4.955590664577055e-03	-8.267717e-01	-3.339020e+00
4.964232908361707e-03	-6.697145e-01	-2.711118e+00
4.972875152146359e-03	-5.099927e-01	-2.073132e+00
4.981517395931011e-03	-3.476063e-01	-1.425063e+00
5.000000000000000e-03	-3.673940e-15	-3.489384e-02
