V1	V(n002)	I(D1)
Step Information: Temp=-25  (Step: 1/3)
0.000000000000000e+00	0.000000e+00	0.000000e+00
1.000000000000000e-01	9.999517e-02	9.946774e-09
2.000000000000000e-01	1.999459e-01	1.113481e-07
3.000000000000000e-01	2.994492e-01	1.133345e-06
4.000000000000000e-01	3.949334e-01	1.042513e-05
5.000000000000000e-01	4.706273e-01	6.050663e-05
6.000000000000001e-01	5.158741e-01	1.731046e-04
7.000000000000001e-01	5.428637e-01	3.240482e-04
8.000000000000000e-01	5.608522e-01	4.921517e-04
9.000000000000000e-01	5.743799e-01	6.738786e-04
1.000000000000000e+00	5.847245e-01	8.569381e-04
1.100000000000000e+00	5.932142e-01	1.043766e-03
1.200000000000000e+00	6.004294e-01	1.234236e-03
1.300000000000000e+00	6.066751e-01	1.426962e-03
1.400000000000000e+00	6.121712e-01	1.621296e-03
1.500000000000000e+00	6.170742e-01	1.816894e-03
1.600000000000000e+00	6.214972e-01	2.013507e-03
1.700000000000000e+00	6.255239e-01	2.210950e-03
1.800000000000000e+00	6.292183e-01	2.409088e-03
1.900000000000000e+00	6.326303e-01	2.607813e-03
2.000000000000000e+00	6.357993e-01	2.807042e-03
2.100000000000000e+00	6.387572e-01	3.006709e-03
2.200000000000000e+00	6.415299e-01	3.206758e-03
2.300000000000000e+00	6.441392e-01	3.407146e-03
2.400000000000000e+00	6.466027e-01	3.607834e-03
2.500000000000000e+00	6.489360e-01	3.808791e-03
2.600000000000000e+00	6.511519e-01	4.009990e-03
2.700000000000000e+00	6.532615e-01	4.211409e-03
2.800000000000000e+00	6.552745e-01	4.413026e-03
2.900000000000000e+00	6.571992e-01	4.614826e-03
3.000000000000000e+00	6.590431e-01	4.816792e-03
3.100000000000000e+00	6.608124e-01	5.018912e-03
3.200000000000000e+00	6.625131e-01	5.221173e-03
3.300000000000000e+00	6.641502e-01	5.423565e-03
3.400000000000000e+00	6.657283e-01	5.626079e-03
3.500000000000000e+00	6.672513e-01	5.828706e-03
3.600000000000000e+00	6.687231e-01	6.031438e-03
3.700000000000000e+00	6.701469e-01	6.234270e-03
3.800000000000000e+00	6.715257e-01	6.437194e-03
3.900000000000000e+00	6.728622e-01	6.640204e-03
4.000000000000000e+00	6.741591e-01	6.843297e-03
4.100000000000001e+00	6.754185e-01	7.046467e-03
4.200000000000000e+00	6.766425e-01	7.249709e-03
4.300000000000000e+00	6.778330e-01	7.453021e-03
4.400000000000000e+00	6.789919e-01	7.656397e-03
4.500000000000000e+00	6.801208e-01	7.859835e-03
4.600000000000001e+00	6.812211e-01	8.063333e-03
4.700000000000000e+00	6.822942e-01	8.266886e-03
4.800000000000001e+00	6.833416e-01	8.470492e-03
4.900000000000000e+00	6.843643e-01	8.674149e-03
5.000000000000000e+00	6.853635e-01	8.877854e-03
5.100000000000001e+00	6.863403e-01	9.081606e-03
5.200000000000000e+00	6.872956e-01	9.285402e-03
5.300000000000001e+00	6.882303e-01	9.489239e-03
5.400000000000000e+00	6.891453e-01	9.693118e-03
5.500000000000000e+00	6.900415e-01	9.897035e-03
5.600000000000001e+00	6.909196e-01	1.010099e-02
5.700000000000000e+00	6.917803e-01	1.030498e-02
5.800000000000001e+00	6.926242e-01	1.050900e-02
5.900000000000000e+00	6.934520e-01	1.071306e-02
6.000000000000000e+00	6.942644e-01	1.091715e-02
6.100000000000001e+00	6.950617e-01	1.112127e-02
6.200000000000000e+00	6.958448e-01	1.132542e-02
6.300000000000001e+00	6.966139e-01	1.152960e-02
6.400000000000000e+00	6.973696e-01	1.173381e-02
6.500000000000000e+00	6.981124e-01	1.193804e-02
6.600000000000001e+00	6.988427e-01	1.214230e-02
6.700000000000000e+00	6.995609e-01	1.234658e-02
6.800000000000001e+00	7.002674e-01	1.255089e-02
6.900000000000000e+00	7.009625e-01	1.275522e-02
7.000000000000000e+00	7.016467e-01	1.295958e-02
7.100000000000001e+00	7.023202e-01	1.316395e-02
7.200000000000000e+00	7.029834e-01	1.336835e-02
7.300000000000001e+00	7.036367e-01	1.357276e-02
7.400000000000000e+00	7.042803e-01	1.377720e-02
7.500000000000000e+00	7.049143e-01	1.398166e-02
7.600000000000001e+00	7.055393e-01	1.418613e-02
7.700000000000000e+00	7.061554e-01	1.439063e-02
7.800000000000001e+00	7.067629e-01	1.459514e-02
7.900000000000000e+00	7.073619e-01	1.479967e-02
8.000000000000000e+00	7.079527e-01	1.500421e-02
8.100000000000000e+00	7.085356e-01	1.520877e-02
8.200000000000001e+00	7.091108e-01	1.541335e-02
8.300000000000001e+00	7.096784e-01	1.561795e-02
8.400000000000000e+00	7.102387e-01	1.582255e-02
8.500000000000000e+00	7.107918e-01	1.602718e-02
8.600000000000000e+00	7.113379e-01	1.623181e-02
8.700000000000001e+00	7.118773e-01	1.643647e-02
8.800000000000001e+00	7.124100e-01	1.664113e-02
8.900000000000000e+00	7.129362e-01	1.684581e-02
9.000000000000000e+00	7.134561e-01	1.705050e-02
9.100000000000000e+00	7.139698e-01	1.725521e-02
9.200000000000001e+00	7.144775e-01	1.745992e-02
9.300000000000001e+00	7.149793e-01	1.766465e-02
9.400000000000000e+00	7.154754e-01	1.786939e-02
9.500000000000000e+00	7.159658e-01	1.807415e-02
9.600000000000001e+00	7.164507e-01	1.827891e-02
9.700000000000001e+00	7.169303e-01	1.848368e-02
9.800000000000001e+00	7.174045e-01	1.868847e-02
9.900000000000000e+00	7.178737e-01	1.889326e-02
1.000000000000000e+01	7.183378e-01	1.909807e-02
1.010000000000000e+01	7.187970e-01	1.930289e-02
1.020000000000000e+01	7.192513e-01	1.950771e-02
1.030000000000000e+01	7.197010e-01	1.971255e-02
1.040000000000000e+01	7.201460e-01	1.991739e-02
1.050000000000000e+01	7.205865e-01	2.012225e-02
1.060000000000000e+01	7.210225e-01	2.032711e-02
1.070000000000000e+01	7.214542e-01	2.053199e-02
1.080000000000000e+01	7.218816e-01	2.073687e-02
1.090000000000000e+01	7.223048e-01	2.094176e-02
1.100000000000000e+01	7.227240e-01	2.114666e-02
1.110000000000000e+01	7.231390e-01	2.135157e-02
1.120000000000000e+01	7.235502e-01	2.155648e-02
1.130000000000000e+01	7.239575e-01	2.176140e-02
1.140000000000000e+01	7.243609e-01	2.196634e-02
1.150000000000000e+01	7.247607e-01	2.217127e-02
1.160000000000000e+01	7.251568e-01	2.237622e-02
1.170000000000000e+01	7.255493e-01	2.258117e-02
1.180000000000000e+01	7.259382e-01	2.278613e-02
1.190000000000000e+01	7.263237e-01	2.299110e-02
1.200000000000000e+01	7.267057e-01	2.319608e-02
1.210000000000000e+01	7.270845e-01	2.340106e-02
1.220000000000000e+01	7.274599e-01	2.360605e-02
1.230000000000000e+01	7.278321e-01	2.381105e-02
1.240000000000000e+01	7.282012e-01	2.401605e-02
1.250000000000000e+01	7.285670e-01	2.422106e-02
1.260000000000000e+01	7.289298e-01	2.442607e-02
1.270000000000000e+01	7.292897e-01	2.463109e-02
1.280000000000000e+01	7.296464e-01	2.483612e-02
1.290000000000000e+01	7.300004e-01	2.504115e-02
1.300000000000000e+01	7.303514e-01	2.524619e-02
1.310000000000000e+01	7.306996e-01	2.545124e-02
1.320000000000000e+01	7.310450e-01	2.565629e-02
1.330000000000000e+01	7.313877e-01	2.586134e-02
1.340000000000000e+01	7.317277e-01	2.606640e-02
1.350000000000000e+01	7.320650e-01	2.627147e-02
1.360000000000000e+01	7.323997e-01	2.647654e-02
1.370000000000000e+01	7.327318e-01	2.668162e-02
1.380000000000000e+01	7.330614e-01	2.688671e-02
1.390000000000000e+01	7.333885e-01	2.709179e-02
1.400000000000000e+01	7.337132e-01	2.729689e-02
1.410000000000000e+01	7.340354e-01	2.750199e-02
1.420000000000000e+01	7.343552e-01	2.770709e-02
1.430000000000000e+01	7.346727e-01	2.791220e-02
1.440000000000000e+01	7.349879e-01	2.811731e-02
1.450000000000000e+01	7.353008e-01	2.832243e-02
1.460000000000000e+01	7.356114e-01	2.852755e-02
1.470000000000000e+01	7.359198e-01	2.873268e-02
1.480000000000000e+01	7.362260e-01	2.893781e-02
1.490000000000000e+01	7.365301e-01	2.914294e-02
1.500000000000000e+01	7.368320e-01	2.934808e-02
1.510000000000000e+01	7.371319e-01	2.955323e-02
1.520000000000000e+01	7.374297e-01	2.975838e-02
1.530000000000000e+01	7.377254e-01	2.996353e-02
1.540000000000000e+01	7.380191e-01	3.016868e-02
1.550000000000000e+01	7.383109e-01	3.037385e-02
1.560000000000000e+01	7.386007e-01	3.057901e-02
1.570000000000000e+01	7.388885e-01	3.078418e-02
1.580000000000000e+01	7.391744e-01	3.098935e-02
1.590000000000000e+01	7.394585e-01	3.119453e-02
1.600000000000000e+01	7.397407e-01	3.139971e-02
1.610000000000000e+01	7.400210e-01	3.160489e-02
1.620000000000000e+01	7.402996e-01	3.181008e-02
1.630000000000000e+01	7.405764e-01	3.201528e-02
1.640000000000000e+01	7.408514e-01	3.222047e-02
1.650000000000000e+01	7.411247e-01	3.242567e-02
1.660000000000000e+01	7.413962e-01	3.263087e-02
1.670000000000000e+01	7.416661e-01	3.283608e-02
1.680000000000000e+01	7.419343e-01	3.304129e-02
1.690000000000000e+01	7.422008e-01	3.324650e-02
1.700000000000000e+01	7.424657e-01	3.345172e-02
1.710000000000000e+01	7.427289e-01	3.365694e-02
1.720000000000000e+01	7.429907e-01	3.386216e-02
1.730000000000000e+01	7.432507e-01	3.406738e-02
1.740000000000000e+01	7.435093e-01	3.427261e-02
1.750000000000000e+01	7.437663e-01	3.447785e-02
1.760000000000000e+01	7.440218e-01	3.468308e-02
1.770000000000000e+01	7.442757e-01	3.488832e-02
1.780000000000000e+01	7.445282e-01	3.509356e-02
1.790000000000000e+01	7.447792e-01	3.529881e-02
1.800000000000000e+01	7.450288e-01	3.550405e-02
1.810000000000000e+01	7.452769e-01	3.570931e-02
1.820000000000000e+01	7.455237e-01	3.591456e-02
1.830000000000000e+01	7.457690e-01	3.611982e-02
1.840000000000000e+01	7.460129e-01	3.632507e-02
1.850000000000000e+01	7.462555e-01	3.653034e-02
1.860000000000000e+01	7.464967e-01	3.673561e-02
1.870000000000000e+01	7.467365e-01	3.694087e-02
1.880000000000000e+01	7.469751e-01	3.714614e-02
1.890000000000000e+01	7.472123e-01	3.735141e-02
1.900000000000000e+01	7.474482e-01	3.755669e-02
1.910000000000000e+01	7.476828e-01	3.776197e-02
1.920000000000000e+01	7.479162e-01	3.796725e-02
1.930000000000000e+01	7.481483e-01	3.817254e-02
1.940000000000000e+01	7.483792e-01	3.837782e-02
1.950000000000000e+01	7.486088e-01	3.858311e-02
1.960000000000000e+01	7.488373e-01	3.878840e-02
1.970000000000000e+01	7.490645e-01	3.899369e-02
1.980000000000000e+01	7.492905e-01	3.919899e-02
1.990000000000000e+01	7.495154e-01	3.940429e-02
2.000000000000000e+01	7.497391e-01	3.960959e-02
2.010000000000000e+01	7.499616e-01	3.981489e-02
2.020000000000000e+01	7.501830e-01	4.002020e-02
2.030000000000000e+01	7.504033e-01	4.022551e-02
2.040000000000000e+01	7.506225e-01	4.043082e-02
2.050000000000000e+01	7.508405e-01	4.063613e-02
2.060000000000000e+01	7.510574e-01	4.084145e-02
2.070000000000000e+01	7.512733e-01	4.104676e-02
2.080000000000000e+01	7.514880e-01	4.125208e-02
2.090000000000000e+01	7.517018e-01	4.145740e-02
2.100000000000000e+01	7.519144e-01	4.166273e-02
2.110000000000000e+01	7.521260e-01	4.186805e-02
2.120000000000000e+01	7.523366e-01	4.207338e-02
2.130000000000000e+01	7.525462e-01	4.227871e-02
2.140000000000000e+01	7.527547e-01	4.248405e-02
2.150000000000000e+01	7.529623e-01	4.268938e-02
2.160000000000000e+01	7.531689e-01	4.289471e-02
2.170000000000000e+01	7.533745e-01	4.310005e-02
2.180000000000000e+01	7.535790e-01	4.330539e-02
2.190000000000000e+01	7.537826e-01	4.351074e-02
2.200000000000000e+01	7.539853e-01	4.371608e-02
2.210000000000000e+01	7.541870e-01	4.392143e-02
2.220000000000000e+01	7.543879e-01	4.412678e-02
2.230000000000000e+01	7.545877e-01	4.433212e-02
2.240000000000000e+01	7.547866e-01	4.453748e-02
2.250000000000000e+01	7.549846e-01	4.474283e-02
2.260000000000000e+01	7.551817e-01	4.494819e-02
2.270000000000000e+01	7.553779e-01	4.515354e-02
2.280000000000000e+01	7.555733e-01	4.535890e-02
2.290000000000000e+01	7.557678e-01	4.556426e-02
2.300000000000000e+01	7.559614e-01	4.576963e-02
2.310000000000000e+01	7.561541e-01	4.597499e-02
2.320000000000000e+01	7.563459e-01	4.618036e-02
2.330000000000000e+01	7.565369e-01	4.638573e-02
2.340000000000000e+01	7.567270e-01	4.659110e-02
2.350000000000000e+01	7.569164e-01	4.679647e-02
2.360000000000000e+01	7.571049e-01	4.700184e-02
2.370000000000000e+01	7.572926e-01	4.720722e-02
2.380000000000000e+01	7.574794e-01	4.741259e-02
2.390000000000000e+01	7.576655e-01	4.761797e-02
2.400000000000000e+01	7.578508e-01	4.782335e-02
2.410000000000000e+01	7.580352e-01	4.802873e-02
2.420000000000000e+01	7.582189e-01	4.823412e-02
2.430000000000000e+01	7.584018e-01	4.843950e-02
2.440000000000000e+01	7.585840e-01	4.864489e-02
2.450000000000000e+01	7.587653e-01	4.885028e-02
2.460000000000000e+01	7.589459e-01	4.905567e-02
2.470000000000000e+01	7.591258e-01	4.926106e-02
2.480000000000000e+01	7.593049e-01	4.946645e-02
2.490000000000000e+01	7.594832e-01	4.967184e-02
2.500000000000000e+01	7.596609e-01	4.987724e-02
Step Information: Temp=25  (Step: 2/3)
0.000000000000000e+00	0.000000e+00	0.000000e+00
1.000000000000000e-01	9.969383e-02	6.299895e-07
2.000000000000000e-01	1.976712e-01	4.794486e-06
3.000000000000000e-01	2.867239e-01	2.731735e-05
4.000000000000000e-01	3.525369e-01	9.779289e-05
5.000000000000000e-01	3.940870e-01	2.185108e-04
6.000000000000001e-01	4.210791e-01	3.683125e-04
7.000000000000001e-01	4.403196e-01	5.343442e-04
8.000000000000000e-01	4.551780e-01	7.122161e-04
9.000000000000000e-01	4.668727e-01	8.929492e-04
1.000000000000000e+00	4.766002e-01	1.077754e-03
1.100000000000000e+00	4.849276e-01	1.266054e-03
1.200000000000000e+00	4.921827e-01	1.456732e-03
1.300000000000000e+00	4.986001e-01	1.649190e-03
1.400000000000000e+00	5.043480e-01	1.843061e-03
1.500000000000000e+00	5.095496e-01	2.038078e-03
1.600000000000000e+00	5.142974e-01	2.234042e-03
1.700000000000000e+00	5.186628e-01	2.430802e-03
1.800000000000000e+00	5.227015e-01	2.628239e-03
1.900000000000000e+00	5.264583e-01	2.826260e-03
2.000000000000000e+00	5.299692e-01	3.024789e-03
2.100000000000000e+00	5.332640e-01	3.223765e-03
2.200000000000000e+00	5.363675e-01	3.423136e-03
2.300000000000000e+00	5.393002e-01	3.622859e-03
2.400000000000000e+00	5.420797e-01	3.822898e-03
2.500000000000000e+00	5.447212e-01	4.023222e-03
2.600000000000000e+00	5.472375e-01	4.223804e-03
2.700000000000000e+00	5.496396e-01	4.424620e-03
2.800000000000000e+00	5.519376e-01	4.625652e-03
2.900000000000000e+00	5.541400e-01	4.826881e-03
3.000000000000000e+00	5.562541e-01	5.028291e-03
3.100000000000000e+00	5.582870e-01	5.229868e-03
3.200000000000000e+00	5.602444e-01	5.431602e-03
3.300000000000000e+00	5.621318e-01	5.633479e-03
3.400000000000000e+00	5.639539e-01	5.835490e-03
3.500000000000000e+00	5.657150e-01	6.037627e-03
3.600000000000000e+00	5.674192e-01	6.239882e-03
3.700000000000000e+00	5.690698e-01	6.442246e-03
3.800000000000000e+00	5.706702e-01	6.644715e-03
3.900000000000000e+00	5.722233e-01	6.847280e-03
4.000000000000000e+00	5.737318e-01	7.049937e-03
4.100000000000001e+00	5.751981e-01	7.252681e-03
4.200000000000000e+00	5.766246e-01	7.455507e-03
4.300000000000000e+00	5.780133e-01	7.658411e-03
4.400000000000000e+00	5.793662e-01	7.861388e-03
4.500000000000000e+00	5.806851e-01	8.064436e-03
4.600000000000001e+00	5.819715e-01	8.267550e-03
4.700000000000000e+00	5.832272e-01	8.470727e-03
4.800000000000001e+00	5.844534e-01	8.673966e-03
4.900000000000000e+00	5.856516e-01	8.877262e-03
5.000000000000000e+00	5.868229e-01	9.080612e-03
5.100000000000001e+00	5.879686e-01	9.284017e-03
5.200000000000000e+00	5.890898e-01	9.487471e-03
5.300000000000001e+00	5.901874e-01	9.690974e-03
5.400000000000000e+00	5.912624e-01	9.894523e-03
5.500000000000000e+00	5.923158e-01	1.009812e-02
5.600000000000001e+00	5.933484e-01	1.030175e-02
5.700000000000000e+00	5.943609e-01	1.050543e-02
5.800000000000001e+00	5.953543e-01	1.070915e-02
5.900000000000000e+00	5.963290e-01	1.091290e-02
6.000000000000000e+00	5.972859e-01	1.111670e-02
6.100000000000001e+00	5.982257e-01	1.132052e-02
6.200000000000000e+00	5.991487e-01	1.152439e-02
6.300000000000001e+00	6.000558e-01	1.172828e-02
6.400000000000000e+00	6.009473e-01	1.193221e-02
6.500000000000000e+00	6.018238e-01	1.213617e-02
6.600000000000001e+00	6.026859e-01	1.234015e-02
6.700000000000000e+00	6.035340e-01	1.254417e-02
6.800000000000001e+00	6.043684e-01	1.274821e-02
6.900000000000000e+00	6.051898e-01	1.295228e-02
7.000000000000000e+00	6.059984e-01	1.315638e-02
7.100000000000001e+00	6.067947e-01	1.336050e-02
7.200000000000000e+00	6.075790e-01	1.356465e-02
7.300000000000001e+00	6.083516e-01	1.376882e-02
7.400000000000000e+00	6.091130e-01	1.397302e-02
7.500000000000000e+00	6.098634e-01	1.417724e-02
7.600000000000001e+00	6.106032e-01	1.438148e-02
7.700000000000000e+00	6.113325e-01	1.458574e-02
7.800000000000001e+00	6.120518e-01	1.479002e-02
7.900000000000000e+00	6.127614e-01	1.499432e-02
8.000000000000000e+00	6.134614e-01	1.519864e-02
8.100000000000000e+00	6.141521e-01	1.540298e-02
8.200000000000001e+00	6.148338e-01	1.560734e-02
8.300000000000001e+00	6.155066e-01	1.581172e-02
8.400000000000000e+00	6.161709e-01	1.601611e-02
8.500000000000000e+00	6.168268e-01	1.622052e-02
8.600000000000000e+00	6.174746e-01	1.642495e-02
8.700000000000001e+00	6.181144e-01	1.662939e-02
8.800000000000001e+00	6.187463e-01	1.683385e-02
8.900000000000000e+00	6.193708e-01	1.703833e-02
9.000000000000000e+00	6.199878e-01	1.724282e-02
9.100000000000000e+00	6.205976e-01	1.744733e-02
9.200000000000001e+00	6.212003e-01	1.765185e-02
9.300000000000001e+00	6.217962e-01	1.785639e-02
9.400000000000000e+00	6.223853e-01	1.806094e-02
9.500000000000000e+00	6.229677e-01	1.826550e-02
9.600000000000001e+00	6.235438e-01	1.847007e-02
9.700000000000001e+00	6.241135e-01	1.867466e-02
9.800000000000001e+00	6.246771e-01	1.887926e-02
9.900000000000000e+00	6.252346e-01	1.908388e-02
1.000000000000000e+01	6.257862e-01	1.928851e-02
1.010000000000000e+01	6.263320e-01	1.949314e-02
1.020000000000000e+01	6.268721e-01	1.969779e-02
1.030000000000000e+01	6.274067e-01	1.990245e-02
1.040000000000000e+01	6.279359e-01	2.010713e-02
1.050000000000000e+01	6.284597e-01	2.031181e-02
1.060000000000000e+01	6.289783e-01	2.051651e-02
1.070000000000000e+01	6.294917e-01	2.072121e-02
1.080000000000000e+01	6.300002e-01	2.092593e-02
1.090000000000000e+01	6.305037e-01	2.113065e-02
1.100000000000000e+01	6.310024e-01	2.133539e-02
1.110000000000000e+01	6.314964e-01	2.154013e-02
1.120000000000000e+01	6.319857e-01	2.174489e-02
1.130000000000000e+01	6.324704e-01	2.194965e-02
1.140000000000000e+01	6.329507e-01	2.215442e-02
1.150000000000000e+01	6.334265e-01	2.235921e-02
1.160000000000000e+01	6.338981e-01	2.256400e-02
1.170000000000000e+01	6.343654e-01	2.276880e-02
1.180000000000000e+01	6.348286e-01	2.297360e-02
1.190000000000000e+01	6.352876e-01	2.317842e-02
1.200000000000000e+01	6.357426e-01	2.338324e-02
1.210000000000000e+01	6.361937e-01	2.358808e-02
1.220000000000000e+01	6.366409e-01	2.379292e-02
1.230000000000000e+01	6.370842e-01	2.399777e-02
1.240000000000000e+01	6.375239e-01	2.420263e-02
1.250000000000000e+01	6.379598e-01	2.440749e-02
1.260000000000000e+01	6.383922e-01	2.461236e-02
1.270000000000000e+01	6.388209e-01	2.481724e-02
1.280000000000000e+01	6.392461e-01	2.502213e-02
1.290000000000000e+01	6.396679e-01	2.522702e-02
1.300000000000000e+01	6.400862e-01	2.543192e-02
1.310000000000000e+01	6.405013e-01	2.563683e-02
1.320000000000000e+01	6.409130e-01	2.584174e-02
1.330000000000000e+01	6.413215e-01	2.604666e-02
1.340000000000000e+01	6.417269e-01	2.625159e-02
1.350000000000000e+01	6.421291e-01	2.645653e-02
1.360000000000000e+01	6.425281e-01	2.666146e-02
1.370000000000000e+01	6.429242e-01	2.686641e-02
1.380000000000000e+01	6.433172e-01	2.707136e-02
1.390000000000000e+01	6.437073e-01	2.727632e-02
1.400000000000000e+01	6.440945e-01	2.748129e-02
1.410000000000000e+01	6.444788e-01	2.768626e-02
1.420000000000000e+01	6.448603e-01	2.789123e-02
1.430000000000000e+01	6.452390e-01	2.809622e-02
1.440000000000000e+01	6.456150e-01	2.830120e-02
1.450000000000000e+01	6.459882e-01	2.850620e-02
1.460000000000000e+01	6.463588e-01	2.871120e-02
1.470000000000000e+01	6.467268e-01	2.891620e-02
1.480000000000000e+01	6.470922e-01	2.912121e-02
1.490000000000000e+01	6.474550e-01	2.932622e-02
1.500000000000000e+01	6.478153e-01	2.953124e-02
1.510000000000000e+01	6.481732e-01	2.973627e-02
1.520000000000000e+01	6.485285e-01	2.994130e-02
1.530000000000000e+01	6.488815e-01	3.014633e-02
1.540000000000000e+01	6.492321e-01	3.035137e-02
1.550000000000000e+01	6.495803e-01	3.055642e-02
1.560000000000000e+01	6.499262e-01	3.076147e-02
1.570000000000000e+01	6.502698e-01	3.096652e-02
1.580000000000000e+01	6.506112e-01	3.117158e-02
1.590000000000000e+01	6.509503e-01	3.137664e-02
1.600000000000000e+01	6.512872e-01	3.158171e-02
1.610000000000000e+01	6.516219e-01	3.178678e-02
1.620000000000000e+01	6.519545e-01	3.199186e-02
1.630000000000000e+01	6.522850e-01	3.219694e-02
1.640000000000000e+01	6.526134e-01	3.240203e-02
1.650000000000000e+01	6.529397e-01	3.260712e-02
1.660000000000000e+01	6.532640e-01	3.281222e-02
1.670000000000000e+01	6.535863e-01	3.301731e-02
1.680000000000000e+01	6.539066e-01	3.322241e-02
1.690000000000000e+01	6.542249e-01	3.342752e-02
1.700000000000000e+01	6.545413e-01	3.363263e-02
1.710000000000000e+01	6.548557e-01	3.383775e-02
1.720000000000000e+01	6.551683e-01	3.404287e-02
1.730000000000000e+01	6.554790e-01	3.424799e-02
1.740000000000000e+01	6.557878e-01	3.445311e-02
1.750000000000000e+01	6.560948e-01	3.465824e-02
1.760000000000000e+01	6.564001e-01	3.486338e-02
1.770000000000000e+01	6.567035e-01	3.506851e-02
1.780000000000000e+01	6.570052e-01	3.527365e-02
1.790000000000000e+01	6.573051e-01	3.547880e-02
1.800000000000000e+01	6.576033e-01	3.568394e-02
1.810000000000000e+01	6.578997e-01	3.588910e-02
1.820000000000000e+01	6.581945e-01	3.609425e-02
1.830000000000000e+01	6.584877e-01	3.629941e-02
1.840000000000000e+01	6.587792e-01	3.650457e-02
1.850000000000000e+01	6.590691e-01	3.670973e-02
1.860000000000000e+01	6.593573e-01	3.691490e-02
1.870000000000000e+01	6.596439e-01	3.712007e-02
1.880000000000000e+01	6.599290e-01	3.732525e-02
1.890000000000000e+01	6.602126e-01	3.753043e-02
1.900000000000000e+01	6.604946e-01	3.773561e-02
1.910000000000000e+01	6.607750e-01	3.794079e-02
1.920000000000000e+01	6.610540e-01	3.814598e-02
1.930000000000000e+01	6.613314e-01	3.835117e-02
1.940000000000000e+01	6.616074e-01	3.855636e-02
1.950000000000000e+01	6.618819e-01	3.876156e-02
1.960000000000000e+01	6.621550e-01	3.896676e-02
1.970000000000000e+01	6.624266e-01	3.917196e-02
1.980000000000000e+01	6.626968e-01	3.937717e-02
1.990000000000000e+01	6.629657e-01	3.958238e-02
2.000000000000000e+01	6.632331e-01	3.978759e-02
2.010000000000000e+01	6.634992e-01	3.999280e-02
2.020000000000000e+01	6.637639e-01	4.019802e-02
2.030000000000000e+01	6.640273e-01	4.040324e-02
2.040000000000000e+01	6.642893e-01	4.060846e-02
2.050000000000000e+01	6.645500e-01	4.081368e-02
2.060000000000000e+01	6.648094e-01	4.101891e-02
2.070000000000000e+01	6.650676e-01	4.122414e-02
2.080000000000000e+01	6.653244e-01	4.142937e-02
2.090000000000000e+01	6.655800e-01	4.163461e-02
2.100000000000000e+01	6.658342e-01	4.183985e-02
2.110000000000000e+01	6.660873e-01	4.204509e-02
2.120000000000000e+01	6.663392e-01	4.225033e-02
2.130000000000000e+01	6.665899e-01	4.245558e-02
2.140000000000000e+01	6.668393e-01	4.266082e-02
2.150000000000000e+01	6.670875e-01	4.286607e-02
2.160000000000000e+01	6.673346e-01	4.307133e-02
2.170000000000000e+01	6.675804e-01	4.327658e-02
2.180000000000000e+01	6.678252e-01	4.348184e-02
2.190000000000000e+01	6.680687e-01	4.368710e-02
2.200000000000000e+01	6.683112e-01	4.389236e-02
2.210000000000000e+01	6.685525e-01	4.409763e-02
2.220000000000000e+01	6.687927e-01	4.430290e-02
2.230000000000000e+01	6.690317e-01	4.450817e-02
2.240000000000000e+01	6.692697e-01	4.471344e-02
2.250000000000000e+01	6.695066e-01	4.491871e-02
2.260000000000000e+01	6.697424e-01	4.512399e-02
2.270000000000000e+01	6.699772e-01	4.532927e-02
2.280000000000000e+01	6.702108e-01	4.553455e-02
2.290000000000000e+01	6.704435e-01	4.573983e-02
2.300000000000000e+01	6.706751e-01	4.594511e-02
2.310000000000000e+01	6.709056e-01	4.615040e-02
2.320000000000000e+01	6.711352e-01	4.635569e-02
2.330000000000000e+01	6.713638e-01	4.656098e-02
2.340000000000000e+01	6.715913e-01	4.676627e-02
2.350000000000000e+01	6.718178e-01	4.697157e-02
2.360000000000000e+01	6.720434e-01	4.717686e-02
2.370000000000000e+01	6.722680e-01	4.738216e-02
2.380000000000000e+01	6.724916e-01	4.758747e-02
2.390000000000000e+01	6.727142e-01	4.779277e-02
2.400000000000000e+01	6.729359e-01	4.799807e-02
2.410000000000000e+01	6.731567e-01	4.820338e-02
2.420000000000000e+01	6.733765e-01	4.840869e-02
2.430000000000000e+01	6.735954e-01	4.861400e-02
2.440000000000000e+01	6.738133e-01	4.881931e-02
2.450000000000000e+01	6.740304e-01	4.902463e-02
2.460000000000000e+01	6.742465e-01	4.922995e-02
2.470000000000000e+01	6.744618e-01	4.943527e-02
2.480000000000000e+01	6.746761e-01	4.964058e-02
2.490000000000000e+01	6.748896e-01	4.984591e-02
2.500000000000000e+01	6.751022e-01	5.005123e-02
Step Information: Temp=75  (Step: 3/3)
0.000000000000000e+00	0.000000e+00	0.000000e+00
1.000000000000000e-01	9.457465e-02	1.116329e-05
2.000000000000000e-01	1.753210e-01	5.078190e-05
3.000000000000000e-01	2.332929e-01	1.373659e-04
4.000000000000000e-01	2.720202e-01	2.634893e-04
5.000000000000000e-01	2.990082e-01	4.136055e-04
6.000000000000001e-01	3.190973e-01	5.779971e-04
7.000000000000001e-01	3.349953e-01	7.529451e-04
8.000000000000000e-01	3.478137e-01	9.316818e-04
9.000000000000000e-01	3.586091e-01	1.114614e-03
1.000000000000000e+00	3.679230e-01	1.300969e-03
1.100000000000000e+00	3.760908e-01	1.489797e-03
1.200000000000000e+00	3.833529e-01	1.680535e-03
1.300000000000000e+00	3.898840e-01	1.872805e-03
1.400000000000000e+00	3.958139e-01	2.066330e-03
1.500000000000000e+00	4.012412e-01	2.260899e-03
1.600000000000000e+00	4.062424e-01	2.456353e-03
1.700000000000000e+00	4.108781e-01	2.652563e-03
1.800000000000000e+00	4.151971e-01	2.849428e-03
1.900000000000000e+00	4.192391e-01	3.046865e-03
2.000000000000000e+00	4.230368e-01	3.244807e-03
2.100000000000000e+00	4.266176e-01	3.443196e-03
2.200000000000000e+00	4.300045e-01	3.641985e-03
2.300000000000000e+00	4.332172e-01	3.841133e-03
2.400000000000000e+00	4.362724e-01	4.040605e-03
2.500000000000000e+00	4.391847e-01	4.240373e-03
2.600000000000000e+00	4.419666e-01	4.440408e-03
2.700000000000000e+00	4.446292e-01	4.640690e-03
2.800000000000000e+00	4.471821e-01	4.841197e-03
2.900000000000000e+00	4.496340e-01	5.041912e-03
3.000000000000000e+00	4.519925e-01	5.242820e-03
3.100000000000000e+00	4.542642e-01	5.443906e-03
3.200000000000000e+00	4.564554e-01	5.645159e-03
3.300000000000000e+00	4.585714e-01	5.846566e-03
3.400000000000000e+00	4.606173e-01	6.048117e-03
3.500000000000000e+00	4.625974e-01	6.249803e-03
3.600000000000000e+00	4.645158e-01	6.451617e-03
3.700000000000000e+00	4.663763e-01	6.653550e-03
3.800000000000000e+00	4.681821e-01	6.855595e-03
3.900000000000000e+00	4.699364e-01	7.057746e-03
4.000000000000000e+00	4.716420e-01	7.259998e-03
4.100000000000001e+00	4.733016e-01	7.462345e-03
4.200000000000000e+00	4.749174e-01	7.664781e-03
4.300000000000000e+00	4.764918e-01	7.867303e-03
4.400000000000000e+00	4.780268e-01	8.069905e-03
4.500000000000000e+00	4.795243e-01	8.272585e-03
4.600000000000001e+00	4.809861e-01	8.475339e-03
4.700000000000000e+00	4.824139e-01	8.678162e-03
4.800000000000001e+00	4.838091e-01	8.881053e-03
4.900000000000000e+00	4.851733e-01	9.084007e-03
5.000000000000000e+00	4.865077e-01	9.287022e-03
5.100000000000001e+00	4.878136e-01	9.490097e-03
5.200000000000000e+00	4.890922e-01	9.693227e-03
5.300000000000001e+00	4.903447e-01	9.896411e-03
5.400000000000000e+00	4.915720e-01	1.009965e-02
5.500000000000000e+00	4.927751e-01	1.030293e-02
5.600000000000001e+00	4.939551e-01	1.050627e-02
5.700000000000000e+00	4.951127e-01	1.070965e-02
5.800000000000001e+00	4.962487e-01	1.091307e-02
5.900000000000000e+00	4.973640e-01	1.111654e-02
6.000000000000000e+00	4.984593e-01	1.132004e-02
6.100000000000001e+00	4.995353e-01	1.152359e-02
6.200000000000000e+00	5.005927e-01	1.172718e-02
6.300000000000001e+00	5.016320e-01	1.193080e-02
6.400000000000000e+00	5.026540e-01	1.213446e-02
6.500000000000000e+00	5.036591e-01	1.233815e-02
6.600000000000001e+00	5.046479e-01	1.254188e-02
6.700000000000000e+00	5.056210e-01	1.274564e-02
6.800000000000001e+00	5.065787e-01	1.294943e-02
6.900000000000000e+00	5.075217e-01	1.315325e-02
7.000000000000000e+00	5.084503e-01	1.335710e-02
7.100000000000001e+00	5.093649e-01	1.356098e-02
7.200000000000000e+00	5.102661e-01	1.376489e-02
7.300000000000001e+00	5.111541e-01	1.396882e-02
7.400000000000000e+00	5.120293e-01	1.417278e-02
7.500000000000000e+00	5.128921e-01	1.437677e-02
7.600000000000001e+00	5.137429e-01	1.458078e-02
7.700000000000000e+00	5.145820e-01	1.478481e-02
7.800000000000001e+00	5.154096e-01	1.498887e-02
7.900000000000000e+00	5.162262e-01	1.519295e-02
8.000000000000000e+00	5.170320e-01	1.539705e-02
8.100000000000000e+00	5.178272e-01	1.560118e-02
8.200000000000001e+00	5.186122e-01	1.580532e-02
8.300000000000001e+00	5.193872e-01	1.600949e-02
8.400000000000000e+00	5.201524e-01	1.621368e-02
8.500000000000000e+00	5.209082e-01	1.641789e-02
8.600000000000000e+00	5.216547e-01	1.662211e-02
8.700000000000001e+00	5.223921e-01	1.682635e-02
8.800000000000001e+00	5.231206e-01	1.703062e-02
8.900000000000000e+00	5.238406e-01	1.723490e-02
9.000000000000000e+00	5.245522e-01	1.743919e-02
9.100000000000000e+00	5.252555e-01	1.764351e-02
9.200000000000001e+00	5.259508e-01	1.784784e-02
9.300000000000001e+00	5.266382e-01	1.805218e-02
9.400000000000000e+00	5.273179e-01	1.825655e-02
9.500000000000000e+00	5.279902e-01	1.846093e-02
9.600000000000001e+00	5.286550e-01	1.866532e-02
9.700000000000001e+00	5.293127e-01	1.886973e-02
9.800000000000001e+00	5.299633e-01	1.907415e-02
9.900000000000000e+00	5.306070e-01	1.927859e-02
1.000000000000000e+01	5.312440e-01	1.948304e-02
1.010000000000000e+01	5.318745e-01	1.968750e-02
1.020000000000000e+01	5.324984e-01	1.989198e-02
1.030000000000000e+01	5.331159e-01	2.009647e-02
1.040000000000000e+01	5.337273e-01	2.030097e-02
1.050000000000000e+01	5.343326e-01	2.050549e-02
1.060000000000000e+01	5.349319e-01	2.071002e-02
1.070000000000000e+01	5.355253e-01	2.091456e-02
1.080000000000000e+01	5.361130e-01	2.111911e-02
1.090000000000000e+01	5.366951e-01	2.132367e-02
1.100000000000000e+01	5.372717e-01	2.152825e-02
1.110000000000000e+01	5.378428e-01	2.173283e-02
1.120000000000000e+01	5.384086e-01	2.193743e-02
1.130000000000000e+01	5.389692e-01	2.214204e-02
1.140000000000000e+01	5.395247e-01	2.234666e-02
1.150000000000000e+01	5.400751e-01	2.255129e-02
1.160000000000000e+01	5.406206e-01	2.275592e-02
1.170000000000000e+01	5.411612e-01	2.296057e-02
1.180000000000000e+01	5.416971e-01	2.316523e-02
1.190000000000000e+01	5.422282e-01	2.336990e-02
1.200000000000000e+01	5.427548e-01	2.357458e-02
1.210000000000000e+01	5.432768e-01	2.377927e-02
1.220000000000000e+01	5.437944e-01	2.398396e-02
1.230000000000000e+01	5.443076e-01	2.418867e-02
1.240000000000000e+01	5.448165e-01	2.439338e-02
1.250000000000000e+01	5.453212e-01	2.459810e-02
1.260000000000000e+01	5.458217e-01	2.480284e-02
1.270000000000000e+01	5.463181e-01	2.500758e-02
1.280000000000000e+01	5.468105e-01	2.521232e-02
1.290000000000000e+01	5.472989e-01	2.541708e-02
1.300000000000000e+01	5.477834e-01	2.562184e-02
1.310000000000000e+01	5.482641e-01	2.582662e-02
1.320000000000000e+01	5.487410e-01	2.603140e-02
1.330000000000000e+01	5.492142e-01	2.623618e-02
1.340000000000000e+01	5.496838e-01	2.644098e-02
1.350000000000000e+01	5.501497e-01	2.664578e-02
1.360000000000000e+01	5.506121e-01	2.685059e-02
1.370000000000000e+01	5.510710e-01	2.705541e-02
1.380000000000000e+01	5.515264e-01	2.726023e-02
1.390000000000000e+01	5.519784e-01	2.746506e-02
1.400000000000000e+01	5.524271e-01	2.766990e-02
1.410000000000000e+01	5.528725e-01	2.787475e-02
1.420000000000000e+01	5.533147e-01	2.807960e-02
1.430000000000000e+01	5.537537e-01	2.828446e-02
1.440000000000000e+01	5.541894e-01	2.848932e-02
1.450000000000000e+01	5.546222e-01	2.869419e-02
1.460000000000000e+01	5.550517e-01	2.889907e-02
1.470000000000000e+01	5.554784e-01	2.910395e-02
1.480000000000000e+01	5.559020e-01	2.930884e-02
1.490000000000000e+01	5.563227e-01	2.951374e-02
1.500000000000000e+01	5.567405e-01	2.971864e-02
1.510000000000000e+01	5.571554e-01	2.992355e-02
1.520000000000000e+01	5.575675e-01	3.012846e-02
1.530000000000000e+01	5.579768e-01	3.033338e-02
1.540000000000000e+01	5.583835e-01	3.053831e-02
1.550000000000000e+01	5.587873e-01	3.074324e-02
1.560000000000000e+01	5.591885e-01	3.094817e-02
1.570000000000000e+01	5.595871e-01	3.115311e-02
1.580000000000000e+01	5.599831e-01	3.135806e-02
1.590000000000000e+01	5.603765e-01	3.156301e-02
1.600000000000000e+01	5.607673e-01	3.176797e-02
1.610000000000000e+01	5.611557e-01	3.197293e-02
1.620000000000000e+01	5.615416e-01	3.217790e-02
1.630000000000000e+01	5.619250e-01	3.238287e-02
1.640000000000000e+01	5.623060e-01	3.258785e-02
1.650000000000000e+01	5.626847e-01	3.279283e-02
1.660000000000000e+01	5.630610e-01	3.299782e-02
1.670000000000000e+01	5.634350e-01	3.320281e-02
1.680000000000000e+01	5.638067e-01	3.340780e-02
1.690000000000000e+01	5.641761e-01	3.361281e-02
1.700000000000000e+01	5.645432e-01	3.381781e-02
1.710000000000000e+01	5.649083e-01	3.402282e-02
1.720000000000000e+01	5.652710e-01	3.422784e-02
1.730000000000000e+01	5.656317e-01	3.443286e-02
1.740000000000000e+01	5.659901e-01	3.463788e-02
1.750000000000000e+01	5.663466e-01	3.484291e-02
1.760000000000000e+01	5.667009e-01	3.504794e-02
1.770000000000000e+01	5.670531e-01	3.525298e-02
1.780000000000000e+01	5.674033e-01	3.545802e-02
1.790000000000000e+01	5.677515e-01	3.566306e-02
1.800000000000000e+01	5.680977e-01	3.586811e-02
1.810000000000000e+01	5.684420e-01	3.607316e-02
1.820000000000000e+01	5.687843e-01	3.627822e-02
1.830000000000000e+01	5.691246e-01	3.648328e-02
1.840000000000000e+01	5.694631e-01	3.668835e-02
1.850000000000000e+01	5.697997e-01	3.689342e-02
1.860000000000000e+01	5.701345e-01	3.709849e-02
1.870000000000000e+01	5.704674e-01	3.730357e-02
1.880000000000000e+01	5.707985e-01	3.750864e-02
1.890000000000000e+01	5.711277e-01	3.771373e-02
1.900000000000000e+01	5.714552e-01	3.791882e-02
1.910000000000000e+01	5.717810e-01	3.812391e-02
1.920000000000000e+01	5.721050e-01	3.832900e-02
1.930000000000000e+01	5.724272e-01	3.853410e-02
1.940000000000000e+01	5.727478e-01	3.873920e-02
1.950000000000000e+01	5.730667e-01	3.894431e-02
1.960000000000000e+01	5.733839e-01	3.914941e-02
1.970000000000000e+01	5.736995e-01	3.935453e-02
1.980000000000000e+01	5.740134e-01	3.955964e-02
1.990000000000000e+01	5.743257e-01	3.976476e-02
2.000000000000000e+01	5.746364e-01	3.996988e-02
2.010000000000000e+01	5.749455e-01	4.017501e-02
2.020000000000000e+01	5.752531e-01	4.038014e-02
2.030000000000000e+01	5.755591e-01	4.058527e-02
2.040000000000000e+01	5.758635e-01	4.079041e-02
2.050000000000000e+01	5.761665e-01	4.099554e-02
2.060000000000000e+01	5.764679e-01	4.120068e-02
2.070000000000000e+01	5.767678e-01	4.140583e-02
2.080000000000000e+01	5.770663e-01	4.161097e-02
2.090000000000000e+01	5.773633e-01	4.181613e-02
2.100000000000000e+01	5.776588e-01	4.202128e-02
2.110000000000000e+01	5.779529e-01	4.222643e-02
2.120000000000000e+01	5.782456e-01	4.243159e-02
2.130000000000000e+01	5.785369e-01	4.263676e-02
2.140000000000000e+01	5.788268e-01	4.284192e-02
2.150000000000000e+01	5.791153e-01	4.304709e-02
2.160000000000000e+01	5.794024e-01	4.325226e-02
2.170000000000000e+01	5.796882e-01	4.345743e-02
2.180000000000000e+01	5.799727e-01	4.366261e-02
2.190000000000000e+01	5.802557e-01	4.386779e-02
2.200000000000000e+01	5.805376e-01	4.407297e-02
2.210000000000000e+01	5.808181e-01	4.427815e-02
2.220000000000000e+01	5.810972e-01	4.448334e-02
2.230000000000000e+01	5.813752e-01	4.468853e-02
2.240000000000000e+01	5.816518e-01	4.489372e-02
2.250000000000000e+01	5.819272e-01	4.509892e-02
2.260000000000000e+01	5.822014e-01	4.530411e-02
2.270000000000000e+01	5.824742e-01	4.550931e-02
2.280000000000000e+01	5.827459e-01	4.571452e-02
2.290000000000000e+01	5.830164e-01	4.591972e-02
2.300000000000000e+01	5.832857e-01	4.612493e-02
2.310000000000000e+01	5.835537e-01	4.633014e-02
2.320000000000000e+01	5.838206e-01	4.653535e-02
2.330000000000000e+01	5.840864e-01	4.674056e-02
2.340000000000000e+01	5.843509e-01	4.694578e-02
2.350000000000000e+01	5.846143e-01	4.715100e-02
2.360000000000000e+01	5.848766e-01	4.735622e-02
2.370000000000000e+01	5.851377e-01	4.756144e-02
2.380000000000000e+01	5.853977e-01	4.776667e-02
2.390000000000000e+01	5.856566e-01	4.797190e-02
2.400000000000000e+01	5.859144e-01	4.817713e-02
2.410000000000000e+01	5.861712e-01	4.838236e-02
2.420000000000000e+01	5.864268e-01	4.858760e-02
2.430000000000000e+01	5.866813e-01	4.879284e-02
2.440000000000000e+01	5.869348e-01	4.899808e-02
2.450000000000000e+01	5.871872e-01	4.920332e-02
2.460000000000000e+01	5.874386e-01	4.940856e-02
2.470000000000000e+01	5.876890e-01	4.961381e-02
2.480000000000000e+01	5.879382e-01	4.981906e-02
2.490000000000000e+01	5.881866e-01	5.002431e-02
2.500000000000000e+01	5.884338e-01	5.022956e-02
