time	I(D1)
0.000000000000000e+00	-1.250100e-07
1.953124890551744e-13	3.781155e-06
3.906249781103488e-13	7.687237e-06
7.812499562206976e-13	1.549923e-05
1.562499912441395e-12	3.112221e-05
3.124999824882790e-12	6.236413e-05
6.249999649765581e-12	1.248318e-04
1.249999929953116e-11	2.497028e-04
2.499999859906232e-11	4.991876e-04
4.999999719812465e-11	9.971341e-04
9.999999439624929e-11	1.988980e-03
1.999999887924986e-10	3.956844e-03
3.999999775849972e-10	7.832167e-03
7.999999551699943e-10	1.536516e-02
1.000000000000000e-09	1.897336e-02
1.599999910339989e-09	1.779987e-02
2.423148154786217e-09	1.641383e-02
3.811096529780305e-09	1.442337e-02
6.586993279768482e-09	1.160124e-02
7.008779144478519e-09	1.130802e-02
7.852350873898593e-09	1.070730e-02
9.539494332738742e-09	9.883781e-03
9.961280197448779e-09	9.875537e-03
1.080485192686885e-08	9.813345e-03
1.249199538570900e-08	9.778858e-03
1.586628230338930e-08	9.732085e-03
2.261485613874990e-08	9.688615e-03
3.611200380947109e-08	9.648657e-03
5.564325380947109e-08	9.818085e-03
7.517450380947109e-08	9.604127e-03
9.470575380947109e-08	9.950540e-03
1.142370038094711e-07	9.721329e-03
1.337682538094711e-07	9.652651e-03
1.532995038094711e-07	9.599387e-03
1.728307538094711e-07	9.574443e-03
1.923620038094711e-07	9.558883e-03
2.118932538094711e-07	9.548309e-03
2.314245038094711e-07	9.540346e-03
2.509557538094711e-07	9.533974e-03
2.704870038094711e-07	9.528656e-03
2.900182538094711e-07	9.524078e-03
3.095495038094711e-07	9.520048e-03
3.290807538094711e-07	9.516441e-03
3.486120038094711e-07	9.513170e-03
3.681432538094711e-07	9.510173e-03
3.876745038094711e-07	9.507403e-03
4.072057538094711e-07	9.504827e-03
4.267370038094711e-07	9.502418e-03
4.462682538094711e-07	9.500155e-03
4.657995038094711e-07	9.498021e-03
4.853307538094711e-07	9.496001e-03
5.048620038094710e-07	9.494083e-03
5.243932538094711e-07	9.492259e-03
5.439245038094711e-07	9.490519e-03
5.634557538094712e-07	9.488856e-03
5.829870038094712e-07	9.487265e-03
6.025182538094713e-07	9.485738e-03
6.220495038094713e-07	9.484272e-03
6.415807538094714e-07	9.482862e-03
6.611120038094714e-07	9.481505e-03
6.806432538094715e-07	9.480197e-03
7.001745038094715e-07	9.478935e-03
7.197057538094716e-07	9.477716e-03
7.392370038094716e-07	9.476538e-03
7.587682538094717e-07	9.475397e-03
7.782995038094717e-07	9.474292e-03
7.978307538094718e-07	9.473222e-03
8.173620038094718e-07	9.472185e-03
8.368932538094719e-07	9.471178e-03
8.564245038094719e-07	9.470200e-03
8.759557538094720e-07	9.469250e-03
8.954870038094720e-07	9.468326e-03
9.150182538094721e-07	9.467429e-03
9.345495038094721e-07	9.466554e-03
9.540807538094722e-07	9.465704e-03
9.736120038094722e-07	9.464875e-03
9.931432538094723e-07	9.464066e-03
1.012674503809472e-06	9.463280e-03
1.032205753809472e-06	9.462511e-03
1.051737003809472e-06	9.461762e-03
1.071268253809472e-06	9.461031e-03
1.090799503809473e-06	9.460317e-03
1.110330753809473e-06	9.459619e-03
1.129862003809473e-06	9.458939e-03
1.149393253809473e-06	9.458273e-03
1.168924503809473e-06	9.457622e-03
1.188455753809473e-06	9.456986e-03
1.207987003809473e-06	9.456363e-03
1.227518253809473e-06	9.455753e-03
1.247049503809473e-06	9.455157e-03
1.266580753809473e-06	9.454574e-03
1.286112003809473e-06	9.454003e-03
1.305643253809473e-06	9.453443e-03
1.325174503809473e-06	9.452894e-03
1.344705753809473e-06	9.452357e-03
1.364237003809473e-06	9.451831e-03
1.383768253809473e-06	9.451315e-03
1.403299503809473e-06	9.450808e-03
1.422830753809473e-06	9.450313e-03
1.442362003809473e-06	9.449826e-03
1.461893253809474e-06	9.449348e-03
1.481424503809474e-06	9.448879e-03
1.500955753809474e-06	9.448420e-03
1.520487003809474e-06	9.447969e-03
1.540018253809474e-06	9.447526e-03
1.559549503809474e-06	9.447091e-03
1.579080753809474e-06	9.446664e-03
1.598612003809474e-06	9.446245e-03
1.618143253809474e-06	9.445832e-03
1.637674503809474e-06	9.445428e-03
1.657205753809474e-06	9.445030e-03
1.676737003809474e-06	9.444639e-03
1.696268253809474e-06	9.444255e-03
1.715799503809474e-06	9.443877e-03
1.735330753809474e-06	9.443507e-03
1.754862003809474e-06	9.443142e-03
1.774393253809474e-06	9.442783e-03
1.793924503809474e-06	9.442430e-03
1.813455753809474e-06	9.442083e-03
1.832987003809474e-06	9.441742e-03
1.852518253809475e-06	9.441406e-03
1.872049503809475e-06	9.441075e-03
1.891580753809475e-06	9.440750e-03
1.911112003809474e-06	9.440430e-03
1.930643253809475e-06	9.440115e-03
1.950174503809475e-06	9.439806e-03
1.969705753809475e-06	9.439500e-03
1.989237003809475e-06	9.439200e-03
2.008768253809475e-06	9.438904e-03
2.028299503809475e-06	9.438612e-03
2.047830753809475e-06	9.438327e-03
2.067362003809475e-06	9.438043e-03
2.086893253809475e-06	9.437766e-03
2.106424503809475e-06	9.437492e-03
2.125955753809475e-06	9.437222e-03
2.145487003809475e-06	9.436957e-03
2.165018253809475e-06	9.436695e-03
2.184549503809475e-06	9.436437e-03
2.204080753809475e-06	9.436183e-03
2.223612003809475e-06	9.435932e-03
2.243143253809475e-06	9.435685e-03
2.262674503809475e-06	9.435442e-03
2.282205753809475e-06	9.435202e-03
2.301737003809476e-06	9.434965e-03
2.321268253809476e-06	9.434733e-03
2.340799503809476e-06	9.434504e-03
2.360330753809476e-06	9.434277e-03
2.379862003809476e-06	9.434054e-03
2.399393253809476e-06	9.433834e-03
2.418924503809476e-06	9.433617e-03
2.438455753809476e-06	9.433403e-03
2.457987003809476e-06	9.433191e-03
2.477518253809476e-06	9.432984e-03
2.497049503809476e-06	9.432778e-03
2.516580753809476e-06	9.432576e-03
2.536112003809476e-06	9.432375e-03
2.555643253809476e-06	9.432179e-03
2.575174503809476e-06	9.431984e-03
2.594705753809476e-06	9.431792e-03
2.614237003809476e-06	9.431603e-03
2.633768253809476e-06	9.431417e-03
2.653299503809476e-06	9.431233e-03
2.672830753809476e-06	9.431051e-03
2.692362003809477e-06	9.430871e-03
2.711893253809477e-06	9.430694e-03
2.731424503809477e-06	9.430520e-03
2.750955753809477e-06	9.430348e-03
2.770487003809477e-06	9.430178e-03
2.790018253809477e-06	9.430010e-03
2.809549503809477e-06	9.429844e-03
2.829080753809477e-06	9.429680e-03
2.848612003809477e-06	9.429519e-03
2.868143253809477e-06	9.429360e-03
2.887674503809477e-06	9.429202e-03
2.907205753809477e-06	9.429047e-03
2.926737003809477e-06	9.428893e-03
2.946268253809477e-06	9.428742e-03
2.965799503809477e-06	9.428592e-03
2.985330753809477e-06	9.428445e-03
3.004862003809477e-06	9.428299e-03
3.024393253809477e-06	9.428156e-03
3.043924503809477e-06	9.428013e-03
3.063455753809478e-06	9.427872e-03
3.082987003809478e-06	9.427735e-03
3.102518253809478e-06	9.427598e-03
3.122049503809478e-06	9.427462e-03
3.141580753809478e-06	9.427329e-03
3.161112003809478e-06	9.427196e-03
3.180643253809478e-06	9.427067e-03
3.200174503809478e-06	9.426937e-03
3.219705753809478e-06	9.426811e-03
3.239237003809478e-06	9.426685e-03
3.258768253809478e-06	9.426561e-03
3.278299503809478e-06	9.426438e-03
3.297830753809478e-06	9.426317e-03
3.317362003809478e-06	9.426198e-03
3.336893253809478e-06	9.426080e-03
3.356424503809478e-06	9.425963e-03
3.375955753809478e-06	9.425848e-03
3.395487003809478e-06	9.425734e-03
3.415018253809478e-06	9.425621e-03
3.434549503809478e-06	9.425510e-03
3.454080753809479e-06	9.425400e-03
3.473612003809479e-06	9.425292e-03
3.493143253809479e-06	9.425184e-03
3.512674503809479e-06	9.425079e-03
3.532205753809479e-06	9.424973e-03
3.551737003809479e-06	9.424870e-03
3.571268253809479e-06	9.424767e-03
3.590799503809479e-06	9.424666e-03
3.610330753809479e-06	9.424566e-03
3.629862003809479e-06	9.424468e-03
3.649393253809479e-06	9.424370e-03
3.668924503809479e-06	9.424273e-03
3.688455753809479e-06	9.424178e-03
3.707987003809479e-06	9.424084e-03
3.727518253809479e-06	9.423990e-03
3.747049503809479e-06	9.423899e-03
3.766580753809479e-06	9.423807e-03
3.786112003809479e-06	9.423717e-03
3.805643253809479e-06	9.423628e-03
3.825174503809479e-06	9.423540e-03
3.844705753809480e-06	9.423453e-03
3.864237003809480e-06	9.423367e-03
3.883768253809480e-06	9.423282e-03
3.903299503809480e-06	9.423198e-03
3.922830753809480e-06	9.423115e-03
3.942362003809480e-06	9.423033e-03
3.961893253809480e-06	9.422951e-03
3.981424503809480e-06	9.422871e-03
4.000955753809480e-06	9.422792e-03
4.020487003809480e-06	9.422714e-03
4.040018253809480e-06	9.422636e-03
4.059549503809480e-06	9.422559e-03
4.079080753809480e-06	9.422484e-03
4.098612003809480e-06	9.422408e-03
4.118143253809480e-06	9.422334e-03
4.137674503809480e-06	9.422261e-03
4.157205753809480e-06	9.422189e-03
4.176737003809480e-06	9.422117e-03
4.196268253809480e-06	9.422046e-03
4.215799503809481e-06	9.421975e-03
4.235330753809481e-06	9.421906e-03
4.254862003809481e-06	9.421838e-03
4.274393253809481e-06	9.421770e-03
4.293924503809481e-06	9.421702e-03
4.313455753809481e-06	9.421636e-03
4.332987003809481e-06	9.421571e-03
4.352518253809481e-06	9.421506e-03
4.372049503809481e-06	9.421442e-03
4.391580753809481e-06	9.421378e-03
4.411112003809481e-06	9.421316e-03
4.430643253809481e-06	9.421254e-03
4.450174503809481e-06	9.421192e-03
4.469705753809481e-06	9.421132e-03
4.489237003809481e-06	9.421071e-03
4.508768253809481e-06	9.421012e-03
4.528299503809481e-06	9.420954e-03
4.547830753809481e-06	9.420895e-03
4.567362003809481e-06	9.420837e-03
4.586893253809481e-06	9.420780e-03
4.606424503809482e-06	9.420725e-03
4.625955753809482e-06	9.420669e-03
4.645487003809482e-06	9.420614e-03
4.665018253809482e-06	9.420560e-03
4.684549503809482e-06	9.420506e-03
4.704080753809482e-06	9.420453e-03
4.723612003809482e-06	9.420400e-03
4.743143253809482e-06	9.420347e-03
4.762674503809482e-06	9.420296e-03
4.782205753809482e-06	9.420245e-03
4.801737003809482e-06	9.420195e-03
4.821268253809482e-06	9.420144e-03
4.840799503809482e-06	9.420095e-03
4.860330753809482e-06	9.420047e-03
4.879862003809482e-06	9.419998e-03
4.899393253809482e-06	9.419951e-03
4.918924503809482e-06	9.419903e-03
4.938455753809482e-06	9.419857e-03
4.957987003809482e-06	9.419810e-03
4.977518253809483e-06	9.419764e-03
4.997049503809483e-06	9.419719e-03
5.000999999999999e-06	9.419709e-03
5.001999999999999e-06	-1.057449e-02
5.017999999999993e-06	-1.048669e-02
5.037449234795133e-06	-1.057814e-02
5.056980484795134e-06	-1.057694e-02
5.076511734795134e-06	-1.057579e-02
5.096042984795134e-06	-1.057459e-02
5.115574234795134e-06	-1.057338e-02
5.135105484795134e-06	-1.057215e-02
5.154636734795134e-06	-1.057091e-02
5.174167984795134e-06	-1.056964e-02
5.193699234795134e-06	-1.056836e-02
5.213230484795134e-06	-1.056706e-02
5.232761734795134e-06	-1.056573e-02
5.252292984795134e-06	-1.056439e-02
5.271824234795134e-06	-1.056302e-02
5.291355484795134e-06	-1.056163e-02
5.310886734795134e-06	-1.056022e-02
5.330417984795134e-06	-1.055878e-02
5.349949234795134e-06	-1.055732e-02
5.369480484795134e-06	-1.055582e-02
5.389011734795134e-06	-1.055430e-02
5.408542984795134e-06	-1.055275e-02
5.428074234795134e-06	-1.055116e-02
5.447605484795135e-06	-1.054954e-02
5.467136734795135e-06	-1.054789e-02
5.486667984795135e-06	-1.054620e-02
5.506199234795135e-06	-1.054446e-02
5.525730484795135e-06	-1.054269e-02
5.545261734795135e-06	-1.054087e-02
5.564792984795135e-06	-1.053900e-02
5.584324234795135e-06	-1.053708e-02
5.603855484795135e-06	-1.053510e-02
5.623386734795135e-06	-1.053306e-02
5.642917984795135e-06	-1.053096e-02
5.662449234795135e-06	-1.052880e-02
5.681980484795135e-06	-1.052655e-02
5.701511734795135e-06	-1.052423e-02
5.721042984795135e-06	-1.052182e-02
5.740574234795135e-06	-1.051931e-02
5.760105484795135e-06	-1.051669e-02
5.779636734795135e-06	-1.051396e-02
5.799167984795135e-06	-1.051110e-02
5.818699234795136e-06	-1.050808e-02
5.838230484795136e-06	-1.050491e-02
5.857761734795136e-06	-1.050153e-02
5.877292984795136e-06	-1.049794e-02
5.896824234795136e-06	-1.049410e-02
5.916355484795136e-06	-1.048994e-02
5.935886734795136e-06	-1.048542e-02
5.955417984795136e-06	-1.048045e-02
5.974949234795136e-06	-1.047491e-02
5.994480484795136e-06	-1.046864e-02
6.014011734795136e-06	-1.046139e-02
6.033542984795136e-06	-1.045277e-02
6.053074234795136e-06	-1.044217e-02
6.072605484795136e-06	-1.042850e-02
6.092136734795136e-06	-1.040972e-02
6.111667984795136e-06	-1.038167e-02
6.131199234795136e-06	-1.033475e-02
6.150730484795136e-06	-1.024320e-02
6.170261734795136e-06	-1.037589e-02
6.189792984795136e-06	-1.029549e-02
6.209324234795137e-06	-8.403829e-03
6.220286796937188e-06	-3.070655e-03
6.230748303220367e-06	-9.224429e-04
6.238718085891087e-06	-3.670741e-04
6.248782761917882e-06	-1.063080e-04
6.261370681301245e-06	-1.937991e-05
6.280901931301245e-06	5.886268e-07
6.300433181301245e-06	-1.515622e-07
6.319964431301245e-06	-1.240183e-07
6.339495681301246e-06	-1.250508e-07
6.359026931301246e-06	-1.250085e-07
6.378558181301246e-06	-1.250101e-07
6.398089431301246e-06	-1.250100e-07
6.417620681301246e-06	-1.250100e-07
6.437151931301246e-06	-1.250100e-07
6.456683181301246e-06	-1.250100e-07
6.476214431301246e-06	-1.250100e-07
6.495745681301246e-06	-1.250100e-07
6.515276931301246e-06	-1.250100e-07
6.534808181301246e-06	-1.250100e-07
6.554339431301246e-06	-1.250100e-07
6.573870681301246e-06	-1.250100e-07
6.593401931301246e-06	-1.250100e-07
6.612933181301246e-06	-1.250100e-07
6.632464431301246e-06	-1.250100e-07
6.651995681301246e-06	-1.250100e-07
6.671526931301246e-06	-1.250100e-07
6.691058181301246e-06	-1.250100e-07
6.710589431301246e-06	-1.250100e-07
6.730120681301247e-06	-1.250100e-07
6.749651931301247e-06	-1.250100e-07
6.769183181301247e-06	-1.250100e-07
6.788714431301247e-06	-1.250100e-07
6.808245681301247e-06	-1.250100e-07
6.827776931301247e-06	-1.250100e-07
6.847308181301247e-06	-1.250100e-07
6.866839431301247e-06	-1.250100e-07
6.886370681301247e-06	-1.250100e-07
6.905901931301247e-06	-1.250100e-07
6.925433181301247e-06	-1.250100e-07
6.944964431301247e-06	-1.250100e-07
6.964495681301247e-06	-1.250100e-07
6.984026931301247e-06	-1.250100e-07
7.003558181301247e-06	-1.250100e-07
7.023089431301247e-06	-1.250100e-07
7.042620681301247e-06	-1.250100e-07
7.062151931301247e-06	-1.250100e-07
7.081683181301247e-06	-1.250100e-07
7.101214431301248e-06	-1.250100e-07
7.120745681301248e-06	-1.250100e-07
7.140276931301248e-06	-1.250100e-07
7.159808181301248e-06	-1.250100e-07
7.179339431301248e-06	-1.250100e-07
7.198870681301248e-06	-1.250100e-07
7.218401931301248e-06	-1.250100e-07
7.237933181301248e-06	-1.250100e-07
7.257464431301248e-06	-1.250100e-07
7.276995681301248e-06	-1.250100e-07
7.296526931301248e-06	-1.250100e-07
7.316058181301248e-06	-1.250100e-07
7.335589431301248e-06	-1.250100e-07
7.355120681301248e-06	-1.250100e-07
7.374651931301248e-06	-1.250100e-07
7.394183181301248e-06	-1.250100e-07
7.413714431301248e-06	-1.250100e-07
7.433245681301248e-06	-1.250100e-07
7.452776931301248e-06	-1.250100e-07
7.472308181301248e-06	-1.250100e-07
7.491839431301249e-06	-1.250100e-07
7.511370681301249e-06	-1.250100e-07
7.530901931301249e-06	-1.250100e-07
7.550433181301249e-06	-1.250100e-07
7.569964431301249e-06	-1.250100e-07
7.589495681301249e-06	-1.250100e-07
7.609026931301249e-06	-1.250100e-07
7.628558181301249e-06	-1.250100e-07
7.648089431301249e-06	-1.250100e-07
7.667620681301248e-06	-1.250100e-07
7.687151931301247e-06	-1.250100e-07
7.706683181301247e-06	-1.250100e-07
7.726214431301246e-06	-1.250100e-07
7.745745681301245e-06	-1.250100e-07
7.765276931301244e-06	-1.250100e-07
7.784808181301243e-06	-1.250100e-07
7.804339431301243e-06	-1.250100e-07
7.823870681301242e-06	-1.250100e-07
7.843401931301241e-06	-1.250100e-07
7.862933181301240e-06	-1.250100e-07
7.882464431301239e-06	-1.250100e-07
7.901995681301239e-06	-1.250100e-07
7.921526931301238e-06	-1.250100e-07
7.941058181301237e-06	-1.250100e-07
7.960589431301236e-06	-1.250100e-07
7.980120681301235e-06	-1.250100e-07
7.999651931301235e-06	-1.250100e-07
8.019183181301234e-06	-1.250100e-07
8.038714431301233e-06	-1.250100e-07
8.058245681301232e-06	-1.250100e-07
8.077776931301231e-06	-1.250100e-07
8.097308181301231e-06	-1.250100e-07
8.116839431301230e-06	-1.250100e-07
8.136370681301229e-06	-1.250100e-07
8.155901931301228e-06	-1.250100e-07
8.175433181301227e-06	-1.250100e-07
8.194964431301227e-06	-1.250100e-07
8.214495681301226e-06	-1.250100e-07
8.234026931301225e-06	-1.250100e-07
8.253558181301224e-06	-1.250100e-07
8.273089431301223e-06	-1.250100e-07
8.292620681301223e-06	-1.250100e-07
8.312151931301222e-06	-1.250100e-07
8.331683181301221e-06	-1.250100e-07
8.351214431301220e-06	-1.250100e-07
8.370745681301219e-06	-1.250100e-07
8.390276931301219e-06	-1.250100e-07
8.409808181301218e-06	-1.250100e-07
8.429339431301217e-06	-1.250100e-07
8.448870681301216e-06	-1.250100e-07
8.468401931301216e-06	-1.250100e-07
8.487933181301215e-06	-1.250100e-07
8.507464431301214e-06	-1.250100e-07
8.526995681301213e-06	-1.250100e-07
8.546526931301212e-06	-1.250100e-07
8.566058181301212e-06	-1.250100e-07
8.585589431301211e-06	-1.250100e-07
8.605120681301210e-06	-1.250100e-07
8.624651931301209e-06	-1.250100e-07
8.644183181301208e-06	-1.250100e-07
8.663714431301208e-06	-1.250100e-07
8.683245681301207e-06	-1.250100e-07
8.702776931301206e-06	-1.250100e-07
8.722308181301205e-06	-1.250100e-07
8.741839431301204e-06	-1.250100e-07
8.761370681301204e-06	-1.250100e-07
8.780901931301203e-06	-1.250100e-07
8.800433181301202e-06	-1.250100e-07
8.819964431301201e-06	-1.250100e-07
8.839495681301200e-06	-1.250100e-07
8.859026931301200e-06	-1.250100e-07
8.878558181301199e-06	-1.250100e-07
8.898089431301198e-06	-1.250100e-07
8.917620681301197e-06	-1.250100e-07
8.937151931301196e-06	-1.250100e-07
8.956683181301196e-06	-1.250100e-07
8.976214431301195e-06	-1.250100e-07
8.995745681301194e-06	-1.250100e-07
9.015276931301193e-06	-1.250100e-07
9.034808181301192e-06	-1.250100e-07
9.054339431301192e-06	-1.250100e-07
9.073870681301191e-06	-1.250100e-07
9.093401931301190e-06	-1.250100e-07
9.112933181301189e-06	-1.250100e-07
9.132464431301188e-06	-1.250100e-07
9.151995681301188e-06	-1.250100e-07
9.171526931301187e-06	-1.250100e-07
9.191058181301186e-06	-1.250100e-07
9.210589431301185e-06	-1.250100e-07
9.230120681301184e-06	-1.250100e-07
9.249651931301184e-06	-1.250100e-07
9.269183181301183e-06	-1.250100e-07
9.288714431301182e-06	-1.250100e-07
9.308245681301181e-06	-1.250100e-07
9.327776931301180e-06	-1.250100e-07
9.347308181301180e-06	-1.250100e-07
9.366839431301179e-06	-1.250100e-07
9.386370681301178e-06	-1.250100e-07
9.405901931301177e-06	-1.250100e-07
9.425433181301177e-06	-1.250100e-07
9.444964431301176e-06	-1.250100e-07
9.464495681301175e-06	-1.250100e-07
9.484026931301174e-06	-1.250100e-07
9.503558181301173e-06	-1.250100e-07
9.523089431301173e-06	-1.250100e-07
9.542620681301172e-06	-1.250100e-07
9.562151931301171e-06	-1.250100e-07
9.581683181301170e-06	-1.250100e-07
9.601214431301169e-06	-1.250100e-07
9.620745681301169e-06	-1.250100e-07
9.640276931301168e-06	-1.250100e-07
9.659808181301167e-06	-1.250100e-07
9.679339431301166e-06	-1.250100e-07
9.698870681301165e-06	-1.250100e-07
9.718401931301165e-06	-1.250100e-07
9.737933181301164e-06	-1.250100e-07
9.757464431301163e-06	-1.250100e-07
9.776995681301162e-06	-1.250100e-07
9.796526931301161e-06	-1.250100e-07
9.816058181301161e-06	-1.250100e-07
9.835589431301160e-06	-1.250100e-07
9.855120681301159e-06	-1.250100e-07
9.874651931301158e-06	-1.250100e-07
9.894183181301157e-06	-1.250100e-07
9.913714431301157e-06	-1.250100e-07
9.933245681301156e-06	-1.250100e-07
9.952776931301155e-06	-1.250100e-07
9.972308181301154e-06	-1.250100e-07
9.991839431301153e-06	-1.250100e-07
9.999999999999999e-06	-1.250100e-07
1.000100000000000e-05	1.897022e-02
1.000489715797614e-05	1.310363e-02
1.000525393459523e-05	1.279643e-02
1.000596748783341e-05	1.208370e-02
1.000739459430977e-05	1.096616e-02
1.000775137092886e-05	1.074011e-02
1.000846492416704e-05	1.031253e-02
1.000864331247659e-05	1.020547e-02
1.000900008909568e-05	1.002450e-02
1.000971364233386e-05	9.860585e-03
1.001114074881022e-05	9.864447e-03
1.001379452272722e-05	9.765075e-03
1.001910207056121e-05	9.776534e-03
1.002971716622920e-05	9.677372e-03
1.004924841622920e-05	9.624922e-03
1.006877966622920e-05	9.632941e-03
1.008831091622920e-05	1.007164e-02
1.010784216622919e-05	9.777527e-03
1.012737341622919e-05	9.683455e-03
1.014690466622919e-05	9.612041e-03
1.016643591622919e-05	9.581270e-03
1.018596716622919e-05	9.563091e-03
1.020549841622919e-05	9.551304e-03
1.022502966622919e-05	9.542655e-03
1.024456091622919e-05	9.535856e-03
1.026409216622919e-05	9.530245e-03
1.028362341622919e-05	9.525458e-03
1.030315466622919e-05	9.521271e-03
1.032268591622919e-05	9.517542e-03
1.034221716622918e-05	9.514172e-03
1.036174841622918e-05	9.511093e-03
1.038127966622918e-05	9.508256e-03
1.040081091622918e-05	9.505622e-03
1.042034216622918e-05	9.503162e-03
1.043987341622918e-05	9.500856e-03
1.045940466622918e-05	9.498682e-03
1.047893591622918e-05	9.496627e-03
1.049846716622918e-05	9.494679e-03
1.051799841622918e-05	9.492826e-03
1.053752966622918e-05	9.491060e-03
1.055706091622918e-05	9.489373e-03
1.057659216622918e-05	9.487760e-03
1.059612341622917e-05	9.486213e-03
1.061565466622917e-05	9.484729e-03
1.063518591622917e-05	9.483302e-03
1.065471716622917e-05	9.481929e-03
1.067424841622917e-05	9.480606e-03
1.069377966622917e-05	9.479329e-03
1.071331091622917e-05	9.478097e-03
1.073284216622917e-05	9.476906e-03
1.075237341622917e-05	9.475754e-03
1.077190466622917e-05	9.474638e-03
1.079143591622917e-05	9.473558e-03
1.081096716622917e-05	9.472510e-03
1.083049841622916e-05	9.471493e-03
1.085002966622916e-05	9.470506e-03
1.086956091622916e-05	9.469547e-03
1.088909216622916e-05	9.468616e-03
1.090862341622916e-05	9.467710e-03
1.092815466622916e-05	9.466828e-03
1.094768591622916e-05	9.465970e-03
1.096721716622916e-05	9.465134e-03
1.098674841622916e-05	9.464320e-03
1.100627966622916e-05	9.463526e-03
1.102581091622916e-05	9.462752e-03
1.104534216622916e-05	9.461997e-03
1.106487341622916e-05	9.461260e-03
1.108440466622915e-05	9.460540e-03
1.110393591622915e-05	9.459838e-03
1.112346716622915e-05	9.459152e-03
1.114299841622915e-05	9.458481e-03
1.116252966622915e-05	9.457826e-03
1.118206091622915e-05	9.457185e-03
1.120159216622915e-05	9.456558e-03
1.122112341622915e-05	9.455944e-03
1.124065466622915e-05	9.455345e-03
1.126018591622915e-05	9.454757e-03
1.127971716622915e-05	9.454181e-03
1.129924841622915e-05	9.453618e-03
1.131877966622914e-05	9.453067e-03
1.133831091622914e-05	9.452526e-03
1.135784216622914e-05	9.451996e-03
1.137737341622914e-05	9.451477e-03
1.139690466622914e-05	9.450967e-03
1.141643591622914e-05	9.450468e-03
1.143596716622914e-05	9.449978e-03
1.145549841622914e-05	9.449498e-03
1.147502966622914e-05	9.449027e-03
1.149456091622914e-05	9.448565e-03
1.151409216622914e-05	9.448111e-03
1.153362341622914e-05	9.447665e-03
1.155315466622914e-05	9.447227e-03
1.157268591622913e-05	9.446798e-03
1.159221716622913e-05	9.446376e-03
1.161174841622913e-05	9.445962e-03
1.163127966622913e-05	9.445555e-03
1.165081091622913e-05	9.445155e-03
1.167034216622913e-05	9.444762e-03
1.168987341622913e-05	9.444376e-03
1.170940466622913e-05	9.443996e-03
1.172893591622913e-05	9.443623e-03
1.174846716622913e-05	9.443256e-03
1.176799841622913e-05	9.442896e-03
1.178752966622913e-05	9.442541e-03
1.180706091622913e-05	9.442192e-03
1.182659216622912e-05	9.441849e-03
1.184612341622912e-05	9.441511e-03
1.186565466622912e-05	9.441179e-03
1.188518591622912e-05	9.440852e-03
1.190471716622912e-05	9.440531e-03
1.192424841622912e-05	9.440214e-03
1.194377966622912e-05	9.439902e-03
1.196331091622912e-05	9.439596e-03
1.198284216622912e-05	9.439294e-03
1.200237341622912e-05	9.438997e-03
1.202190466622912e-05	9.438705e-03
1.204143591622912e-05	9.438416e-03
1.206096716622911e-05	9.438133e-03
1.208049841622911e-05	9.437853e-03
1.210002966622911e-05	9.437578e-03
1.211956091622911e-05	9.437307e-03
1.213909216622911e-05	9.437040e-03
1.215862341622911e-05	9.436777e-03
1.217815466622911e-05	9.436518e-03
1.219768591622911e-05	9.436263e-03
1.221721716622911e-05	9.436010e-03
1.223674841622911e-05	9.435763e-03
1.225627966622911e-05	9.435519e-03
1.227581091622911e-05	9.435277e-03
1.229534216622911e-05	9.435040e-03
1.231487341622910e-05	9.434806e-03
1.233440466622910e-05	9.434575e-03
1.235393591622910e-05	9.434348e-03
1.237346716622910e-05	9.434124e-03
1.239299841622910e-05	9.433903e-03
1.241252966622910e-05	9.433685e-03
1.243206091622910e-05	9.433470e-03
1.245159216622910e-05	9.433257e-03
1.247112341622910e-05	9.433049e-03
1.249065466622910e-05	9.432843e-03
1.251018591622910e-05	9.432639e-03
1.252971716622910e-05	9.432439e-03
1.254924841622909e-05	9.432240e-03
1.256877966622909e-05	9.432046e-03
1.258831091622909e-05	9.431853e-03
1.260784216622909e-05	9.431663e-03
1.262737341622909e-05	9.431476e-03
1.264690466622909e-05	9.431290e-03
1.266643591622909e-05	9.431108e-03
1.268596716622909e-05	9.430928e-03
1.270549841622909e-05	9.430750e-03
1.272502966622909e-05	9.430575e-03
1.274456091622909e-05	9.430402e-03
1.276409216622909e-05	9.430232e-03
1.278362341622909e-05	9.430063e-03
1.280315466622908e-05	9.429896e-03
1.282268591622908e-05	9.429732e-03
1.284221716622908e-05	9.429569e-03
1.286174841622908e-05	9.429410e-03
1.288127966622908e-05	9.429252e-03
1.290081091622908e-05	9.429096e-03
1.292034216622908e-05	9.428942e-03
1.293987341622908e-05	9.428790e-03
1.295940466622908e-05	9.428640e-03
1.297893591622908e-05	9.428492e-03
1.299846716622908e-05	9.428346e-03
1.301799841622908e-05	9.428200e-03
1.303752966622907e-05	9.428058e-03
1.305706091622907e-05	9.427917e-03
1.307659216622907e-05	9.427777e-03
1.309612341622907e-05	9.427641e-03
1.311565466622907e-05	9.427505e-03
1.313518591622907e-05	9.427371e-03
1.315471716622907e-05	9.427238e-03
1.317424841622907e-05	9.427108e-03
1.319377966622907e-05	9.426978e-03
1.321331091622907e-05	9.426851e-03
1.323284216622907e-05	9.426724e-03
1.325237341622907e-05	9.426600e-03
1.327190466622907e-05	9.426477e-03
1.329143591622906e-05	9.426355e-03
1.331096716622906e-05	9.426235e-03
1.333049841622906e-05	9.426117e-03
1.335002966622906e-05	9.426000e-03
1.336956091622906e-05	9.425884e-03
1.338909216622906e-05	9.425770e-03
1.340862341622906e-05	9.425657e-03
1.342815466622906e-05	9.425545e-03
1.344768591622906e-05	9.425434e-03
1.346721716622906e-05	9.425325e-03
1.348674841622906e-05	9.425218e-03
1.350627966622906e-05	9.425111e-03
1.352581091622906e-05	9.425006e-03
1.354534216622905e-05	9.424902e-03
1.356487341622905e-05	9.424799e-03
1.358440466622905e-05	9.424698e-03
1.360393591622905e-05	9.424598e-03
1.362346716622905e-05	9.424498e-03
1.364299841622905e-05	9.424401e-03
1.366252966622905e-05	9.424304e-03
1.368206091622905e-05	9.424208e-03
1.370159216622905e-05	9.424113e-03
1.372112341622905e-05	9.424020e-03
1.374065466622905e-05	9.423927e-03
1.376018591622905e-05	9.423836e-03
1.377971716622904e-05	9.423746e-03
1.379924841622904e-05	9.423656e-03
1.381877966622904e-05	9.423568e-03
1.383831091622904e-05	9.423480e-03
1.385784216622904e-05	9.423394e-03
1.387737341622904e-05	9.423309e-03
1.389690466622904e-05	9.423224e-03
1.391643591622904e-05	9.423141e-03
1.393596716622904e-05	9.423058e-03
1.395549841622904e-05	9.422977e-03
1.397502966622904e-05	9.422896e-03
1.399456091622904e-05	9.422817e-03
1.401409216622904e-05	9.422738e-03
1.403362341622903e-05	9.422661e-03
1.405315466622903e-05	9.422584e-03
1.407268591622903e-05	9.422507e-03
1.409221716622903e-05	9.422432e-03
1.411174841622903e-05	9.422357e-03
1.413127966622903e-05	9.422284e-03
1.415081091622903e-05	9.422211e-03
1.417034216622903e-05	9.422139e-03
1.418987341622903e-05	9.422068e-03
1.420940466622903e-05	9.421998e-03
1.422893591622903e-05	9.421928e-03
1.424846716622903e-05	9.421859e-03
1.426799841622902e-05	9.421791e-03
1.428752966622902e-05	9.421724e-03
1.430706091622902e-05	9.421658e-03
1.432659216622902e-05	9.421592e-03
1.434612341622902e-05	9.421526e-03
1.436565466622902e-05	9.421462e-03
1.438518591622902e-05	9.421399e-03
1.440471716622902e-05	9.421336e-03
1.442424841622902e-05	9.421273e-03
1.444377966622902e-05	9.421212e-03
1.446331091622902e-05	9.421150e-03
1.448284216622902e-05	9.421091e-03
1.450237341622902e-05	9.421031e-03
1.452190466622901e-05	9.420971e-03
1.454143591622901e-05	9.420914e-03
1.456096716622901e-05	9.420856e-03
1.458049841622901e-05	9.420799e-03
1.460002966622901e-05	9.420742e-03
1.461956091622901e-05	9.420686e-03
1.463909216622901e-05	9.420631e-03
1.465862341622901e-05	9.420577e-03
1.467815466622901e-05	9.420522e-03
1.469768591622901e-05	9.420469e-03
1.471721716622901e-05	9.420416e-03
1.473674841622901e-05	9.420364e-03
1.475627966622900e-05	9.420312e-03
1.477581091622900e-05	9.420261e-03
1.479534216622900e-05	9.420210e-03
1.481487341622900e-05	9.420160e-03
1.483440466622900e-05	9.420111e-03
1.485393591622900e-05	9.420061e-03
1.487346716622900e-05	9.420013e-03
1.489299841622900e-05	9.419966e-03
1.491252966622900e-05	9.419918e-03
1.493206091622900e-05	9.419871e-03
1.495159216622900e-05	9.419825e-03
1.497112341622900e-05	9.419778e-03
1.499065466622900e-05	9.419733e-03
1.500100000000000e-05	9.419709e-03
1.500200000000000e-05	-1.057449e-02
1.501800000000001e-05	-1.048669e-02
1.503753125000001e-05	-1.057814e-02
1.505706250000001e-05	-1.057694e-02
1.507659375000001e-05	-1.057578e-02
1.509612500000000e-05	-1.057459e-02
1.511565625000000e-05	-1.057338e-02
1.513518750000000e-05	-1.057215e-02
1.515471875000000e-05	-1.057090e-02
1.517425000000000e-05	-1.056964e-02
1.519378125000000e-05	-1.056835e-02
1.521331250000000e-05	-1.056705e-02
1.523284375000000e-05	-1.056573e-02
1.525237500000000e-05	-1.056438e-02
1.527190625000000e-05	-1.056302e-02
1.529143750000000e-05	-1.056163e-02
1.531096875000000e-05	-1.056021e-02
1.533049999999999e-05	-1.055878e-02
1.535003124999999e-05	-1.055731e-02
1.536956249999999e-05	-1.055582e-02
1.538909374999999e-05	-1.055430e-02
1.540862499999999e-05	-1.055274e-02
1.542815624999999e-05	-1.055116e-02
1.544768749999999e-05	-1.054954e-02
1.546721874999999e-05	-1.054788e-02
1.548674999999999e-05	-1.054619e-02
1.550628124999999e-05	-1.054446e-02
1.552581249999999e-05	-1.054268e-02
1.554534374999999e-05	-1.054086e-02
1.556487499999999e-05	-1.053899e-02
1.558440624999998e-05	-1.053707e-02
1.560393749999998e-05	-1.053509e-02
1.562346874999998e-05	-1.053306e-02
1.564299999999998e-05	-1.053096e-02
1.566253124999998e-05	-1.052879e-02
1.568206249999998e-05	-1.052655e-02
1.570159374999998e-05	-1.052422e-02
1.572112499999998e-05	-1.052181e-02
1.574065624999998e-05	-1.051930e-02
1.576018749999998e-05	-1.051668e-02
1.577971874999998e-05	-1.051395e-02
1.579924999999998e-05	-1.051109e-02
1.581878124999998e-05	-1.050807e-02
1.583831249999997e-05	-1.050489e-02
1.585784374999997e-05	-1.050152e-02
1.587737499999997e-05	-1.049793e-02
1.589690624999997e-05	-1.049408e-02
1.591643749999997e-05	-1.048993e-02
1.593596874999997e-05	-1.048541e-02
1.595549999999997e-05	-1.048043e-02
1.597503124999997e-05	-1.047489e-02
1.599456249999997e-05	-1.046862e-02
1.601409374999997e-05	-1.046136e-02
1.603362499999997e-05	-1.045274e-02
1.605315624999997e-05	-1.044213e-02
1.607268749999996e-05	-1.042844e-02
1.609221874999996e-05	-1.040963e-02
1.611174999999996e-05	-1.038154e-02
1.613128124999996e-05	-1.033451e-02
1.615081249999996e-05	-1.024270e-02
1.617034374999996e-05	-1.037576e-02
1.618987499999996e-05	-1.029470e-02
1.620940624999996e-05	-8.373967e-03
1.622036569864131e-05	-3.054557e-03
1.623081499049708e-05	-9.185337e-04
1.623876680881392e-05	-3.663620e-04
1.624884655163738e-05	-1.058478e-04
1.626144753767379e-05	-1.924295e-05
1.628097878767379e-05	5.835698e-07
1.630051003767379e-05	-1.513741e-07
1.632004128767379e-05	-1.240253e-07
1.633957253767379e-05	-1.250505e-07
1.635910378767379e-05	-1.250085e-07
1.637863503767379e-05	-1.250101e-07
1.639816628767379e-05	-1.250100e-07
1.641769753767379e-05	-1.250100e-07
1.643722878767379e-05	-1.250100e-07
1.645676003767378e-05	-1.250100e-07
1.647629128767378e-05	-1.250100e-07
1.649582253767378e-05	-1.250100e-07
1.651535378767378e-05	-1.250100e-07
1.653488503767378e-05	-1.250100e-07
1.655441628767378e-05	-1.250100e-07
1.657394753767378e-05	-1.250100e-07
1.659347878767378e-05	-1.250100e-07
1.661301003767378e-05	-1.250100e-07
1.663254128767378e-05	-1.250100e-07
1.665207253767378e-05	-1.250100e-07
1.667160378767378e-05	-1.250100e-07
1.669113503767377e-05	-1.250100e-07
1.671066628767377e-05	-1.250100e-07
1.673019753767377e-05	-1.250100e-07
1.674972878767377e-05	-1.250100e-07
1.676926003767377e-05	-1.250100e-07
1.678879128767377e-05	-1.250100e-07
1.680832253767377e-05	-1.250100e-07
1.682785378767377e-05	-1.250100e-07
1.684738503767377e-05	-1.250100e-07
1.686691628767377e-05	-1.250100e-07
1.688644753767377e-05	-1.250100e-07
1.690597878767377e-05	-1.250100e-07
1.692551003767377e-05	-1.250100e-07
1.694504128767376e-05	-1.250100e-07
1.696457253767376e-05	-1.250100e-07
1.698410378767376e-05	-1.250100e-07
1.700363503767376e-05	-1.250100e-07
1.702316628767376e-05	-1.250100e-07
1.704269753767376e-05	-1.250100e-07
1.706222878767376e-05	-1.250100e-07
1.708176003767376e-05	-1.250100e-07
1.710129128767376e-05	-1.250100e-07
1.712082253767376e-05	-1.250100e-07
1.714035378767376e-05	-1.250100e-07
1.715988503767376e-05	-1.250100e-07
1.717941628767376e-05	-1.250100e-07
1.719894753767375e-05	-1.250100e-07
1.721847878767375e-05	-1.250100e-07
1.723801003767375e-05	-1.250100e-07
1.725754128767375e-05	-1.250100e-07
1.727707253767375e-05	-1.250100e-07
1.729660378767375e-05	-1.250100e-07
1.731613503767375e-05	-1.250100e-07
1.733566628767375e-05	-1.250100e-07
1.735519753767375e-05	-1.250100e-07
1.737472878767375e-05	-1.250100e-07
1.739426003767375e-05	-1.250100e-07
1.741379128767375e-05	-1.250100e-07
1.743332253767374e-05	-1.250100e-07
1.745285378767374e-05	-1.250100e-07
1.747238503767374e-05	-1.250100e-07
1.749191628767374e-05	-1.250100e-07
1.751144753767374e-05	-1.250100e-07
1.753097878767374e-05	-1.250100e-07
1.755051003767374e-05	-1.250100e-07
1.757004128767374e-05	-1.250100e-07
1.758957253767374e-05	-1.250100e-07
1.760910378767374e-05	-1.250100e-07
1.762863503767374e-05	-1.250100e-07
1.764816628767374e-05	-1.250100e-07
1.766769753767374e-05	-1.250100e-07
1.768722878767373e-05	-1.250100e-07
1.770676003767373e-05	-1.250100e-07
1.772629128767373e-05	-1.250100e-07
1.774582253767373e-05	-1.250100e-07
1.776535378767373e-05	-1.250100e-07
1.778488503767373e-05	-1.250100e-07
1.780441628767373e-05	-1.250100e-07
1.782394753767373e-05	-1.250100e-07
1.784347878767373e-05	-1.250100e-07
1.786301003767373e-05	-1.250100e-07
1.788254128767373e-05	-1.250100e-07
1.790207253767373e-05	-1.250100e-07
1.792160378767372e-05	-1.250100e-07
1.794113503767372e-05	-1.250100e-07
1.796066628767372e-05	-1.250100e-07
1.798019753767372e-05	-1.250100e-07
1.799972878767372e-05	-1.250100e-07
1.801926003767372e-05	-1.250100e-07
1.803879128767372e-05	-1.250100e-07
1.805832253767372e-05	-1.250100e-07
1.807785378767372e-05	-1.250100e-07
1.809738503767372e-05	-1.250100e-07
1.811691628767372e-05	-1.250100e-07
1.813644753767372e-05	-1.250100e-07
1.815597878767372e-05	-1.250100e-07
1.817551003767371e-05	-1.250100e-07
1.819504128767371e-05	-1.250100e-07
1.821457253767371e-05	-1.250100e-07
1.823410378767371e-05	-1.250100e-07
1.825363503767371e-05	-1.250100e-07
1.827316628767371e-05	-1.250100e-07
1.829269753767371e-05	-1.250100e-07
1.831222878767371e-05	-1.250100e-07
1.833176003767371e-05	-1.250100e-07
1.835129128767371e-05	-1.250100e-07
1.837082253767371e-05	-1.250100e-07
1.839035378767371e-05	-1.250100e-07
1.840988503767370e-05	-1.250100e-07
1.842941628767370e-05	-1.250100e-07
1.844894753767370e-05	-1.250100e-07
1.846847878767370e-05	-1.250100e-07
1.848801003767370e-05	-1.250100e-07
1.850754128767370e-05	-1.250100e-07
1.852707253767370e-05	-1.250100e-07
1.854660378767370e-05	-1.250100e-07
1.856613503767370e-05	-1.250100e-07
1.858566628767370e-05	-1.250100e-07
1.860519753767370e-05	-1.250100e-07
1.862472878767370e-05	-1.250100e-07
1.864426003767370e-05	-1.250100e-07
1.866379128767369e-05	-1.250100e-07
1.868332253767369e-05	-1.250100e-07
1.870285378767369e-05	-1.250100e-07
1.872238503767369e-05	-1.250100e-07
1.874191628767369e-05	-1.250100e-07
1.876144753767369e-05	-1.250100e-07
1.878097878767369e-05	-1.250100e-07
1.880051003767369e-05	-1.250100e-07
1.882004128767369e-05	-1.250100e-07
1.883957253767369e-05	-1.250100e-07
1.885910378767369e-05	-1.250100e-07
1.887863503767369e-05	-1.250100e-07
1.889816628767369e-05	-1.250100e-07
1.891769753767368e-05	-1.250100e-07
1.893722878767368e-05	-1.250100e-07
1.895676003767368e-05	-1.250100e-07
1.897629128767368e-05	-1.250100e-07
1.899582253767368e-05	-1.250100e-07
1.901535378767368e-05	-1.250100e-07
1.903488503767368e-05	-1.250100e-07
1.905441628767368e-05	-1.250100e-07
1.907394753767368e-05	-1.250100e-07
1.909347878767368e-05	-1.250100e-07
1.911301003767368e-05	-1.250100e-07
1.913254128767368e-05	-1.250100e-07
1.915207253767367e-05	-1.250100e-07
1.917160378767367e-05	-1.250100e-07
1.919113503767367e-05	-1.250100e-07
1.921066628767367e-05	-1.250100e-07
1.923019753767367e-05	-1.250100e-07
1.924972878767367e-05	-1.250100e-07
1.926926003767367e-05	-1.250100e-07
1.928879128767367e-05	-1.250100e-07
1.930832253767367e-05	-1.250100e-07
1.932785378767367e-05	-1.250100e-07
1.934738503767367e-05	-1.250100e-07
1.936691628767367e-05	-1.250100e-07
1.938644753767367e-05	-1.250100e-07
1.940597878767366e-05	-1.250100e-07
1.942551003767366e-05	-1.250100e-07
1.944504128767366e-05	-1.250100e-07
1.946457253767366e-05	-1.250100e-07
1.948410378767366e-05	-1.250100e-07
1.950363503767366e-05	-1.250100e-07
1.952316628767366e-05	-1.250100e-07
1.954269753767366e-05	-1.250100e-07
1.956222878767366e-05	-1.250100e-07
1.958176003767366e-05	-1.250100e-07
1.960129128767366e-05	-1.250100e-07
1.962082253767366e-05	-1.250100e-07
1.964035378767365e-05	-1.250100e-07
1.965988503767365e-05	-1.250100e-07
1.967941628767365e-05	-1.250100e-07
1.969894753767365e-05	-1.250100e-07
1.971847878767365e-05	-1.250100e-07
1.973801003767365e-05	-1.250100e-07
1.975754128767365e-05	-1.250100e-07
1.977707253767365e-05	-1.250100e-07
1.979660378767365e-05	-1.250100e-07
1.981613503767365e-05	-1.250100e-07
1.983566628767365e-05	-1.250100e-07
1.985519753767365e-05	-1.250100e-07
1.987472878767365e-05	-1.250100e-07
1.989426003767364e-05	-1.250100e-07
1.991379128767364e-05	-1.250100e-07
1.993332253767364e-05	-1.250100e-07
1.995285378767364e-05	-1.250100e-07
1.997238503767364e-05	-1.250100e-07
1.999191628767364e-05	-1.250100e-07
2.000000000000000e-05	-1.250100e-07
