time	V(vout)	V(n001)
0.000000000000000e+00	1.109862e-05	0.000000e+00
2.727858210068257e-08	6.766161e-06	8.569820e-05
5.455716420136515e-08	-2.563888e-05	1.713964e-04
8.183574630204771e-08	-8.611652e-05	2.570946e-04
1.091143284027303e-07	-1.746667e-04	3.427928e-04
1.363929105034129e-07	-2.912896e-04	4.284909e-04
1.636714926040954e-07	-4.359850e-04	5.141891e-04
1.909500747047779e-07	-6.087529e-04	5.998872e-04
3.192204194638998e-07	-1.645020e-03	1.002860e-03
4.434645375119456e-07	-2.905459e-03	1.393183e-03
6.354255441629625e-07	-5.091191e-03	1.996243e-03
8.933075049867624e-07	-8.228050e-03	2.806394e-03
4.352639941014493e-06	-5.172167e-02	1.368445e-02
7.811972377042225e-06	-9.514505e-02	2.454353e-02
1.127130481306995e-05	-1.384982e-01	3.538364e-02
1.473063724909769e-05	-1.817810e-01	4.620477e-02
1.818996968512542e-05	-2.249937e-01	5.700692e-02
2.164930212115315e-05	-2.681360e-01	6.779010e-02
2.510863455718087e-05	-3.112081e-01	7.855430e-02
3.487425955718088e-05	-4.328480e-01	1.089570e-01
4.463988455718088e-05	-5.517700e-01	1.386776e-01
5.440550955718089e-05	-6.679740e-01	1.677160e-01
6.417113455718089e-05	-7.814602e-01	1.960722e-01
7.393675955718090e-05	-8.922284e-01	2.237463e-01
8.370238455718090e-05	-1.000279e+00	2.507383e-01
9.346800955718089e-05	-1.105611e+00	2.770481e-01
1.088139917000381e-04	-1.263748e+00	3.165397e-01
1.241599738428952e-04	-1.407215e+00	3.523597e-01
1.395059559857524e-04	-1.536013e+00	3.845080e-01
1.548519381286095e-04	-1.650142e+00	4.129846e-01
1.701979202714667e-04	-1.749602e+00	4.377897e-01
1.855439024143239e-04	-1.834392e+00	4.589230e-01
2.008898845571810e-04	-1.904514e+00	4.763847e-01
2.239088577714667e-04	-1.970643e+00	4.928061e-01
2.469278309857525e-04	-1.996731e+00	4.992199e-01
2.699468042000382e-04	-1.982779e+00	4.956261e-01
2.929657774143240e-04	-1.928786e+00	4.820247e-01
3.159847506286097e-04	-1.834753e+00	4.584157e-01
3.390037238428954e-04	-1.700680e+00	4.247992e-01
3.620226970571811e-04	-1.526566e+00	3.811751e-01
3.738809559857526e-04	-1.424509e+00	3.556176e-01
3.857392149143240e-04	-1.316154e+00	3.284890e-01
3.975974738428954e-04	-1.201501e+00	2.997892e-01
4.094557327714669e-04	-1.080551e+00	2.695183e-01
4.213139917000383e-04	-9.533020e-01	2.376763e-01
4.331722506286098e-04	-8.197554e-01	2.042631e-01
4.450305095571812e-04	-6.799109e-01	1.692788e-01
4.520059559857526e-04	-5.964430e-01	1.484002e-01
4.589814024143240e-04	-5.122381e-01	1.273388e-01
4.659568488428955e-04	-4.272962e-01	1.060945e-01
4.729322952714669e-04	-3.416171e-01	8.466737e-02
4.799077417000384e-04	-2.552011e-01	6.305739e-02
4.868831881286098e-04	-1.680480e-01	4.126456e-02
4.938586345571812e-04	-8.015786e-02	1.928888e-02
5.133898845571812e-04	1.650575e-01	-4.201596e-02
5.210628756286099e-04	2.614609e-01	-6.611407e-02
5.287358667000384e-04	3.567114e-01	-8.992222e-02
5.364088577714670e-04	4.508089e-01	-1.134404e-01
5.440818488428956e-04	5.437533e-01	-1.366686e-01
5.517548399143242e-04	6.355448e-01	-1.596069e-01
5.594278309857527e-04	7.261832e-01	-1.822552e-01
5.671008220571813e-04	8.156686e-01	-2.046136e-01
5.803541702714670e-04	9.669671e-01	-2.424114e-01
5.936075184857527e-04	1.109282e+00	-2.779593e-01
6.068608667000385e-04	1.242615e+00	-3.112575e-01
6.201142149143242e-04	1.366964e+00	-3.423059e-01
6.333675631286100e-04	1.482330e+00	-3.711044e-01
6.466209113428957e-04	1.588714e+00	-3.976532e-01
6.598742595571814e-04	1.686114e+00	-4.219522e-01
6.884735899143243e-04	1.851758e+00	-4.632341e-01
7.170729202714671e-04	1.955340e+00	-4.890014e-01
7.456722506286101e-04	1.996860e+00	-4.992540e-01
7.742715809857530e-04	1.976320e+00	-4.939918e-01
8.028709113428958e-04	1.893717e+00	-4.732150e-01
8.314702417000387e-04	1.749053e+00	-4.369235e-01
8.600695720571816e-04	1.542328e+00	-3.851173e-01
8.719278309857530e-04	1.441644e+00	-3.599026e-01
8.837860899143245e-04	1.334552e+00	-3.330892e-01
8.956443488428959e-04	1.221051e+00	-3.046769e-01
9.075026077714673e-04	1.101142e+00	-2.746658e-01
9.193608667000388e-04	9.748236e-01	-2.430559e-01
9.312191256286102e-04	8.420970e-01	-2.098471e-01
9.430773845571816e-04	7.029619e-01	-1.750395e-01
9.500528309857530e-04	6.198448e-01	-1.542482e-01
9.570282774143244e-04	5.359446e-01	-1.332626e-01
9.640037238428958e-04	4.512612e-01	-1.120825e-01
9.709791702714671e-04	3.657947e-01	-9.070813e-02
9.779546167000385e-04	2.795450e-01	-6.913934e-02
9.849300631286099e-04	1.925121e-01	-4.737618e-02
9.919055095571813e-04	1.046962e-01	-2.541863e-02
9.953932327714670e-04	6.085618e-02	-1.445742e-02
9.988809559857525e-04	1.703954e-02	-3.502405e-03
1.002368679200038e-03	-2.675374e-02	7.446407e-03
1.005856402414324e-03	-7.052367e-02	1.838902e-02
1.009344125628610e-03	-1.142703e-01	2.932543e-02
1.012831848842895e-03	-1.579935e-01	4.025564e-02
1.016319572057181e-03	-2.016934e-01	5.117965e-02
1.024690107771466e-03	-3.067129e-01	7.743071e-02
1.033060643485752e-03	-4.101817e-01	1.032920e-01
1.041431179200037e-03	-5.120995e-01	1.287636e-01
1.049801714914323e-03	-6.124664e-01	1.538455e-01
1.058172250628609e-03	-7.112825e-01	1.785376e-01
1.066542786342894e-03	-8.085477e-01	2.028400e-01
1.074913322057180e-03	-9.042619e-01	2.267526e-01
1.088864214914322e-03	-1.059429e+00	2.655128e-01
1.102815107771465e-03	-1.203928e+00	3.016021e-01
1.116766000628607e-03	-1.337762e+00	3.350205e-01
1.130716893485750e-03	-1.460928e+00	3.657680e-01
1.144667786342892e-03	-1.573428e+00	3.938446e-01
1.158618679200035e-03	-1.675261e+00	4.192503e-01
1.172569572057177e-03	-1.766428e+00	4.419850e-01
1.199076268485748e-03	-1.896996e+00	4.745049e-01
1.225582964914319e-03	-1.974108e+00	4.936618e-01
1.252089661342890e-03	-1.997763e+00	4.994557e-01
1.278596357771461e-03	-1.967961e+00	4.918866e-01
1.305103054200032e-03	-1.884702e+00	4.709545e-01
1.331609750628603e-03	-1.747986e+00	4.366595e-01
1.358116447057174e-03	-1.557813e+00	3.890014e-01
1.369974705985745e-03	-1.458517e+00	3.641335e-01
1.381832964914316e-03	-1.352704e+00	3.376392e-01
1.393691223842887e-03	-1.240372e+00	3.095187e-01
1.405549482771458e-03	-1.121522e+00	2.797719e-01
1.417407741700029e-03	-9.961539e-01	2.483988e-01
1.429266000628601e-03	-8.642674e-01	2.153994e-01
1.441124259557172e-03	-7.258626e-01	1.807738e-01
1.448099705985743e-03	-6.431088e-01	1.600730e-01
1.455075152414314e-03	-5.595259e-01	1.391663e-01
1.462050598842886e-03	-4.751138e-01	1.180537e-01
1.469026045271457e-03	-3.898727e-01	9.673523e-02
1.476001491700028e-03	-3.038023e-01	7.521088e-02
1.482976938128600e-03	-2.169029e-01	5.348066e-02
1.489952384557171e-03	-1.291743e-01	3.154455e-02
1.509483634557170e-03	1.160952e-01	-2.977609e-02
1.517156625628599e-03	2.127247e-01	-5.393163e-02
1.524829616700027e-03	3.083119e-01	-7.782484e-02
1.532502607771456e-03	4.028565e-01	-1.014557e-01
1.540175598842884e-03	4.963587e-01	-1.248242e-01
1.547848589914312e-03	5.888185e-01	-1.479304e-01
1.555521580985741e-03	6.802357e-01	-1.707743e-01
1.563194572057169e-03	7.706105e-01	-1.933558e-01
1.575750375628598e-03	9.156178e-01	-2.295838e-01
1.588306179200026e-03	1.052936e+00	-2.638856e-01
1.600861982771454e-03	1.182564e+00	-2.962613e-01
1.613417786342882e-03	1.304503e+00	-3.267109e-01
1.625973589914311e-03	1.418752e+00	-3.552344e-01
1.638529393485739e-03	1.525312e+00	-3.818317e-01
1.651085197057167e-03	1.624182e+00	-4.065030e-01
1.680382072057167e-03	1.812217e+00	-4.533830e-01
1.709678947057166e-03	1.935142e+00	-4.839850e-01
1.738975822057165e-03	1.992956e+00	-4.983092e-01
1.768272697057165e-03	1.985660e+00	-4.963555e-01
1.797569572057164e-03	1.913253e+00	-4.781239e-01
1.826866447057164e-03	1.775735e+00	-4.436144e-01
1.856163322057163e-03	1.573107e+00	-3.928270e-01
1.868719125628591e-03	1.468972e+00	-3.667459e-01
1.881274929200019e-03	1.357565e+00	-3.388507e-01
1.893830732771448e-03	1.238887e+00	-3.091413e-01
1.906386536342876e-03	1.112937e+00	-2.776178e-01
1.918942339914304e-03	9.797162e-01	-2.442801e-01
1.931498143485733e-03	8.392240e-01	-2.091283e-01
1.944053947057161e-03	6.914605e-01	-1.721624e-01
1.951029393485732e-03	6.081665e-01	-1.513270e-01
1.958004839914304e-03	5.241123e-01	-1.303031e-01
1.964980286342875e-03	4.392981e-01	-1.090906e-01
1.971955732771446e-03	3.537237e-01	-8.768940e-02
1.978931179200017e-03	2.673892e-01	-6.609961e-02
1.985906625628589e-03	1.802946e-01	-4.432120e-02
1.992882072057160e-03	9.243985e-02	-2.235418e-02
1.996369795271446e-03	4.858957e-02	-1.139049e-02
1.999857518485732e-03	4.768516e-03	-4.344738e-04
2.003345241700017e-03	-3.902329e-02	1.051387e-02
2.006832964914303e-03	-8.278587e-02	2.145454e-02
2.010320688128588e-03	-1.265192e-01	3.238754e-02
2.013808411342874e-03	-1.702233e-01	4.331286e-02
2.017296134557160e-03	-2.138982e-01	5.423051e-02
2.025666670271445e-03	-3.188327e-01	8.046006e-02
2.034037205985731e-03	-4.221839e-01	1.062918e-01
2.042407741700016e-03	-5.239517e-01	1.317256e-01
2.050778277414302e-03	-6.241363e-01	1.567616e-01
2.059148813128587e-03	-7.227375e-01	1.813998e-01
2.067519348842873e-03	-8.197554e-01	2.056401e-01
2.075889884557158e-03	-9.151900e-01	2.294826e-01
2.089840777414301e-03	-1.069812e+00	2.681064e-01
2.103791670271444e-03	-1.213701e+00	3.040426e-01
2.117742563128586e-03	-1.346857e+00	3.372913e-01
2.131693455985729e-03	-1.469280e+00	3.678525e-01
2.145644348842871e-03	-1.580969e+00	3.957262e-01
2.159595241700014e-03	-1.681925e+00	4.209124e-01
2.173546134557156e-03	-1.772148e+00	4.434111e-01
2.200052830985727e-03	-1.900700e+00	4.754263e-01
2.226559527414298e-03	-1.975826e+00	4.940867e-01
2.253066223842869e-03	-1.997528e+00	4.993923e-01
2.279572920271440e-03	-1.965806e+00	4.913431e-01
2.306079616700011e-03	-1.880658e+00	4.699391e-01
2.332586313128581e-03	-1.742086e+00	4.351803e-01
2.359093009557152e-03	-1.550088e+00	3.870666e-01
2.370951268485724e-03	-1.450097e+00	3.620249e-01
2.382809527414295e-03	-1.343642e+00	3.353706e-01
2.394667786342866e-03	-1.230724e+00	3.071036e-01
2.406526045271437e-03	-1.111342e+00	2.772241e-01
2.418384304200008e-03	-9.854962e-01	2.457320e-01
2.430242563128579e-03	-8.531872e-01	2.126273e-01
2.442100822057151e-03	-7.144146e-01	1.779100e-01
2.449076268485722e-03	-6.314776e-01	1.571635e-01
2.456051714914293e-03	-5.477345e-01	1.362170e-01
2.463027161342864e-03	-4.631852e-01	1.150703e-01
2.470002607771436e-03	-3.778297e-01	9.372344e-02
2.476978054200007e-03	-2.916681e-01	7.217647e-02
2.483953500628578e-03	-2.047003e-01	5.042937e-02
2.490928947057150e-03	-1.169263e-01	2.848213e-02
2.510460197057149e-03	1.283434e-01	-3.283802e-02
2.518133188128577e-03	2.249219e-01	-5.698057e-02
2.525806179200006e-03	3.204303e-01	-8.085386e-02
2.533479170271434e-03	4.148685e-01	-1.044579e-01
2.541152161342863e-03	5.082365e-01	-1.277927e-01
2.548825152414291e-03	6.005344e-01	-1.508582e-01
2.556498143485720e-03	6.917621e-01	-1.736545e-01
2.564171134557148e-03	7.819197e-01	-1.961815e-01
2.577424482771434e-03	9.345907e-01	-2.343235e-01
2.590677830985719e-03	1.078472e+00	-2.702639e-01
2.603931179200005e-03	1.213563e+00	-3.040028e-01
2.617184527414290e-03	1.339865e+00	-3.355402e-01
2.630437875628575e-03	1.457377e+00	-3.648760e-01
2.643691223842861e-03	1.566100e+00	-3.920104e-01
2.656944572057146e-03	1.666032e+00	-4.169431e-01
2.686241447057145e-03	1.841158e+00	-4.605931e-01
2.715538322057145e-03	1.951268e+00	-4.879898e-01
2.744835197057144e-03	1.996363e+00	-4.991333e-01
2.774132072057144e-03	1.976443e+00	-4.940236e-01
2.803428947057143e-03	1.891507e+00	-4.726606e-01
2.832725822057142e-03	1.741555e+00	-4.350445e-01
2.862022697057142e-03	1.526588e+00	-3.811751e-01
2.873880955985713e-03	1.424531e+00	-3.556176e-01
2.885739214914284e-03	1.316176e+00	-3.284890e-01
2.897597473842855e-03	1.201524e+00	-2.997892e-01
2.909455732771426e-03	1.080573e+00	-2.695183e-01
2.921313991699998e-03	9.533242e-01	-2.376763e-01
2.933172250628569e-03	8.197776e-01	-2.042631e-01
2.945030509557140e-03	6.799331e-01	-1.692788e-01
2.952005955985711e-03	5.964652e-01	-1.484002e-01
2.958981402414282e-03	5.122603e-01	-1.273388e-01
2.965956848842854e-03	4.273184e-01	-1.060945e-01
2.972932295271425e-03	3.416394e-01	-8.466737e-02
2.979907741699997e-03	2.552233e-01	-6.305739e-02
2.986883188128567e-03	1.680702e-01	-4.126456e-02
2.993858634557139e-03	8.018006e-02	-1.928888e-02
3.013389884557138e-03	-1.650353e-01	4.201596e-02
3.021062875628567e-03	-2.614387e-01	6.611407e-02
3.028735866699995e-03	-3.566892e-01	8.992222e-02
3.036408857771424e-03	-4.507867e-01	1.134404e-01
3.044081848842852e-03	-5.437311e-01	1.366686e-01
3.051754839914280e-03	-6.355226e-01	1.596069e-01
3.059427830985709e-03	-7.261610e-01	1.822552e-01
3.067100822057137e-03	-8.156465e-01	2.046136e-01
3.080354170271423e-03	-9.669449e-01	2.424114e-01
3.093607518485708e-03	-1.109260e+00	2.779593e-01
3.106860866699994e-03	-1.242593e+00	3.112575e-01
3.120114214914279e-03	-1.366942e+00	3.423059e-01
3.133367563128564e-03	-1.482308e+00	3.711044e-01
3.146620911342850e-03	-1.588692e+00	3.976532e-01
3.159874259557135e-03	-1.686092e+00	4.219522e-01
3.188473589914277e-03	-1.851735e+00	4.632341e-01
3.217072920271420e-03	-1.955318e+00	4.890014e-01
3.245672250628562e-03	-1.996838e+00	4.992540e-01
3.274271580985704e-03	-1.976297e+00	4.939918e-01
3.302870911342847e-03	-1.893695e+00	4.732150e-01
3.331470241699989e-03	-1.749031e+00	4.369235e-01
3.360069572057131e-03	-1.542305e+00	3.851173e-01
3.371927830985702e-03	-1.441622e+00	3.599026e-01
3.383786089914273e-03	-1.334530e+00	3.330892e-01
3.395644348842845e-03	-1.221029e+00	3.046769e-01
3.407502607771416e-03	-1.101119e+00	2.746658e-01
3.419360866699987e-03	-9.748014e-01	2.430559e-01
3.431219125628558e-03	-8.420748e-01	2.098471e-01
3.443077384557129e-03	-7.029397e-01	1.750395e-01
3.450052830985701e-03	-6.198226e-01	1.542482e-01
3.457028277414272e-03	-5.359224e-01	1.332626e-01
3.464003723842843e-03	-4.512390e-01	1.120825e-01
3.470979170271414e-03	-3.657724e-01	9.070813e-02
3.477954616699986e-03	-2.795228e-01	6.913934e-02
3.484930063128557e-03	-1.924899e-01	4.737618e-02
3.491905509557128e-03	-1.046740e-01	2.541863e-02
3.495393232771414e-03	-6.083397e-02	1.445742e-02
3.498880955985700e-03	-1.701734e-02	3.502405e-03
3.502368679199985e-03	2.677594e-02	-7.446407e-03
3.505856402414271e-03	7.054588e-02	-1.838902e-02
3.509344125628556e-03	1.142925e-01	-2.932543e-02
3.512831848842842e-03	1.580157e-01	-4.025564e-02
3.516319572057128e-03	2.017156e-01	-5.117965e-02
3.524690107771413e-03	3.067352e-01	-7.743071e-02
3.533060643485699e-03	4.102039e-01	-1.032920e-01
3.541431179199985e-03	5.121217e-01	-1.287636e-01
3.549801714914270e-03	6.124887e-01	-1.538455e-01
3.558172250628555e-03	7.113047e-01	-1.785376e-01
3.566542786342841e-03	8.085699e-01	-2.028400e-01
3.574913322057127e-03	9.042841e-01	-2.267526e-01
3.588864214914269e-03	1.059451e+00	-2.655128e-01
3.602815107771412e-03	1.203951e+00	-3.016021e-01
3.616766000628554e-03	1.337784e+00	-3.350205e-01
3.630716893485697e-03	1.460950e+00	-3.657680e-01
3.644667786342839e-03	1.573450e+00	-3.938446e-01
3.658618679199982e-03	1.675283e+00	-4.192503e-01
3.672569572057124e-03	1.766450e+00	-4.419850e-01
3.699076268485695e-03	1.897019e+00	-4.745049e-01
3.725582964914266e-03	1.974131e+00	-4.936618e-01
3.752089661342837e-03	1.997785e+00	-4.994557e-01
3.778596357771408e-03	1.967983e+00	-4.918866e-01
3.805103054199979e-03	1.884724e+00	-4.709545e-01
3.831609750628549e-03	1.748008e+00	-4.366595e-01
3.858116447057120e-03	1.557835e+00	-3.890014e-01
3.869974705985692e-03	1.458540e+00	-3.641335e-01
3.881832964914263e-03	1.352726e+00	-3.376392e-01
3.893691223842834e-03	1.240394e+00	-3.095187e-01
3.905549482771405e-03	1.121544e+00	-2.797719e-01
3.917407741699976e-03	9.961761e-01	-2.483988e-01
3.929266000628547e-03	8.642896e-01	-2.153994e-01
3.941124259557119e-03	7.258848e-01	-1.807738e-01
3.948099705985690e-03	6.431310e-01	-1.600730e-01
3.955075152414262e-03	5.595481e-01	-1.391663e-01
3.962050598842833e-03	4.751360e-01	-1.180537e-01
3.969026045271403e-03	3.898949e-01	-9.673523e-02
3.976001491699975e-03	3.038245e-01	-7.521088e-02
3.982976938128546e-03	2.169251e-01	-5.348066e-02
3.989952384557118e-03	1.291965e-01	-3.154455e-02
4.009483634557117e-03	-1.160730e-01	2.977609e-02
4.017156625628546e-03	-2.127025e-01	5.393163e-02
4.024829616699974e-03	-3.082897e-01	7.782484e-02
4.032502607771402e-03	-4.028343e-01	1.014557e-01
4.040175598842831e-03	-4.963365e-01	1.248242e-01
4.047848589914260e-03	-5.887963e-01	1.479304e-01
4.055521580985688e-03	-6.802135e-01	1.707743e-01
4.063194572057116e-03	-7.705883e-01	1.933558e-01
4.075750375628544e-03	-9.155955e-01	2.295838e-01
4.088306179199972e-03	-1.052913e+00	2.638856e-01
4.100861982771401e-03	-1.182542e+00	2.962613e-01
4.113417786342830e-03	-1.304480e+00	3.267109e-01
4.125973589914258e-03	-1.418730e+00	3.552344e-01
4.138529393485686e-03	-1.525290e+00	3.818317e-01
4.151085197057114e-03	-1.624160e+00	4.065030e-01
4.180382072057114e-03	-1.812195e+00	4.533830e-01
4.209678947057113e-03	-1.935120e+00	4.839850e-01
4.238975822057112e-03	-1.992934e+00	4.983092e-01
4.268272697057112e-03	-1.985637e+00	4.963555e-01
4.297569572057111e-03	-1.913231e+00	4.781239e-01
4.326866447057110e-03	-1.775713e+00	4.436144e-01
4.356163322057110e-03	-1.573085e+00	3.928270e-01
4.368719125628538e-03	-1.468950e+00	3.667459e-01
4.381274929199966e-03	-1.357543e+00	3.388507e-01
4.393830732771394e-03	-1.238864e+00	3.091413e-01
4.406386536342823e-03	-1.112915e+00	2.776178e-01
4.418942339914252e-03	-9.796940e-01	2.442801e-01
4.431498143485680e-03	-8.392018e-01	2.091283e-01
4.444053947057108e-03	-6.914383e-01	1.721624e-01
4.451029393485679e-03	-6.081443e-01	1.513270e-01
4.458004839914251e-03	-5.240901e-01	1.303031e-01
4.464980286342822e-03	-4.392759e-01	1.090906e-01
4.471955732771393e-03	-3.537015e-01	8.768940e-02
4.478931179199964e-03	-2.673670e-01	6.609961e-02
4.485906625628536e-03	-1.802724e-01	4.432120e-02
4.492882072057107e-03	-9.241765e-02	2.235418e-02
4.496369795271392e-03	-4.856736e-02	1.139049e-02
4.499857518485678e-03	-4.746313e-03	4.344738e-04
4.503345241699964e-03	3.904550e-02	-1.051387e-02
4.506832964914250e-03	8.280807e-02	-2.145454e-02
4.510320688128535e-03	1.265414e-01	-3.238754e-02
4.513808411342821e-03	1.702455e-01	-4.331286e-02
4.517296134557106e-03	2.139204e-01	-5.423051e-02
4.525666670271392e-03	3.188549e-01	-8.046006e-02
4.534037205985678e-03	4.222061e-01	-1.062918e-01
4.542407741699963e-03	5.239740e-01	-1.317256e-01
4.550778277414249e-03	6.241585e-01	-1.567616e-01
4.559148813128534e-03	7.227598e-01	-1.813998e-01
4.567519348842820e-03	8.197776e-01	-2.056401e-01
4.575889884557105e-03	9.152122e-01	-2.294826e-01
4.589840777414248e-03	1.069834e+00	-2.681064e-01
4.603791670271390e-03	1.213723e+00	-3.040426e-01
4.617742563128533e-03	1.346879e+00	-3.372913e-01
4.631693455985676e-03	1.469302e+00	-3.678525e-01
4.645644348842818e-03	1.580991e+00	-3.957262e-01
4.659595241699960e-03	1.681947e+00	-4.209124e-01
4.673546134557103e-03	1.772170e+00	-4.434111e-01
4.700052830985674e-03	1.900722e+00	-4.754263e-01
4.726559527414245e-03	1.975848e+00	-4.940867e-01
4.753066223842816e-03	1.997550e+00	-4.993923e-01
4.779572920271386e-03	1.965828e+00	-4.913431e-01
4.806079616699957e-03	1.880680e+00	-4.699391e-01
4.832586313128528e-03	1.742108e+00	-4.351803e-01
4.859093009557099e-03	1.550110e+00	-3.870666e-01
4.865370911342814e-03	1.498852e+00	-3.742286e-01
4.871648813128527e-03	1.445479e+00	-3.608629e-01
4.877926714914242e-03	1.389992e+00	-3.469693e-01
4.884204616699955e-03	1.332391e+00	-3.325480e-01
4.890482518485670e-03	1.272674e+00	-3.175989e-01
4.896760420271384e-03	1.210844e+00	-3.021220e-01
4.903038322057098e-03	1.146899e+00	-2.861173e-01
4.912803947057098e-03	1.043225e+00	-2.601720e-01
4.922569572057098e-03	9.366593e-01	-2.335064e-01
4.932335197057098e-03	8.272023e-01	-2.061205e-01
4.942100822057097e-03	7.148539e-01	-1.780143e-01
4.951866447057097e-03	5.996139e-01	-1.491878e-01
4.961632072057097e-03	4.814824e-01	-1.196410e-01
4.971397697057097e-03	3.604594e-01	-8.937388e-02
4.975483740334654e-03	3.097585e-01	-7.669476e-02
4.979569783612212e-03	2.589374e-01	-6.398612e-02
4.983655826889769e-03	2.079962e-01	-5.124795e-02
4.987741870167327e-03	1.569349e-01	-3.848025e-02
4.991827913444885e-03	1.057536e-01	-2.568303e-02
4.995913956722443e-03	5.445214e-02	-1.285628e-02
5.000000000000000e-03	3.030595e-03	-6.123234e-16
