time	V(vout)	V(n001)
0.000000000000000e+00	1.390951e-02	0.000000e+00
8.928571532911587e-10	1.390951e-02	2.804993e-06
1.785714306582317e-09	1.390951e-02	5.609987e-06
2.678571459873476e-09	1.390951e-02	8.414980e-06
3.571428613164635e-09	1.390951e-02	1.121997e-05
4.464285766455793e-09	1.390951e-02	1.402497e-05
5.357142919746952e-09	1.390951e-02	1.682996e-05
6.250000073038109e-09	1.390952e-02	1.963495e-05
1.250000014607622e-08	1.390956e-02	3.926991e-05
2.500000029215244e-08	1.390971e-02	7.853982e-05
5.000000058430487e-08	1.390965e-02	1.570796e-04
2.000000023372195e-07	1.378990e-02	6.283183e-04
3.928853303894336e-07	1.308434e-02	1.234284e-03
7.567239205270786e-07	1.030123e-02	2.377309e-03
1.153027890735381e-06	6.054457e-03	3.622312e-03
1.572058651490961e-06	1.057827e-03	4.938688e-03
1.954413391461999e-06	-3.664543e-03	6.139816e-03
2.562287967555466e-06	-1.126157e-02	8.049318e-03
7.499555808143947e-06	-7.341954e-02	2.358939e-02
1.243682364873243e-05	-1.353453e-01	3.906954e-02
1.737409148932091e-05	-1.970387e-01	5.448974e-02
2.231135932990939e-05	-2.584999e-01	6.985001e-02
2.724862717049787e-05	-3.197288e-01	8.515034e-02
3.218589501108635e-05	-3.807254e-01	1.003907e-01
3.712316285167482e-05	-4.414898e-01	1.155712e-01
4.806708026238911e-05	-5.755126e-01	1.490477e-01
5.901099767310340e-05	-7.053268e-01	1.814646e-01
6.995491508381770e-05	-8.309324e-01	2.128218e-01
8.089883249453198e-05	-9.523294e-01	2.431193e-01
9.184274990524626e-05	-1.069518e+00	2.723572e-01
1.027866673159605e-04	-1.182498e+00	3.005354e-01
1.137305847266748e-04	-1.291269e+00	3.276540e-01
1.188438398187507e-04	-1.339380e+00	3.396452e-01
1.239570949108266e-04	-1.385979e+00	3.512571e-01
1.290703500029025e-04	-1.431066e+00	3.624896e-01
1.341836050949784e-04	-1.474640e+00	3.733428e-01
1.392968601870543e-04	-1.516703e+00	3.838167e-01
1.444101152791302e-04	-1.557253e+00	3.939113e-01
1.495233703712061e-04	-1.596291e+00	4.036266e-01
1.496646484330071e-04	-1.597146e+00	4.038883e-01
1.498140332164753e-04	-1.597499e+00	4.041648e-01
1.505795550118566e-04	-1.597282e+00	4.055761e-01
1.513450768072380e-04	-1.597067e+00	4.069779e-01
1.521105986026194e-04	-1.596855e+00	4.083702e-01
1.528761203980007e-04	-1.596644e+00	4.097531e-01
1.536416421933821e-04	-1.596436e+00	4.111265e-01
1.544071639887635e-04	-1.596230e+00	4.124905e-01
1.551726857841448e-04	-1.596026e+00	4.138450e-01
1.555455291673404e-04	-1.604536e+00	4.145012e-01
1.559365638501178e-04	-1.625771e+00	4.151869e-01
1.561307120984182e-04	-1.634942e+00	4.155265e-01
1.563355446862661e-04	-1.640093e+00	4.158840e-01
1.565544646752976e-04	-1.643852e+00	4.162655e-01
1.567737933632193e-04	-1.646786e+00	4.166468e-01
1.571070875108982e-04	-1.650150e+00	4.172247e-01
1.575968140078148e-04	-1.654163e+00	4.180706e-01
1.581402985059065e-04	-1.658062e+00	4.190047e-01
1.592031978980490e-04	-1.665412e+00	4.208174e-01
1.603606303518614e-04	-1.673246e+00	4.227699e-01
1.698995903122721e-04	-1.734932e+00	4.381006e-01
1.794385502726828e-04	-1.789915e+00	4.517533e-01
1.889775102330935e-04	-1.838196e+00	4.637281e-01
1.985164701935042e-04	-1.879773e+00	4.740250e-01
2.080554301539149e-04	-1.914646e+00	4.826440e-01
2.175943901143255e-04	-1.942817e+00	4.895850e-01
2.271333500747362e-04	-1.964285e+00	4.948482e-01
2.378989750747362e-04	-1.979587e+00	4.985555e-01
2.388989750747362e-04	-1.980545e+00	4.987842e-01
2.437817875747362e-04	-1.984098e+00	4.996184e-01
2.447817875747362e-04	-1.984592e+00	4.997313e-01
2.496646000747362e-04	-1.985879e+00	4.999989e-01
2.545474125747362e-04	-1.985282e+00	4.997959e-01
2.594302250747362e-04	-1.982806e+00	4.991226e-01
2.643130375747363e-04	-1.978448e+00	4.979794e-01
2.691958500747363e-04	-1.972217e+00	4.963676e-01
2.701958500747363e-04	-1.970709e+00	4.959798e-01
2.760786625747363e-04	-1.960200e+00	4.932878e-01
2.819614750747363e-04	-1.947049e+00	4.899359e-01
2.878442875747364e-04	-1.931258e+00	4.859243e-01
2.937271000747364e-04	-1.912825e+00	4.812529e-01
2.996099125747364e-04	-1.891751e+00	4.759218e-01
3.054927250747365e-04	-1.868035e+00	4.699308e-01
3.113755375747365e-04	-1.841678e+00	4.632801e-01
3.170282998515222e-04	-1.813919e+00	4.562821e-01
3.226810621283079e-04	-1.783959e+00	4.487348e-01
3.283338244050937e-04	-1.751797e+00	4.406380e-01
3.339865866818794e-04	-1.717433e+00	4.319918e-01
3.396393489586652e-04	-1.680867e+00	4.227962e-01
3.452921112354509e-04	-1.642099e+00	4.130511e-01
3.509448735122366e-04	-1.601130e+00	4.027566e-01
3.519448735122366e-04	-1.596720e+00	4.008870e-01
3.529260221964219e-04	-1.596352e+00	3.990373e-01
3.532576616430863e-04	-1.596371e+00	3.984087e-01
3.553006079598193e-04	-1.595885e+00	3.944980e-01
3.573440815554771e-04	-1.595438e+00	3.905213e-01
3.575848056053665e-04	-1.590384e+00	3.900486e-01
3.578117682808150e-04	-1.576851e+00	3.896021e-01
3.579902281208429e-04	-1.565072e+00	3.892504e-01
3.581314630016000e-04	-1.558643e+00	3.889718e-01
3.582918948153428e-04	-1.553402e+00	3.886549e-01
3.584911656219376e-04	-1.548536e+00	3.882608e-01
3.587263280870038e-04	-1.544421e+00	3.877948e-01
3.590842719361646e-04	-1.539854e+00	3.870840e-01
3.594851390066947e-04	-1.535943e+00	3.862856e-01
3.600638173130383e-04	-1.531009e+00	3.851288e-01
3.607714761454488e-04	-1.525288e+00	3.837072e-01
3.729382141726869e-04	-1.421506e+00	3.576589e-01
3.851049521999251e-04	-1.311067e+00	3.299545e-01
3.972716902271632e-04	-1.193972e+00	3.005941e-01
4.094384282544014e-04	-1.070220e+00	2.695776e-01
4.216051662816395e-04	-9.398104e-01	2.369050e-01
4.337719043088777e-04	-8.027445e-01	2.025763e-01
4.459386423361158e-04	-6.590217e-01	1.665915e-01
4.527770909968302e-04	-5.771197e-01	1.460901e-01
4.596155396575444e-04	-4.945128e-01	1.254156e-01
4.664539883182587e-04	-4.112011e-01	1.045682e-01
4.732924369789730e-04	-3.271846e-01	8.354772e-02
4.801308856396873e-04	-2.424633e-01	6.235431e-02
4.869693343004017e-04	-1.570371e-01	4.098791e-02
4.938077829611159e-04	-7.090616e-02	1.944852e-02
4.976388376486160e-04	-2.279122e-02	7.417538e-03
4.996388376486160e-04	2.337175e-03	1.134624e-03
5.039950039432588e-04	5.717173e-02	-1.257480e-02
5.083511702379018e-04	1.118719e-01	-2.624931e-02
5.127073365325446e-04	1.664376e-01	-3.988889e-02
5.170635028271876e-04	2.208689e-01	-5.349354e-02
5.214196691218304e-04	2.751658e-01	-6.706328e-02
5.257758354164733e-04	3.293283e-01	-8.059809e-02
5.301320017111162e-04	3.833564e-01	-9.409797e-02
5.409330619789733e-04	5.170630e-01	-1.275010e-01
5.517341222468305e-04	6.470597e-01	-1.599691e-01
5.625351825146877e-04	7.733464e-01	-1.915023e-01
5.733362427825450e-04	8.959232e-01	-2.221006e-01
5.841373030504021e-04	1.014790e+00	-2.517639e-01
5.949383633182593e-04	1.129947e+00	-2.804923e-01
6.057394235861165e-04	1.241394e+00	-3.082857e-01
6.184883075146880e-04	1.365368e+00	-3.391891e-01
6.312371914432595e-04	1.479047e+00	-3.675121e-01
6.439860753718310e-04	1.582431e+00	-3.932547e-01
6.567349593004024e-04	1.675522e+00	-4.164169e-01
6.694838432289740e-04	1.758318e+00	-4.369986e-01
6.822327271575455e-04	1.830819e+00	-4.549999e-01
6.949816110861169e-04	1.893026e+00	-4.704208e-01
7.017048253718313e-04	1.920328e+00	-4.771762e-01
7.084280396575456e-04	1.944140e+00	-4.830586e-01
7.151512539432599e-04	1.964464e+00	-4.880680e-01
7.218744682289742e-04	1.981298e+00	-4.922044e-01
7.285976825146885e-04	1.994643e+00	-4.954677e-01
7.353208968004028e-04	2.004498e+00	-4.978581e-01
7.420441110861172e-04	2.010865e+00	-4.993754e-01
7.465150932289743e-04	2.013078e+00	-4.998792e-01
7.509860753718314e-04	2.013715e+00	-4.999893e-01
7.554570575146886e-04	2.012778e+00	-4.997055e-01
7.599280396575458e-04	2.010265e+00	-4.990280e-01
7.643990218004030e-04	2.006177e+00	-4.979567e-01
7.688700039432601e-04	2.000513e+00	-4.964915e-01
7.733409860861172e-04	1.993275e+00	-4.946327e-01
7.817450039432601e-04	1.975239e+00	-4.900313e-01
7.901490218004030e-04	1.951942e+00	-4.841160e-01
7.985530396575459e-04	1.923384e+00	-4.768867e-01
8.069570575146888e-04	1.889563e+00	-4.683435e-01
8.153610753718317e-04	1.850481e+00	-4.584862e-01
8.237650932289746e-04	1.806137e+00	-4.473150e-01
8.321691110861175e-04	1.756531e+00	-4.348299e-01
8.456155396575462e-04	1.665438e+00	-4.119266e-01
8.590619682289748e-04	1.564569e+00	-3.865879e-01
8.725083968004034e-04	1.453923e+00	-3.588140e-01
8.859548253718321e-04	1.333501e+00	-3.286048e-01
8.994012539432607e-04	1.203302e+00	-2.959603e-01
9.128476825146893e-04	1.063327e+00	-2.608805e-01
9.262941110861180e-04	9.135751e-01	-2.233653e-01
9.347020351932609e-04	8.172357e-01	-1.992387e-01
9.431099593004038e-04	7.193743e-01	-1.747362e-01
9.515178834075467e-04	6.199910e-01	-1.498579e-01
9.599258075146896e-04	5.190856e-01	-1.246037e-01
9.683337316218324e-04	4.166583e-01	-9.897375e-02
9.767416557289754e-04	3.127090e-01	-7.296794e-02
9.851495798361182e-04	2.072377e-01	-4.658630e-02
1.000811689211118e-03	1.074208e-02	2.549986e-03
1.001811689211118e-03	-1.823002e-03	5.691466e-03
1.006310712648618e-03	-5.845065e-02	1.984849e-02
1.010809736086118e-03	-1.149082e-01	3.396160e-02
1.015308759523618e-03	-1.711957e-01	4.803078e-02
1.019807782961118e-03	-2.273132e-01	6.205605e-02
1.024306806398618e-03	-2.832606e-01	7.603739e-02
1.028805829836117e-03	-3.390379e-01	8.997482e-02
1.033304853273617e-03	-3.946452e-01	1.038683e-01
1.044248770684331e-03	-5.294944e-01	1.375543e-01
1.055192688095045e-03	-6.603415e-01	1.702321e-01
1.066136605505759e-03	-7.871864e-01	2.019018e-01
1.077080522916473e-03	-9.100292e-01	2.325634e-01
1.088024440327187e-03	-1.028870e+00	2.622169e-01
1.098968357737901e-03	-1.143708e+00	2.908623e-01
1.109912275148615e-03	-1.254544e+00	3.184996e-01
1.115555306677633e-03	-1.308712e+00	3.320021e-01
1.121198338206651e-03	-1.361058e+00	3.450477e-01
1.126841369735668e-03	-1.411583e+00	3.576364e-01
1.132484401264686e-03	-1.460287e+00	3.697683e-01
1.138127432793704e-03	-1.507169e+00	3.814433e-01
1.143770464322721e-03	-1.552231e+00	3.926614e-01
1.149413495851739e-03	-1.595471e+00	4.034227e-01
1.149711218812418e-03	-1.597025e+00	4.039746e-01
1.149992110733130e-03	-1.597275e+00	4.044939e-01
1.150436275308363e-03	-1.597066e+00	4.053126e-01
1.151117475114005e-03	-1.596881e+00	4.065621e-01
1.151798674919647e-03	-1.596696e+00	4.078041e-01
1.152479874725289e-03	-1.596511e+00	4.090385e-01
1.153161074530931e-03	-1.596325e+00	4.102655e-01
1.153842274336573e-03	-1.596140e+00	4.114850e-01
1.154523474142215e-03	-1.595954e+00	4.126969e-01
1.155204673947856e-03	-1.595769e+00	4.139014e-01
1.155564290078586e-03	-1.603993e+00	4.145341e-01
1.155935849362406e-03	-1.624582e+00	4.151857e-01
1.156132450953774e-03	-1.634249e+00	4.155295e-01
1.156333237188107e-03	-1.639586e+00	4.158800e-01
1.156548934012360e-03	-1.643497e+00	4.162558e-01
1.156770950480294e-03	-1.646598e+00	4.166418e-01
1.157093130079815e-03	-1.649953e+00	4.172005e-01
1.157567055423989e-03	-1.653917e+00	4.180193e-01
1.158093547471747e-03	-1.657727e+00	4.189245e-01
1.159105154383832e-03	-1.664743e+00	4.206510e-01
1.160203303817131e-03	-1.672184e+00	4.225059e-01
1.169691449759958e-03	-1.733656e+00	4.377837e-01
1.179179595702786e-03	-1.788502e+00	4.514027e-01
1.188667741645613e-03	-1.836721e+00	4.633628e-01
1.198155887588440e-03	-1.878314e+00	4.736641e-01
1.207644033531268e-03	-1.913279e+00	4.823065e-01
1.217132179474095e-03	-1.941617e+00	4.892901e-01
1.226620325416922e-03	-1.963329e+00	4.946149e-01
1.237385950416922e-03	-1.979064e+00	4.984304e-01
1.238385950416922e-03	-1.980062e+00	4.986693e-01
1.243268762916922e-03	-1.983812e+00	4.995529e-01
1.244268762916922e-03	-1.984347e+00	4.996758e-01
1.249151575416922e-03	-1.985832e+00	4.999929e-01
1.254034387916922e-03	-1.985433e+00	4.998394e-01
1.258917200416922e-03	-1.983154e+00	4.992154e-01
1.263800012916921e-03	-1.978993e+00	4.981216e-01
1.268682825416921e-03	-1.972959e+00	4.965590e-01
1.269682825416921e-03	-1.971491e+00	4.961812e-01
1.275565637916921e-03	-1.961219e+00	4.935483e-01
1.281448450416921e-03	-1.948303e+00	4.902551e-01
1.287331262916921e-03	-1.932744e+00	4.863015e-01
1.293214075416921e-03	-1.914541e+00	4.816876e-01
1.299096887916920e-03	-1.893695e+00	4.764134e-01
1.304979700416920e-03	-1.870205e+00	4.704788e-01
1.310862512916920e-03	-1.844072e+00	4.638839e-01
1.316602468274063e-03	-1.816081e+00	4.568270e-01
1.322342423631205e-03	-1.785818e+00	4.492030e-01
1.328082378988348e-03	-1.753282e+00	4.410118e-01
1.333822334345491e-03	-1.718473e+00	4.322534e-01
1.339562289702633e-03	-1.681391e+00	4.229279e-01
1.345302245059776e-03	-1.642036e+00	4.130352e-01
1.351042200416919e-03	-1.600408e+00	4.025753e-01
1.352042200416919e-03	-1.595995e+00	4.007042e-01
1.353042200416919e-03	-1.595622e+00	3.988173e-01
1.353383030438319e-03	-1.595641e+00	3.981705e-01
1.355466496917979e-03	-1.595143e+00	3.941776e-01
1.357282278310514e-03	-1.594745e+00	3.906425e-01
1.357538151780870e-03	-1.589362e+00	3.901403e-01
1.357771201908235e-03	-1.575758e+00	3.896819e-01
1.357951185162186e-03	-1.564355e+00	3.893274e-01
1.358097228543762e-03	-1.558056e+00	3.890393e-01
1.358261980352618e-03	-1.552976e+00	3.887140e-01
1.358467781106728e-03	-1.548236e+00	3.883070e-01
1.358709988566896e-03	-1.544234e+00	3.878272e-01
1.359079811685062e-03	-1.539728e+00	3.870929e-01
1.359492724706195e-03	-1.535815e+00	3.862705e-01
1.360102983533730e-03	-1.530676e+00	3.850503e-01
1.360845445478965e-03	-1.524692e+00	3.835582e-01
1.373110704465870e-03	-1.419955e+00	3.572700e-01
1.385375963452775e-03	-1.308477e+00	3.293051e-01
1.397641222439680e-03	-1.190258e+00	2.996633e-01
1.409906481426584e-03	-1.065299e+00	2.683446e-01
1.422171740413489e-03	-9.335996e-01	2.353492e-01
1.434436999400394e-03	-7.951593e-01	2.006769e-01
1.446702258387299e-03	-6.499782e-01	1.643277e-01
1.453112135619442e-03	-5.731656e-01	1.451005e-01
1.459522012851584e-03	-4.957187e-01	1.257175e-01
1.465931890083727e-03	-4.176377e-01	1.061788e-01
1.472341767315870e-03	-3.389225e-01	8.648436e-02
1.478751644548013e-03	-2.595730e-01	6.663424e-02
1.485161521780155e-03	-1.795894e-01	4.662840e-02
1.491571399012298e-03	-9.897164e-02	2.646686e-02
1.498402453699798e-03	-1.319705e-02	5.018755e-03
1.500402453699798e-03	1.193251e-02	-1.264344e-03
1.505591627806941e-03	7.729647e-02	-1.760584e-02
1.510780801914083e-03	1.424211e-01	-3.388564e-02
1.515969976021226e-03	2.073063e-01	-5.010372e-02
1.521159150128369e-03	2.719522e-01	-6.626009e-02
1.526348324235512e-03	3.363588e-01	-8.235476e-02
1.531537498342654e-03	4.005260e-01	-9.838771e-02
1.536726672449797e-03	4.644538e-01	-1.143590e-01
1.547677983833726e-03	5.987297e-01	-1.478990e-01
1.558629295217654e-03	7.287873e-01	-1.803769e-01
1.569580606601582e-03	8.546265e-01	-2.117928e-01
1.580531917985510e-03	9.762474e-01	-2.421465e-01
1.591483229369438e-03	1.093650e+00	-2.714382e-01
1.602434540753367e-03	1.206834e+00	-2.996677e-01
1.613385852137295e-03	1.315800e+00	-3.268352e-01
1.625151477137295e-03	1.425557e+00	-3.541870e-01
1.636917102137294e-03	1.526370e+00	-3.792975e-01
1.648682727137294e-03	1.618240e+00	-4.021665e-01
1.660448352137293e-03	1.701167e+00	-4.227941e-01
1.672213977137293e-03	1.775150e+00	-4.411802e-01
1.683979602137293e-03	1.840190e+00	-4.573250e-01
1.695745227137292e-03	1.896288e+00	-4.712283e-01
1.702468441423006e-03	1.923204e+00	-4.778871e-01
1.709191655708720e-03	1.946627e+00	-4.836721e-01
1.715914869994435e-03	1.966558e+00	-4.885833e-01
1.722638084280148e-03	1.982996e+00	-4.926206e-01
1.729361298565863e-03	1.995942e+00	-4.957841e-01
1.736084512851577e-03	2.005395e+00	-4.980738e-01
1.742807727137291e-03	2.011355e+00	-4.994895e-01
1.747135852137291e-03	2.013261e+00	-4.999182e-01
1.751463977137291e-03	2.013691e+00	-4.999778e-01
1.755792102137291e-03	2.012644e+00	-4.996684e-01
1.760120227137290e-03	2.010122e+00	-4.989899e-01
1.764448352137290e-03	2.006123e+00	-4.979425e-01
1.768776477137290e-03	2.000648e+00	-4.965261e-01
1.773104602137290e-03	1.993697e+00	-4.947406e-01
1.781651477137290e-03	1.975456e+00	-4.900863e-01
1.790198352137290e-03	1.951777e+00	-4.840739e-01
1.798745227137289e-03	1.922659e+00	-4.767034e-01
1.807292102137289e-03	1.888103e+00	-4.679748e-01
1.815838977137289e-03	1.848108e+00	-4.578882e-01
1.824385852137288e-03	1.802675e+00	-4.464434e-01
1.832932727137288e-03	1.751804e+00	-4.336406e-01
1.846379155708716e-03	1.660013e+00	-4.105632e-01
1.859825584280144e-03	1.558495e+00	-3.850628e-01
1.873272012851572e-03	1.447250e+00	-3.571394e-01
1.886718441423001e-03	1.326277e+00	-3.267931e-01
1.900164869994429e-03	1.195577e+00	-2.940239e-01
1.913611298565857e-03	1.055150e+00	-2.588317e-01
1.927057727137285e-03	9.049959e-01	-2.212165e-01
1.935465651244428e-03	8.084405e-01	-1.970362e-01
1.943873575351571e-03	7.103887e-01	-1.724866e-01
1.952281499458714e-03	6.108407e-01	-1.475675e-01
1.960689423565857e-03	5.097964e-01	-1.222790e-01
1.969097347673000e-03	4.072558e-01	-9.662117e-02
1.977505271780142e-03	3.032189e-01	-7.059391e-02
1.985913195887285e-03	1.976857e-01	-4.419724e-02
2.000354602137286e-03	1.648576e-02	1.114015e-03
2.001575305262286e-03	1.147481e-03	4.948887e-03
2.005788614414071e-03	-5.187385e-02	1.820445e-02
2.010001923565857e-03	-1.047569e-01	3.142420e-02
2.014215232717643e-03	-1.575016e-01	4.460814e-02
2.018428541869429e-03	-2.101081e-01	5.775626e-02
2.022641851021215e-03	-2.625763e-01	7.086857e-02
2.026855160173001e-03	-3.149061e-01	8.394507e-02
2.031068469324787e-03	-3.670977e-01	9.698576e-02
2.041743413521215e-03	-4.990105e-01	1.299401e-01
2.052418357717644e-03	-6.272863e-01	1.619778e-01
2.063093301914073e-03	-7.519251e-01	1.930990e-01
2.073768246110501e-03	-8.729268e-01	2.233037e-01
2.084443190306930e-03	-9.902915e-01	2.525918e-01
2.095118134503359e-03	-1.104019e+00	2.809634e-01
2.105793078699787e-03	-1.214110e+00	3.084184e-01
2.112033697462140e-03	-1.275254e+00	3.236622e-01
2.118274316224493e-03	-1.334200e+00	3.383544e-01
2.124514934986846e-03	-1.390947e+00	3.524950e-01
2.130755553749198e-03	-1.445495e+00	3.660840e-01
2.136996172511551e-03	-1.497844e+00	3.791214e-01
2.143236791273904e-03	-1.547995e+00	3.916072e-01
2.149477410036257e-03	-1.595947e+00	4.035413e-01
2.149719558295623e-03	-1.597265e+00	4.039900e-01
2.149949980388251e-03	-1.597552e+00	4.044161e-01
2.150827633333494e-03	-1.597242e+00	4.060313e-01
2.151478384564186e-03	-1.597062e+00	4.072210e-01
2.152129135794877e-03	-1.596883e+00	4.084039e-01
2.152779887025569e-03	-1.596704e+00	4.095799e-01
2.153430638256260e-03	-1.596526e+00	4.107490e-01
2.154081389486952e-03	-1.596349e+00	4.119113e-01
2.154732140717644e-03	-1.596172e+00	4.130667e-01
2.155382891948335e-03	-1.595995e+00	4.142152e-01
2.155753485471476e-03	-1.604711e+00	4.148662e-01
2.156142214970206e-03	-1.626500e+00	4.155466e-01
2.156335148308746e-03	-1.635934e+00	4.158834e-01
2.156537021124323e-03	-1.641201e+00	4.162351e-01
2.156753387182342e-03	-1.645041e+00	4.166113e-01
2.156969504559334e-03	-1.648018e+00	4.169863e-01
2.157294367597678e-03	-1.651374e+00	4.175487e-01
2.157771860375791e-03	-1.655344e+00	4.183720e-01
2.158302260100438e-03	-1.659168e+00	4.192821e-01
2.159321934312061e-03	-1.666221e+00	4.210187e-01
2.160435007102797e-03	-1.673747e+00	4.228947e-01
2.169935944494857e-03	-1.735149e+00	4.381545e-01
2.179436881886917e-03	-1.789901e+00	4.517500e-01
2.188937819278976e-03	-1.838005e+00	4.636811e-01
2.198438756671036e-03	-1.879460e+00	4.739478e-01
2.207939694063096e-03	-1.914265e+00	4.825501e-01
2.217440631455155e-03	-1.942422e+00	4.894880e-01
2.226941568847215e-03	-1.963930e+00	4.947616e-01
2.237707193847215e-03	-1.979393e+00	4.985093e-01
2.238707193847215e-03	-1.980366e+00	4.987419e-01
2.243590006347215e-03	-1.983993e+00	4.995945e-01
2.244590006347215e-03	-1.984503e+00	4.997112e-01
2.249472818847215e-03	-1.985864e+00	4.999973e-01
2.254355631347215e-03	-1.985340e+00	4.998128e-01
2.259238443847215e-03	-1.982938e+00	4.991579e-01
2.264121256347215e-03	-1.978654e+00	4.980332e-01
2.269004068847215e-03	-1.972496e+00	4.964398e-01
2.270004068847215e-03	-1.971003e+00	4.960558e-01
2.275886881347215e-03	-1.960583e+00	4.933858e-01
2.281769693847215e-03	-1.947520e+00	4.900558e-01
2.287652506347215e-03	-1.931815e+00	4.860659e-01
2.293535318847215e-03	-1.913468e+00	4.814160e-01
2.299418131347215e-03	-1.892479e+00	4.761061e-01
2.305300943847215e-03	-1.868848e+00	4.701362e-01
2.311183756347215e-03	-1.842574e+00	4.635064e-01
2.316923711704358e-03	-1.814449e+00	4.564159e-01
2.322663667061501e-03	-1.784054e+00	4.487589e-01
2.328403622418644e-03	-1.751388e+00	4.405353e-01
2.334143577775786e-03	-1.716452e+00	4.317453e-01
2.339883533132929e-03	-1.679246e+00	4.223887e-01
2.345623488490072e-03	-1.639769e+00	4.124656e-01
2.351363443847215e-03	-1.598022e+00	4.019760e-01
2.352363443847215e-03	-1.593597e+00	4.000998e-01
2.353363443847215e-03	-1.593223e+00	3.982078e-01
2.353704273868616e-03	-1.593242e+00	3.975593e-01
2.355787740348275e-03	-1.592744e+00	3.935559e-01
2.357603521740810e-03	-1.592346e+00	3.900118e-01
2.357859557750689e-03	-1.586944e+00	3.895079e-01
2.358092873906736e-03	-1.573287e+00	3.890480e-01
2.358272553367800e-03	-1.561873e+00	3.886931e-01
2.358418362409287e-03	-1.555566e+00	3.884048e-01
2.358582937107415e-03	-1.550475e+00	3.880790e-01
2.358788402925811e-03	-1.545727e+00	3.876717e-01
2.359030271703099e-03	-1.541715e+00	3.871914e-01
2.359399552128736e-03	-1.537199e+00	3.864563e-01
2.359811903303379e-03	-1.533278e+00	3.856330e-01
2.360420683551990e-03	-1.528137e+00	3.844129e-01
2.361161483131182e-03	-1.522152e+00	3.829205e-01
2.373421920740294e-03	-1.417229e+00	3.565861e-01
2.385682358349406e-03	-1.305589e+00	3.285808e-01
2.397942795958518e-03	-1.187232e+00	2.989046e-01
2.410203233567630e-03	-1.062157e+00	2.675574e-01
2.422463671176742e-03	-9.303658e-01	2.345392e-01
2.434724108785855e-03	-7.918570e-01	1.998500e-01
2.446984546394967e-03	-6.466311e-01	1.634899e-01
2.453348106662824e-03	-5.703402e-01	1.443933e-01
2.459711666930682e-03	-4.934256e-01	1.251437e-01
2.466075227198539e-03	-4.158874e-01	1.057409e-01
2.472438787466396e-03	-3.377254e-01	8.618495e-02
2.478802347734253e-03	-2.589398e-01	6.647589e-02
2.485165908002111e-03	-1.795304e-01	4.661371e-02
2.491529468269968e-03	-9.949739e-02	2.659840e-02
2.498360522957468e-03	-1.372359e-02	5.150478e-03
2.500360522957468e-03	1.140592e-02	-1.132615e-03
2.505549697064611e-03	7.677014e-02	-1.747420e-02
2.510738871171754e-03	1.418956e-01	-3.375421e-02
2.515928045278897e-03	2.067822e-01	-4.997266e-02
2.521117219386040e-03	2.714300e-01	-6.612953e-02
2.526306393493183e-03	3.358390e-01	-8.222483e-02
2.531495567600326e-03	4.000093e-01	-9.825856e-02
2.536684741707469e-03	4.639407e-01	-1.142307e-01
2.547636053091398e-03	5.982261e-01	-1.477732e-01
2.558587364475327e-03	7.282955e-01	-1.802541e-01
2.569538675859255e-03	8.541487e-01	-2.116734e-01
2.580489987243184e-03	9.757858e-01	-2.420313e-01
2.591441298627113e-03	1.093207e+00	-2.713275e-01
2.602392610011041e-03	1.206412e+00	-2.995623e-01
2.613343921394970e-03	1.315400e+00	-3.267355e-01
2.625109546394970e-03	1.425184e+00	-3.540941e-01
2.636875171394970e-03	1.526025e+00	-3.792117e-01
2.648640796394970e-03	1.617926e+00	-4.020882e-01
2.660406421394970e-03	1.700884e+00	-4.227238e-01
2.672172046394970e-03	1.774901e+00	-4.411183e-01
2.683937671394970e-03	1.839976e+00	-4.572718e-01
2.695703296394970e-03	1.896110e+00	-4.711842e-01
2.702426510680685e-03	1.923047e+00	-4.778484e-01
2.709149724966399e-03	1.946492e+00	-4.836387e-01
2.715872939252113e-03	1.966444e+00	-4.885553e-01
2.722596153537828e-03	1.982904e+00	-4.925981e-01
2.729319367823542e-03	1.995872e+00	-4.957670e-01
2.736042582109256e-03	2.005347e+00	-4.980622e-01
2.742765796394971e-03	2.011330e+00	-4.994836e-01
2.747093921394971e-03	2.013250e+00	-4.999158e-01
2.751422046394971e-03	2.013694e+00	-4.999790e-01
2.755750171394971e-03	2.012662e+00	-4.996731e-01
2.760078296394970e-03	2.010153e+00	-4.989983e-01
2.764406421394970e-03	2.006169e+00	-4.979544e-01
2.768734546394970e-03	2.000708e+00	-4.965416e-01
2.773062671394970e-03	1.993771e+00	-4.947597e-01
2.781609546394970e-03	1.975558e+00	-4.901124e-01
2.790156421394970e-03	1.951907e+00	-4.841069e-01
2.798703296394970e-03	1.922816e+00	-4.767431e-01
2.807250171394971e-03	1.888287e+00	-4.680212e-01
2.815797046394970e-03	1.848318e+00	-4.579411e-01
2.824343921394971e-03	1.802911e+00	-4.465027e-01
2.832890796394971e-03	1.752065e+00	-4.337062e-01
2.846337224966399e-03	1.660312e+00	-4.106383e-01
2.859783653537828e-03	1.558830e+00	-3.851467e-01
2.873230082109257e-03	1.447617e+00	-3.572316e-01
2.886676510680685e-03	1.326675e+00	-3.268928e-01
2.900122939252114e-03	1.196002e+00	-2.941304e-01
2.913569367823542e-03	1.055600e+00	-2.589443e-01
2.927015796394971e-03	9.054677e-01	-2.213346e-01
2.935423720502114e-03	8.089241e-01	-1.971573e-01
2.943831644609257e-03	7.108828e-01	-1.726102e-01
2.952239568716400e-03	6.113438e-01	-1.476934e-01
2.960647492823543e-03	5.103071e-01	-1.224068e-01
2.969055416930686e-03	4.077726e-01	-9.675041e-02
2.977463341037829e-03	3.037405e-01	-7.072431e-02
2.985871265144972e-03	1.982106e-01	-4.432845e-02
3.000312671394972e-03	1.701286e-02	9.822855e-04
3.001533374519973e-03	1.674579e-03	4.817164e-03
3.005572297511044e-03	-4.914655e-02	1.752264e-02
3.009611220502115e-03	-9.984559e-02	3.019649e-02
3.013650143493187e-03	-1.504225e-01	4.283872e-02
3.017689066484259e-03	-2.008774e-01	5.544933e-02
3.021727989475330e-03	-2.512102e-01	6.802831e-02
3.025766912466402e-03	-3.014208e-01	8.057567e-02
3.029805835457473e-03	-3.515094e-01	9.309141e-02
3.040512308671759e-03	-4.840474e-01	1.262026e-01
3.051218781886045e-03	-6.129889e-01	1.584074e-01
3.061925255100331e-03	-7.383340e-01	1.897059e-01
3.072631728314617e-03	-8.600826e-01	2.200979e-01
3.083338201528903e-03	-9.782348e-01	2.495835e-01
3.094044674743188e-03	-1.092791e+00	2.781626e-01
3.104751147957474e-03	-1.203750e+00	3.058354e-01
3.111143752934952e-03	-1.266701e+00	3.215302e-01
3.117536357912430e-03	-1.327352e+00	3.366480e-01
3.123928962889909e-03	-1.385704e+00	3.511888e-01
3.130321567867387e-03	-1.441755e+00	3.651526e-01
3.136714172844865e-03	-1.495507e+00	3.785394e-01
3.143106777822343e-03	-1.546959e+00	3.913492e-01
3.149499382799821e-03	-1.596110e+00	4.035821e-01
3.149745381714999e-03	-1.597445e+00	4.040378e-01
3.149982111569049e-03	-1.597730e+00	4.044755e-01
3.150868730798218e-03	-1.597414e+00	4.061067e-01
3.151518918876518e-03	-1.597235e+00	4.072949e-01
3.152169106954818e-03	-1.597055e+00	4.084763e-01
3.152819295033118e-03	-1.596876e+00	4.096508e-01
3.153469483111418e-03	-1.596698e+00	4.108186e-01
3.154119671189718e-03	-1.596521e+00	4.119794e-01
3.154769859268018e-03	-1.596344e+00	4.131334e-01
3.155420047346318e-03	-1.596167e+00	4.142806e-01
3.155790576433669e-03	-1.604896e+00	4.149312e-01
3.156179233375071e-03	-1.626721e+00	4.156112e-01
3.156372093941289e-03	-1.636169e+00	4.159478e-01
3.156573813968461e-03	-1.641441e+00	4.162991e-01
3.156790046135474e-03	-1.645286e+00	4.166750e-01
3.157005970648457e-03	-1.648265e+00	4.170496e-01
3.157330392956493e-03	-1.651620e+00	4.176109e-01
3.157807235897076e-03	-1.655586e+00	4.184328e-01
3.158336943945939e-03	-1.659406e+00	4.193415e-01
3.159354346784805e-03	-1.666442e+00	4.210736e-01
3.160465103520914e-03	-1.673950e+00	4.229451e-01
3.169964055723293e-03	-1.735320e+00	4.381970e-01
3.179463007925673e-03	-1.790043e+00	4.517851e-01
3.188961960128052e-03	-1.838119e+00	4.637094e-01
3.198460912330431e-03	-1.879549e+00	4.739699e-01
3.207959864532810e-03	-1.914332e+00	4.825667e-01
3.217458816735190e-03	-1.942469e+00	4.894997e-01
3.226957768937569e-03	-1.963959e+00	4.947689e-01
3.237723393937569e-03	-1.979409e+00	4.985133e-01
3.238723393937569e-03	-1.980381e+00	4.987455e-01
3.243606206437569e-03	-1.984002e+00	4.995966e-01
3.244606206437569e-03	-1.984510e+00	4.997129e-01
3.249489018937569e-03	-1.985865e+00	4.999974e-01
3.254371831437569e-03	-1.985335e+00	4.998114e-01
3.259254643937569e-03	-1.982926e+00	4.991549e-01
3.264137456437569e-03	-1.978636e+00	4.980287e-01
3.269020268937568e-03	-1.972472e+00	4.964337e-01
3.270020268937569e-03	-1.970978e+00	4.960494e-01
3.275903081437569e-03	-1.960550e+00	4.933775e-01
3.281785893937569e-03	-1.947480e+00	4.900457e-01
3.287668706437569e-03	-1.931768e+00	4.860540e-01
3.293551518937569e-03	-1.913414e+00	4.814022e-01
3.299434331437569e-03	-1.892417e+00	4.760906e-01
3.305317143937569e-03	-1.868779e+00	4.701189e-01
3.311199956437569e-03	-1.842499e+00	4.634873e-01
3.316939911794712e-03	-1.814367e+00	4.563951e-01
3.322679867151854e-03	-1.783965e+00	4.487364e-01
3.328419822508998e-03	-1.751292e+00	4.405112e-01
3.334159777866140e-03	-1.716350e+00	4.317196e-01
3.339899733223283e-03	-1.679137e+00	4.223614e-01
3.345639688580426e-03	-1.639654e+00	4.124368e-01
3.351379643937569e-03	-1.597901e+00	4.019457e-01
3.352379643937569e-03	-1.593476e+00	4.000692e-01
3.353379643937569e-03	-1.593102e+00	3.981770e-01
3.353720473958969e-03	-1.593120e+00	3.975284e-01
3.355803940438629e-03	-1.592622e+00	3.935245e-01
3.357619721831164e-03	-1.592223e+00	3.899799e-01
3.357875763140025e-03	-1.586820e+00	3.894760e-01
3.358109087962260e-03	-1.573161e+00	3.890159e-01
3.358288757544725e-03	-1.561747e+00	3.886611e-01
3.358434558967565e-03	-1.555440e+00	3.883728e-01
3.358599127906766e-03	-1.550348e+00	3.880470e-01
3.358804582847302e-03	-1.545599e+00	3.876396e-01
3.359046440627606e-03	-1.541587e+00	3.871592e-01
3.359415703397913e-03	-1.537071e+00	3.864241e-01
3.359828036312034e-03	-1.533150e+00	3.856007e-01
3.360436768531620e-03	-1.528009e+00	3.843805e-01
3.361177513913558e-03	-1.522022e+00	3.828881e-01
3.373437792778002e-03	-1.417089e+00	3.565512e-01
3.385698071642447e-03	-1.305440e+00	3.285437e-01
3.397958350506892e-03	-1.187075e+00	2.988654e-01
3.410218629371336e-03	-1.061994e+00	2.675165e-01
3.422478908235781e-03	-9.301968e-01	2.344969e-01
3.434739187100226e-03	-7.916834e-01	1.998066e-01
3.446999465964670e-03	-6.464539e-01	1.634456e-01
3.453363026232528e-03	-5.701607e-01	1.443485e-01
3.459726586500385e-03	-4.932441e-01	1.250983e-01
3.466090146768242e-03	-4.157041e-01	1.056951e-01
3.472453707036099e-03	-3.375407e-01	8.613878e-02
3.478817267303957e-03	-2.587539e-01	6.642944e-02
3.485180827571814e-03	-1.793436e-01	4.656704e-02
3.491544387839671e-03	-9.931002e-02	2.655159e-02
3.498375442527172e-03	-1.353594e-02	5.103609e-03
3.500375442527172e-03	1.159359e-02	-1.179486e-03
3.505564616634314e-03	7.695771e-02	-1.752104e-02
3.510753790741458e-03	1.420828e-01	-3.380097e-02
3.515942964848601e-03	2.069690e-01	-5.001929e-02
3.521132138955744e-03	2.716161e-01	-6.617598e-02
3.526321313062887e-03	3.360243e-01	-8.227106e-02
3.531510487170030e-03	4.001934e-01	-9.830451e-02
3.536699661277173e-03	4.641236e-01	-1.142763e-01
3.547650972661101e-03	5.984056e-01	-1.478179e-01
3.558602284045030e-03	7.284708e-01	-1.802978e-01
3.569553595428959e-03	8.543190e-01	-2.117159e-01
3.580504906812887e-03	9.759504e-01	-2.420723e-01
3.591456218196816e-03	1.093365e+00	-2.713669e-01
3.602407529580745e-03	1.206562e+00	-2.995998e-01
3.613358840964673e-03	1.315543e+00	-3.267710e-01
3.625124465964673e-03	1.425317e+00	-3.541272e-01
3.636890090964674e-03	1.526148e+00	-3.792422e-01
3.648655715964674e-03	1.618038e+00	-4.021160e-01
3.660421340964674e-03	1.700985e+00	-4.227488e-01
3.672186965964674e-03	1.774990e+00	-4.411403e-01
3.683952590964674e-03	1.840053e+00	-4.572907e-01
3.695718215964674e-03	1.896173e+00	-4.711999e-01
3.702441430250388e-03	1.923103e+00	-4.778622e-01
3.709164644536102e-03	1.946540e+00	-4.836506e-01
3.715887858821817e-03	1.966485e+00	-4.885653e-01
3.722611073107531e-03	1.982937e+00	-4.926061e-01
3.729334287393245e-03	1.995897e+00	-4.957731e-01
3.736057501678960e-03	2.005364e+00	-4.980663e-01
3.742780715964674e-03	2.011339e+00	-4.994857e-01
3.747108840964674e-03	2.013254e+00	-4.999166e-01
3.751436965964674e-03	2.013693e+00	-4.999785e-01
3.755765090964674e-03	2.012656e+00	-4.996714e-01
3.760093215964674e-03	2.010142e+00	-4.989953e-01
3.764421340964674e-03	2.006153e+00	-4.979502e-01
3.768749465964674e-03	2.000687e+00	-4.965360e-01
3.773077590964674e-03	1.993745e+00	-4.947529e-01
3.781624465964673e-03	1.975522e+00	-4.901031e-01
3.790171340964674e-03	1.951861e+00	-4.840951e-01
3.798718215964674e-03	1.922761e+00	-4.767290e-01
3.807265090964674e-03	1.888222e+00	-4.680047e-01
3.815811965964674e-03	1.848244e+00	-4.579222e-01
3.824358840964674e-03	1.802827e+00	-4.464816e-01
3.832905715964674e-03	1.751972e+00	-4.336828e-01
3.846352144536103e-03	1.660206e+00	-4.106115e-01
3.859798573107531e-03	1.558711e+00	-3.851169e-01
3.873245001678960e-03	1.447486e+00	-3.571988e-01
3.886691430250389e-03	1.326533e+00	-3.268573e-01
3.900137858821817e-03	1.195851e+00	-2.940925e-01
3.913584287393246e-03	1.055440e+00	-2.589042e-01
3.927030715964674e-03	9.053001e-01	-2.212926e-01
3.935438640071818e-03	8.087523e-01	-1.971142e-01
3.943846564178961e-03	7.107073e-01	-1.725662e-01
3.952254488286105e-03	6.111651e-01	-1.476486e-01
3.960662412393248e-03	5.101256e-01	-1.223613e-01
3.969070336500392e-03	4.075890e-01	-9.670442e-02
3.977478260607535e-03	3.035552e-01	-7.067791e-02
3.985886184714679e-03	1.980241e-01	-4.428177e-02
4.000327590964681e-03	1.682557e-02	1.029157e-03
4.001548294089680e-03	1.487289e-03	4.864033e-03
4.005587217080752e-03	-4.933376e-02	1.756948e-02
4.009626140071824e-03	-1.000326e-01	3.024328e-02
4.013665063062897e-03	-1.506092e-01	4.288542e-02
4.017703986053968e-03	-2.010636e-01	5.549591e-02
4.021742909045040e-03	-2.513958e-01	6.807475e-02
4.025781832036112e-03	-3.016058e-01	8.062193e-02
4.029820755027184e-03	-3.516935e-01	9.313746e-02
4.040527228241470e-03	-4.842288e-01	1.262480e-01
4.051233701455756e-03	-6.131668e-01	1.584519e-01
4.061940174670042e-03	-7.385075e-01	1.897492e-01
4.072646647884329e-03	-8.602511e-01	2.201399e-01
4.083353121098615e-03	-9.783974e-01	2.496240e-01
4.094059594312901e-03	-1.092946e+00	2.782016e-01
4.104766067527187e-03	-1.203898e+00	3.058725e-01
4.111158672504665e-03	-1.266845e+00	3.215661e-01
4.117551277482144e-03	-1.327491e+00	3.366827e-01
4.123943882459622e-03	-1.385838e+00	3.512222e-01
4.130336487437099e-03	-1.441884e+00	3.651846e-01
4.136729092414577e-03	-1.495630e+00	3.785700e-01
4.143121697392056e-03	-1.547076e+00	3.913784e-01
4.149514302369534e-03	-1.596221e+00	4.036097e-01
4.149709655328365e-03	-1.597332e+00	4.039717e-01
4.149874944997719e-03	-1.597634e+00	4.042774e-01
4.150636833868375e-03	-1.597409e+00	4.056813e-01
4.151398722739030e-03	-1.597188e+00	4.070758e-01
4.152160611609686e-03	-1.596970e+00	4.084609e-01
4.152922500480342e-03	-1.596757e+00	4.098366e-01
4.153684389350998e-03	-1.596548e+00	4.112029e-01
4.154446278221653e-03	-1.596343e+00	4.125599e-01
4.155208167092309e-03	-1.596142e+00	4.139075e-01
4.155579818364771e-03	-1.604643e+00	4.145614e-01
4.155961725098294e-03	-1.625512e+00	4.152310e-01
4.156158681391936e-03	-1.634917e+00	4.155754e-01
4.156363389878981e-03	-1.640144e+00	4.159326e-01
4.156582152233700e-03	-1.643960e+00	4.163136e-01
4.156803487097703e-03	-1.646954e+00	4.166983e-01
4.157135689397405e-03	-1.650328e+00	4.172742e-01
4.157620915686145e-03	-1.654320e+00	4.181121e-01
4.158160643608724e-03	-1.658198e+00	4.190395e-01
4.159212678944477e-03	-1.665476e+00	4.208335e-01
4.160355592548623e-03	-1.673211e+00	4.227615e-01
4.169882107780748e-03	-1.734823e+00	4.380737e-01
4.179408623012874e-03	-1.789751e+00	4.517126e-01
4.188935138244999e-03	-1.837993e+00	4.636782e-01
4.198461653477125e-03	-1.879551e+00	4.739703e-01
4.207988168709251e-03	-1.914423e+00	4.825891e-01
4.217514683941376e-03	-1.942611e+00	4.895346e-01
4.227041199173501e-03	-1.964114e+00	4.948067e-01
4.237806824173501e-03	-1.979493e+00	4.985334e-01
4.238806824173501e-03	-1.980459e+00	4.987640e-01
4.243689636673501e-03	-1.984047e+00	4.996070e-01
4.244689636673502e-03	-1.984549e+00	4.997217e-01
4.249572449173501e-03	-1.985871e+00	4.999982e-01
4.254455261673501e-03	-1.985310e+00	4.998041e-01
4.259338074173501e-03	-1.982869e+00	4.991396e-01
4.264220886673501e-03	-1.978546e+00	4.980054e-01
4.269103699173501e-03	-1.972351e+00	4.964024e-01
4.270103699173501e-03	-1.970850e+00	4.960164e-01
4.275986511673501e-03	-1.960383e+00	4.933350e-01
4.281869324173501e-03	-1.947275e+00	4.899936e-01
4.287752136673501e-03	-1.931525e+00	4.859924e-01
4.293634949173501e-03	-1.913134e+00	4.813314e-01
4.299517761673501e-03	-1.892100e+00	4.760104e-01
4.305400574173501e-03	-1.868425e+00	4.700296e-01
4.311283386673501e-03	-1.842108e+00	4.633889e-01
4.316936148950287e-03	-1.814388e+00	4.564005e-01
4.322588911227073e-03	-1.784465e+00	4.488624e-01
4.328241673503859e-03	-1.752339e+00	4.407747e-01
4.333894435780645e-03	-1.718011e+00	4.321375e-01
4.339547198057431e-03	-1.681480e+00	4.229506e-01
4.345199960334216e-03	-1.642747e+00	4.132141e-01
4.350852722611002e-03	-1.601811e+00	4.029281e-01
4.351852722611002e-03	-1.597404e+00	4.010600e-01
4.352833871295187e-03	-1.597034e+00	3.992117e-01
4.353165510685602e-03	-1.597053e+00	3.985835e-01
4.355208456991933e-03	-1.596563e+00	3.946758e-01
4.357251865902992e-03	-1.596111e+00	3.907021e-01
4.357492516029449e-03	-1.591064e+00	3.902299e-01
4.357719365354122e-03	-1.577552e+00	3.897839e-01
4.357897951473430e-03	-1.565776e+00	3.894323e-01
4.358039277010407e-03	-1.559351e+00	3.891537e-01
4.358199775055563e-03	-1.554114e+00	3.888369e-01
4.358399170506704e-03	-1.549251e+00	3.884428e-01
4.358634458650690e-03	-1.545140e+00	3.879769e-01
4.358992604502768e-03	-1.540575e+00	3.872662e-01
4.359393680464173e-03	-1.536667e+00	3.864680e-01
4.359972890975864e-03	-1.531733e+00	3.853109e-01
4.360681155765482e-03	-1.526011e+00	3.838891e-01
4.365055883241347e-03	-1.490288e+00	3.749213e-01
4.369430610717211e-03	-1.453500e+00	3.656883e-01
4.373805338193076e-03	-1.415648e+00	3.561900e-01
4.378180065668941e-03	-1.376732e+00	3.464265e-01
4.382554793144805e-03	-1.336753e+00	3.363976e-01
4.386929520620669e-03	-1.295709e+00	3.261036e-01
4.391304248096534e-03	-1.253601e+00	3.155442e-01
4.402127490284034e-03	-1.144020e+00	2.880734e-01
4.412950732471534e-03	-1.030501e+00	2.596253e-01
4.423773974659035e-03	-9.130441e-01	2.301999e-01
4.434597216846536e-03	-7.916491e-01	1.997972e-01
4.445420459034036e-03	-6.663161e-01	1.684172e-01
4.456243701221536e-03	-5.370451e-01	1.360600e-01
4.467066943409036e-03	-4.038360e-01	1.027255e-01
4.471423109703680e-03	-3.500562e-01	8.927002e-02
4.475779275998323e-03	-2.961051e-01	7.577301e-02
4.480135442292967e-03	-2.419826e-01	6.223445e-02
4.484491608587609e-03	-1.876888e-01	4.865436e-02
4.488847774882253e-03	-1.332236e-01	3.503273e-02
4.493203941176896e-03	-7.858713e-02	2.136956e-02
4.497560107471540e-03	-2.377929e-02	7.664848e-03
4.499560107471540e-03	1.348948e-03	1.381961e-03
4.500560107471540e-03	1.391417e-02	-1.759626e-03
4.505749281578684e-03	7.927701e-02	-1.810080e-02
4.510938455685827e-03	1.443984e-01	-3.437974e-02
4.516127629792970e-03	2.092784e-01	-5.059646e-02
4.521316803900114e-03	2.739170e-01	-6.675095e-02
4.526505978007258e-03	3.383141e-01	-8.284321e-02
4.531695152114401e-03	4.024698e-01	-9.887325e-02
4.536884326221544e-03	4.663841e-01	-1.148411e-01
4.547692780462616e-03	5.988648e-01	-1.479326e-01
4.558501234703687e-03	7.272502e-01	-1.799930e-01
4.569309688944759e-03	8.515404e-01	-2.110223e-01
4.580118143185831e-03	9.717353e-01	-2.410204e-01
4.590926597426903e-03	1.087835e+00	-2.699874e-01
4.601735051667975e-03	1.199839e+00	-2.979232e-01
4.612543505909047e-03	1.307748e+00	-3.248279e-01
4.625006675551904e-03	1.424476e+00	-3.539176e-01
4.637469845194761e-03	1.531108e+00	-3.804770e-01
4.649933014837618e-03	1.627643e+00	-4.045061e-01
4.662396184480475e-03	1.714082e+00	-4.260049e-01
4.674859354123332e-03	1.790425e+00	-4.449735e-01
4.687322523766190e-03	1.856671e+00	-4.614118e-01
4.699785693409047e-03	1.912821e+00	-4.753198e-01
4.706508907694761e-03	1.937686e+00	-4.814653e-01
4.713232121980476e-03	1.959042e+00	-4.867328e-01
4.719955336266190e-03	1.976889e+00	-4.911225e-01
4.726678550551904e-03	1.991227e+00	-4.946342e-01
4.733401764837619e-03	2.002055e+00	-4.972680e-01
4.740124979123333e-03	2.009374e+00	-4.990240e-01
4.746848193409047e-03	2.013184e+00	-4.999020e-01
4.750621630909047e-03	2.013724e+00	-4.999953e-01
4.754395068409047e-03	2.013143e+00	-4.998084e-01
4.758168505909047e-03	2.011441e+00	-4.993411e-01
4.761941943409047e-03	2.008617e+00	-4.985935e-01
4.765715380909047e-03	2.004671e+00	-4.975655e-01
4.769488818409047e-03	1.999605e+00	-4.962573e-01
4.773262255909047e-03	1.993416e+00	-4.946687e-01
4.781666273766190e-03	1.975433e+00	-4.900803e-01
4.790070291623333e-03	1.952187e+00	-4.841778e-01
4.798474309480476e-03	1.923678e+00	-4.769610e-01
4.806878327337618e-03	1.889907e+00	-4.684300e-01
4.815282345194761e-03	1.850873e+00	-4.585848e-01
4.823686363051904e-03	1.806576e+00	-4.474255e-01
4.832090380909047e-03	1.757017e+00	-4.349519e-01
4.845536809480476e-03	1.665996e+00	-4.120666e-01
4.858983238051904e-03	1.565194e+00	-3.867447e-01
4.872429666623333e-03	1.454610e+00	-3.589862e-01
4.885876095194762e-03	1.334245e+00	-3.287912e-01
4.899322523766190e-03	1.204098e+00	-2.961596e-01
4.912768952337619e-03	1.064169e+00	-2.610914e-01
4.926215380909048e-03	9.144593e-01	-2.235866e-01
4.934623305016191e-03	8.181423e-01	-1.994655e-01
4.943031229123335e-03	7.203007e-01	-1.749679e-01
4.951439153230478e-03	6.209345e-01	-1.500938e-01
4.959847077337621e-03	5.200436e-01	-1.248432e-01
4.968255001444765e-03	4.176281e-01	-9.921617e-02
4.976662925551908e-03	3.136879e-01	-7.321261e-02
4.985070849659052e-03	2.082232e-01	-4.683256e-02
5.000000000000000e-03	2.094196e-02	-6.123234e-16
