time	V(vout)	V(n001)
0.000000000000000e+00	1.243303e-03	0.000000e+00
6.533973562855724e-08	1.243475e-03	2.052709e-04
1.306794712571145e-07	1.179135e-03	4.105417e-04
1.960192068856717e-07	1.050284e-03	6.158123e-04
2.613589425142290e-07	8.569217e-04	8.210829e-04
3.266986781427862e-07	5.990485e-04	1.026353e-03
3.920384137713435e-07	2.766641e-04	1.231624e-03
4.573781493999005e-07	-1.102315e-04	1.436894e-03
6.523309918741459e-07	-1.553461e-03	2.049353e-03
8.933194336480364e-07	-3.780256e-03	2.806431e-03
1.239816783255151e-06	-7.492151e-03	3.894960e-03
1.671828176840416e-06	-1.256136e-02	5.252107e-03
2.204336071038700e-06	-1.909202e-02	6.924904e-03
6.568503371139201e-06	-7.397783e-02	2.065399e-02
1.093267067123970e-05	-1.287144e-01	3.434236e-02
1.529683797134020e-05	-1.833018e-01	4.799000e-02
1.966100527144070e-05	-2.377399e-01	6.159693e-02
2.402517257154121e-05	-2.920287e-01	7.516313e-02
2.838933987164171e-05	-3.461684e-01	8.868862e-02
3.275350717174220e-05	-4.001588e-01	1.021734e-01
4.321667681459935e-05	-5.293056e-01	1.344320e-01
5.367984645745650e-05	-6.548503e-01	1.657828e-01
6.414301610031365e-05	-7.767927e-01	1.962257e-01
7.460618574317080e-05	-8.951330e-01	2.257608e-01
8.506935538602795e-05	-1.009871e+00	2.543881e-01
9.553252502888511e-05	-1.121007e+00	2.821075e-01
1.059956946717422e-04	-1.228541e+00	3.089192e-01
1.227367661003137e-04	-1.390530e+00	3.492851e-01
1.394778375288851e-04	-1.533789e+00	3.849577e-01
1.562189089574566e-04	-1.658315e+00	4.159368e-01
1.729599803860280e-04	-1.764111e+00	4.422225e-01
1.897010518145995e-04	-1.851175e+00	4.638148e-01
2.064421232431709e-04	-1.919507e+00	4.807137e-01
2.231831946717423e-04	-1.969108e+00	4.929191e-01
2.441095339574566e-04	-1.994493e+00	4.990127e-01
2.650358732431710e-04	-1.987391e+00	4.969931e-01
2.859622125288853e-04	-1.947801e+00	4.868604e-01
3.068885518145996e-04	-1.875724e+00	4.686146e-01
3.278148911003139e-04	-1.771159e+00	4.422557e-01
3.487412303860282e-04	-1.634107e+00	4.077836e-01
3.696675696717425e-04	-1.464568e+00	3.651984e-01
3.815258286003139e-04	-1.357518e+00	3.383364e-01
3.933840875288853e-04	-1.244592e+00	3.100138e-01
4.052423464574568e-04	-1.125789e+00	2.802307e-01
4.171006053860283e-04	-1.001110e+00	2.489872e-01
4.289588643145997e-04	-8.705542e-01	2.162831e-01
4.408171232431711e-04	-7.341219e-01	1.821185e-01
4.526753821717425e-04	-5.918130e-01	1.464934e-01
4.589532839574568e-04	-5.157302e-01	1.274519e-01
4.652311857431711e-04	-4.391433e-01	1.082871e-01
4.715090875288854e-04	-3.620524e-01	8.899914e-02
4.777869893145997e-04	-2.844573e-01	6.958802e-02
4.840648911003140e-04	-2.063582e-01	5.005372e-02
4.903427928860283e-04	-1.277550e-01	3.039625e-02
4.966206946717426e-04	-4.864778e-02	1.061560e-02
5.112691321717426e-04	1.353180e-01	-3.537345e-02
5.189421232431712e-04	2.318730e-01	-5.950454e-02
5.266151143145997e-04	3.273448e-01	-8.336066e-02
5.342881053860283e-04	4.217334e-01	-1.069418e-01
5.419610964574569e-04	5.150389e-01	-1.302479e-01
5.496340875288855e-04	6.072613e-01	-1.532791e-01
5.573070786003140e-04	6.984005e-01	-1.760353e-01
5.649800696717426e-04	7.884566e-01	-1.985165e-01
5.782334178860283e-04	9.409191e-01	-2.365647e-01
5.914867661003141e-04	1.084561e+00	-2.723980e-01
6.047401143145999e-04	1.219383e+00	-3.060164e-01
6.179934625288856e-04	1.345385e+00	-3.374198e-01
6.312468107431713e-04	1.462566e+00	-3.666083e-01
6.445001589574570e-04	1.570927e+00	-3.935818e-01
6.577535071717427e-04	1.670468e+00	-4.183404e-01
6.793773911003141e-04	1.806369e+00	-4.520858e-01
7.010012750288857e-04	1.906351e+00	-4.768473e-01
7.226251589574571e-04	1.970412e+00	-4.926251e-01
7.442490428860285e-04	1.998553e+00	-4.994191e-01
7.658729268146000e-04	1.990775e+00	-4.972292e-01
7.874968107431714e-04	1.947077e+00	-4.860555e-01
8.091206946717429e-04	1.867459e+00	-4.658981e-01
8.237691321717429e-04	1.791138e+00	-4.466581e-01
8.384175696717429e-04	1.701879e+00	-4.241933e-01
8.530660071717429e-04	1.599682e+00	-3.985037e-01
8.677144446717429e-04	1.484545e+00	-3.695891e-01
8.823628821717429e-04	1.356470e+00	-3.374497e-01
8.970113196717429e-04	1.215456e+00	-3.020855e-01
9.116597571717429e-04	1.061503e+00	-2.634963e-01
9.207278375288859e-04	9.623616e-01	-2.386566e-01
9.297959178860287e-04	8.609460e-01	-2.132537e-01
9.388639982431716e-04	7.572558e-01	-1.872879e-01
9.479320786003144e-04	6.512910e-01	-1.607590e-01
9.570001589574573e-04	5.430517e-01	-1.336671e-01
9.660682393146002e-04	4.325377e-01	-1.060122e-01
9.751363196717430e-04	3.197493e-01	-7.779422e-02
9.786240428860287e-04	2.763567e-01	-6.693974e-02
9.821117661003142e-04	2.328843e-01	-5.606619e-02
9.855994893145999e-04	1.893321e-01	-4.517358e-02
9.890872125288856e-04	1.457001e-01	-3.426191e-02
9.925749357431713e-04	1.019882e-01	-2.333118e-02
9.960626589574568e-04	5.819658e-02	-1.238138e-02
9.995503821717425e-04	1.432513e-02	-1.412514e-03
1.003735650028885e-03	-3.835472e-02	1.175746e-02
1.007920917886028e-03	-9.091658e-02	2.489666e-02
1.012106185743171e-03	-1.433604e-01	3.800508e-02
1.016291453600313e-03	-1.956863e-01	5.108271e-02
1.020476721457456e-03	-2.478941e-01	6.412956e-02
1.024661989314599e-03	-2.999839e-01	7.714563e-02
1.028847257171742e-03	-3.519558e-01	9.013093e-02
1.038612882171742e-03	-4.730766e-01	1.203880e-01
1.048378507171741e-03	-5.913315e-01	1.499221e-01
1.058144132171741e-03	-7.067203e-01	1.787332e-01
1.067909757171741e-03	-8.192431e-01	2.068214e-01
1.077675382171741e-03	-9.288998e-01	2.341866e-01
1.087441007171741e-03	-1.035691e+00	2.608288e-01
1.097206632171740e-03	-1.139615e+00	2.867481e-01
1.113250158957454e-03	-1.302226e+00	3.272836e-01
1.129293685743168e-03	-1.448386e+00	3.636958e-01
1.145337212528882e-03	-1.578097e+00	3.959847e-01
1.161380739314596e-03	-1.691357e+00	4.241503e-01
1.177424266100310e-03	-1.788168e+00	4.481926e-01
1.193467792886024e-03	-1.868529e+00	4.681117e-01
1.209511319671738e-03	-1.932439e+00	4.839075e-01
1.231135203600309e-03	-1.981846e+00	4.960005e-01
1.252759087528880e-03	-1.995974e+00	4.992808e-01
1.274382971457451e-03	-1.974823e+00	4.937484e-01
1.296006855386022e-03	-1.918393e+00	4.794033e-01
1.317630739314593e-03	-1.826685e+00	4.562454e-01
1.339254623243164e-03	-1.699697e+00	4.242748e-01
1.360878507171735e-03	-1.537430e+00	3.834915e-01
1.372736766100306e-03	-1.436422e+00	3.581344e-01
1.384595025028877e-03	-1.329030e+00	3.311900e-01
1.396453283957448e-03	-1.215256e+00	3.026581e-01
1.408311542886020e-03	-1.095099e+00	2.725388e-01
1.420169801814591e-03	-9.685589e-01	2.408322e-01
1.432028060743162e-03	-8.356362e-01	2.075381e-01
1.443886319671733e-03	-6.963306e-01	1.726567e-01
1.450861766100304e-03	-6.131288e-01	1.518289e-01
1.457837212528876e-03	-5.291547e-01	1.308115e-01
1.464812658957447e-03	-4.444081e-01	1.096044e-01
1.471788105386018e-03	-3.588892e-01	8.820781e-02
1.478763551814589e-03	-2.725980e-01	6.662157e-02
1.485738998243161e-03	-1.855343e-01	4.484571e-02
1.492714444671732e-03	-9.769831e-02	2.288025e-02
1.496202167886018e-03	-5.385256e-02	1.191696e-02
1.499689891100303e-03	-1.003292e-02	9.610910e-04
1.503177614314589e-03	3.376061e-02	-9.987362e-03
1.506665337528875e-03	7.752803e-02	-2.092839e-02
1.510153060743160e-03	1.212693e-01	-3.186201e-02
1.513640783957446e-03	1.649845e-01	-4.278820e-02
1.517128507171731e-03	2.086736e-01	-5.370698e-02
1.525499042886017e-03	3.136556e-01	-7.994029e-02
1.533869578600302e-03	4.170714e-01	-1.057771e-01
1.542240114314588e-03	5.189212e-01	-1.312176e-01
1.550610650028874e-03	6.192048e-01	-1.562615e-01
1.558981185743159e-03	7.179223e-01	-1.809090e-01
1.567351721457445e-03	8.150736e-01	-2.051600e-01
1.575722257171730e-03	9.106589e-01	-2.290146e-01
1.589673150028873e-03	1.065574e+00	-2.676619e-01
1.603624042886015e-03	1.209790e+00	-3.036245e-01
1.617574935743158e-03	1.343309e+00	-3.369025e-01
1.631525828600300e-03	1.466129e+00	-3.674957e-01
1.645476721457443e-03	1.578252e+00	-3.954043e-01
1.659427614314586e-03	1.679676e+00	-4.206283e-01
1.673378507171728e-03	1.770402e+00	-4.431675e-01
1.695002391100299e-03	1.881299e+00	-4.706505e-01
1.716626275028870e-03	1.956068e+00	-4.891009e-01
1.738250158957441e-03	1.994710e+00	-4.985189e-01
1.759874042886012e-03	1.997223e+00	-4.989043e-01
1.781497926814583e-03	1.963609e+00	-4.902572e-01
1.803121810743154e-03	1.893867e+00	-4.725775e-01
1.824745694671725e-03	1.787997e+00	-4.458654e-01
1.838696587528867e-03	1.700242e+00	-4.237817e-01
1.852647480386010e-03	1.601583e+00	-3.989817e-01
1.866598373243153e-03	1.492019e+00	-3.714654e-01
1.880549266100295e-03	1.371551e+00	-3.412327e-01
1.894500158957438e-03	1.240179e+00	-3.082838e-01
1.908451051814580e-03	1.097902e+00	-2.726186e-01
1.922401944671723e-03	9.447202e-01	-2.342371e-01
1.930772480386008e-03	8.500284e-01	-2.105195e-01
1.939143016100294e-03	7.536691e-01	-1.863899e-01
1.947513551814580e-03	6.556424e-01	-1.618483e-01
1.955884087528865e-03	5.559482e-01	-1.368947e-01
1.964254623243151e-03	4.545865e-01	-1.115291e-01
1.972625158957436e-03	3.515575e-01	-8.575156e-02
1.980995694671722e-03	2.468609e-01	-5.956201e-02
2.000526944671721e-03	2.053785e-03	1.655443e-03
2.005409757171721e-03	-5.943782e-02	1.702788e-02
2.010292569671721e-03	-1.207287e-01	3.234839e-02
2.015175382171721e-03	-1.818187e-01	4.761697e-02
2.020058194671721e-03	-2.427081e-01	6.283362e-02
2.024941007171721e-03	-3.033966e-01	7.799834e-02
2.029823819671721e-03	-3.638844e-01	9.311113e-02
2.034706632171721e-03	-4.241714e-01	1.081720e-01
2.045169801814578e-03	-5.529262e-01	1.403311e-01
2.055632971457434e-03	-6.779833e-01	1.715585e-01
2.066096141100292e-03	-7.993425e-01	2.018543e-01
2.076559310743148e-03	-9.170040e-01	2.312184e-01
2.087022480386005e-03	-1.030968e+00	2.596507e-01
2.097485650028862e-03	-1.141234e+00	2.871515e-01
2.107948819671719e-03	-1.247802e+00	3.137205e-01
2.124689891100290e-03	-1.408029e+00	3.536440e-01
2.141430962528861e-03	-1.549388e+00	3.888401e-01
2.158172033957432e-03	-1.671880e+00	4.193089e-01
2.174913105386003e-03	-1.775503e+00	4.450504e-01
2.191654176814575e-03	-1.860258e+00	4.660646e-01
2.208395248243145e-03	-1.926146e+00	4.823515e-01
2.225136319671717e-03	-1.973166e+00	4.939110e-01
2.245365114314573e-03	-1.995328e+00	4.992076e-01
2.265593908957430e-03	-1.987064e+00	4.969058e-01
2.285822703600287e-03	-1.948375e+00	4.870058e-01
2.306051498243143e-03	-1.879260e+00	4.695075e-01
2.326280292886000e-03	-1.779720e+00	4.444108e-01
2.346509087528857e-03	-1.649754e+00	4.117159e-01
2.366737882171714e-03	-1.489363e+00	3.714227e-01
2.378596141100285e-03	-1.384292e+00	3.450534e-01
2.390454400028856e-03	-1.273173e+00	3.171808e-01
2.402312658957427e-03	-1.156007e+00	2.878049e-01
2.414170917885998e-03	-1.032794e+00	2.569257e-01
2.426029176814570e-03	-9.035328e-01	2.245431e-01
2.437887435743140e-03	-7.682246e-01	1.906573e-01
2.449745694671712e-03	-6.268690e-01	1.552681e-01
2.456023596457426e-03	-5.512032e-01	1.363295e-01
2.462301498243140e-03	-4.749771e-01	1.172536e-01
2.468579400028854e-03	-3.981905e-01	9.804043e-02
2.474857301814569e-03	-3.208435e-01	7.869000e-02
2.481135203600283e-03	-2.429361e-01	5.920230e-02
2.487413105385997e-03	-1.644683e-01	3.957733e-02
2.493691007171711e-03	-8.544011e-02	1.981509e-02
2.497178730385997e-03	-4.158483e-02	8.849671e-03
2.500666453600282e-03	2.238448e-03	-2.106861e-03
2.504154176814568e-03	4.602973e-02	-1.305450e-02
2.507641900028853e-03	8.978902e-02	-2.399325e-02
2.511129623243139e-03	1.335163e-01	-3.492311e-02
2.514617346457425e-03	1.772116e-01	-4.584408e-02
2.518105069671710e-03	2.208749e-01	-5.675616e-02
2.526475605385996e-03	3.257699e-01	-8.296714e-02
2.534846141100282e-03	4.290664e-01	-1.087736e-01
2.543216676814567e-03	5.307644e-01	-1.341755e-01
2.551587212528852e-03	6.308639e-01	-1.591728e-01
2.559957748243138e-03	7.293648e-01	-1.837656e-01
2.568328283957423e-03	8.262672e-01	-2.079538e-01
2.576698819671709e-03	9.215711e-01	-2.317375e-01
2.590649712528851e-03	1.075939e+00	-2.702471e-01
2.604600605385994e-03	1.219542e+00	-3.060555e-01
2.618551498243137e-03	1.352381e+00	-3.391627e-01
2.632502391100279e-03	1.474455e+00	-3.695688e-01
2.646453283957422e-03	1.585765e+00	-3.972736e-01
2.660404176814565e-03	1.686310e+00	-4.222773e-01
2.674355069671707e-03	1.776091e+00	-4.445798e-01
2.695978953600278e-03	1.885387e+00	-4.716619e-01
2.717602837528849e-03	1.958554e+00	-4.897114e-01
2.739226721457420e-03	1.995592e+00	-4.987282e-01
2.760850605385991e-03	1.996501e+00	-4.987123e-01
2.782474489314562e-03	1.961280e+00	-4.896637e-01
2.804098373243133e-03	1.889930e+00	-4.715825e-01
2.825722257171704e-03	1.782450e+00	-4.444686e-01
2.839673150028846e-03	1.693743e+00	-4.221473e-01
2.853624042885989e-03	1.594197e+00	-3.971261e-01
2.867574935743131e-03	1.483812e+00	-3.694051e-01
2.881525828600274e-03	1.362588e+00	-3.389842e-01
2.895476721457417e-03	1.230525e+00	-3.058634e-01
2.909427614314559e-03	1.087623e+00	-2.700428e-01
2.923378507171702e-03	9.338824e-01	-2.315222e-01
2.931749042885987e-03	8.389015e-01	-2.077329e-01
2.940119578600273e-03	7.422855e-01	-1.835397e-01
2.948490114314558e-03	6.440343e-01	-1.589425e-01
2.956860650028844e-03	5.441479e-01	-1.339414e-01
2.965231185743129e-03	4.426264e-01	-1.085365e-01
2.973601721457415e-03	3.394697e-01	-8.272758e-02
2.981972257171700e-03	2.346778e-01	-5.651479e-02
3.001503507171700e-03	-1.021759e-02	4.723337e-03
3.006386319671700e-03	-7.170233e-02	2.009371e-02
3.011269132171700e-03	-1.329748e-01	3.540929e-02
3.016151944671700e-03	-1.940351e-01	5.067007e-02
3.021034757171700e-03	-2.548832e-01	6.587605e-02
3.025917569671699e-03	-3.155190e-01	8.102724e-02
3.030800382171699e-03	-3.759426e-01	9.612364e-02
3.035683194671699e-03	-4.361539e-01	1.111652e-01
3.046146364314556e-03	-5.647054e-01	1.432728e-01
3.056609533957413e-03	-6.895116e-01	1.744368e-01
3.067072703600270e-03	-8.105724e-01	2.046572e-01
3.077535873243127e-03	-9.278879e-01	2.339341e-01
3.087999042885984e-03	-1.041458e+00	2.622675e-01
3.098462212528841e-03	-1.151283e+00	2.896573e-01
3.108925382171698e-03	-1.257362e+00	3.161035e-01
3.126363998243126e-03	-1.423209e+00	3.574247e-01
3.143802614314554e-03	-1.568354e+00	3.935595e-01
3.161241230385982e-03	-1.692798e+00	4.245081e-01
3.178679846457410e-03	-1.796539e+00	4.502704e-01
3.196118462528839e-03	-1.879578e+00	4.708465e-01
3.213557078600267e-03	-1.941916e+00	4.862362e-01
3.230995694671695e-03	-1.983551e+00	4.964397e-01
3.251224489314552e-03	-1.996028e+00	4.993144e-01
3.271453283957408e-03	-1.978428e+00	4.946790e-01
3.291682078600265e-03	-1.930752e+00	4.825335e-01
3.311910873243122e-03	-1.852998e+00	4.628779e-01
3.332139667885979e-03	-1.745168e+00	4.357122e-01
3.352368462528835e-03	-1.607260e+00	4.010364e-01
3.372597257171692e-03	-1.439276e+00	3.588504e-01
3.383757971457406e-03	-1.337104e+00	3.332152e-01
3.394918685743120e-03	-1.229748e+00	3.062916e-01
3.406079400028834e-03	-1.117207e+00	2.780797e-01
3.417240114314548e-03	-9.994832e-01	2.485795e-01
3.428400828600262e-03	-8.765750e-01	2.177910e-01
3.439561542885976e-03	-7.484828e-01	1.857141e-01
3.450722257171690e-03	-6.152067e-01	1.523489e-01
3.457000158957405e-03	-5.393990e-01	1.333753e-01
3.463278060743119e-03	-4.630498e-01	1.142690e-01
3.469555962528833e-03	-3.861589e-01	9.503020e-02
3.475833864314547e-03	-3.087263e-01	7.565881e-02
3.482111766100261e-03	-2.307521e-01	5.615484e-02
3.488389667885975e-03	-1.522362e-01	3.651830e-02
3.494667569671690e-03	-7.317865e-02	1.674919e-02
3.514198819671689e-03	1.720248e-01	-4.454776e-02
3.522569355385975e-03	2.772438e-01	-7.084214e-02
3.530939891100260e-03	3.809943e-01	-9.676443e-02
3.539310426814546e-03	4.832763e-01	-1.223146e-01
3.547680962528831e-03	5.840897e-01	-1.474928e-01
3.556051498243117e-03	6.834345e-01	-1.722988e-01
3.564422033957402e-03	7.813108e-01	-1.967327e-01
3.572792569671688e-03	8.777186e-01	-2.207946e-01
3.586743462528830e-03	1.034240e+00	-2.598462e-01
3.600694355385973e-03	1.180265e+00	-2.962633e-01
3.614645248243115e-03	1.315792e+00	-3.300458e-01
3.628596141100258e-03	1.440823e+00	-3.611939e-01
3.642547033957401e-03	1.555357e+00	-3.897074e-01
3.656497926814543e-03	1.659395e+00	-4.155864e-01
3.670448819671686e-03	1.752935e+00	-4.388309e-01
3.692072703600257e-03	1.868609e+00	-4.675101e-01
3.713696587528828e-03	1.948168e+00	-4.871593e-01
3.735320471457399e-03	1.991612e+00	-4.977784e-01
3.756944355385970e-03	1.998940e+00	-4.993676e-01
3.778568239314541e-03	1.970153e+00	-4.919267e-01
3.800192123243111e-03	1.905250e+00	-4.754559e-01
3.821816007171683e-03	1.804232e+00	-4.499550e-01
3.835766900028825e-03	1.719354e+00	-4.285889e-01
3.849717792885968e-03	1.623377e+00	-4.044579e-01
3.863668685743111e-03	1.516302e+00	-3.775619e-01
3.877619578600253e-03	1.398128e+00	-3.479009e-01
3.891570471457396e-03	1.268857e+00	-3.154750e-01
3.905521364314538e-03	1.128487e+00	-2.802842e-01
3.919472257171681e-03	9.770188e-01	-2.423284e-01
3.927842792885966e-03	8.832154e-01	-2.188313e-01
3.936213328600252e-03	7.876481e-01	-1.948980e-01
3.944583864314537e-03	6.903169e-01	-1.705286e-01
3.952954400028823e-03	5.912217e-01	-1.457231e-01
3.961324935743108e-03	4.903627e-01	-1.204815e-01
3.969695471457394e-03	3.877397e-01	-9.480367e-02
3.978066007171680e-03	2.833529e-01	-6.868975e-02
3.981553730385965e-03	2.398478e-01	-5.780789e-02
3.985041453600251e-03	1.962806e-01	-4.691138e-02
3.988529176814536e-03	1.526511e-01	-3.600021e-02
3.992016900028822e-03	1.089595e-01	-2.507438e-02
3.995504623243108e-03	6.520567e-02	-1.413389e-02
3.998992346457394e-03	2.138966e-02	-3.178748e-03
4.002480069671679e-03	-2.248854e-02	7.791054e-03
4.008060426814536e-03	-9.279096e-02	2.536518e-02
4.013640783957394e-03	-1.627639e-01	4.285468e-02
4.019221141100250e-03	-2.324075e-01	6.025957e-02
4.024801498243107e-03	-3.017216e-01	7.757983e-02
4.030381855385964e-03	-3.707064e-01	9.481548e-02
4.035962212528822e-03	-4.393616e-01	1.119665e-01
4.041542569671678e-03	-5.076875e-01	1.290329e-01
4.052703283957393e-03	-6.434838e-01	1.629446e-01
4.063863998243106e-03	-7.745686e-01	1.956704e-01
4.075024712528821e-03	-9.009419e-01	2.272104e-01
4.086185426814534e-03	-1.022604e+00	2.575644e-01
4.097346141100249e-03	-1.139554e+00	2.867327e-01
4.108506855385962e-03	-1.251793e+00	3.147150e-01
4.119667569671677e-03	-1.359320e+00	3.415115e-01
4.138501275028819e-03	-1.526508e+00	3.831439e-01
4.157334980385961e-03	-1.668411e+00	4.184449e-01
4.176168685743104e-03	-1.785030e+00	4.474144e-01
4.195002391100247e-03	-1.876364e+00	4.700524e-01
4.213836096457389e-03	-1.942413e+00	4.863590e-01
4.232669801814531e-03	-1.983178e+00	4.963341e-01
4.251503507171674e-03	-1.998658e+00	4.999777e-01
4.269639667885959e-03	-1.981853e+00	4.955587e-01
4.287775828600245e-03	-1.941534e+00	4.852705e-01
4.305911989314530e-03	-1.877701e+00	4.691132e-01
4.324048150028815e-03	-1.790356e+00	4.470866e-01
4.342184310743100e-03	-1.679496e+00	4.191909e-01
4.360320471457386e-03	-1.545123e+00	3.854260e-01
4.378456632171671e-03	-1.387237e+00	3.457919e-01
4.389617346457386e-03	-1.281509e+00	3.192713e-01
4.400778060743099e-03	-1.170906e+00	2.915397e-01
4.411938775028813e-03	-1.055428e+00	2.625972e-01
4.423099489314527e-03	-9.350739e-01	2.324436e-01
4.434260203600241e-03	-8.098449e-01	2.010791e-01
4.445420917885955e-03	-6.797407e-01	1.685037e-01
4.456581632171669e-03	-5.447611e-01	1.347172e-01
4.462161989314526e-03	-4.767685e-01	1.177019e-01
4.467742346457384e-03	-4.083998e-01	1.005948e-01
4.473322703600241e-03	-3.396550e-01	8.339592e-02
4.478903060743097e-03	-2.705340e-01	6.610527e-02
4.484483417885954e-03	-2.010369e-01	4.872284e-02
4.490063775028812e-03	-1.311637e-01	3.124864e-02
4.495644132171669e-03	-6.091438e-02	1.368265e-02
4.505409757171668e-03	6.178078e-02	-1.699198e-02
4.511687658957383e-03	1.408679e-01	-3.676058e-02
4.517965560743097e-03	2.194347e-01	-5.639623e-02
4.524243462528811e-03	2.974811e-01	-7.589894e-02
4.530521364314525e-03	3.750071e-01	-9.526870e-02
4.536799266100239e-03	4.520127e-01	-1.145055e-01
4.543077167885953e-03	5.284979e-01	-1.336094e-01
4.549355069671667e-03	6.044627e-01	-1.525803e-01
4.561213328600239e-03	7.465009e-01	-1.880431e-01
4.573071587528810e-03	8.826129e-01	-2.220158e-01
4.584929846457381e-03	1.012799e+00	-2.544982e-01
4.596788105385952e-03	1.137058e+00	-2.854903e-01
4.608646364314523e-03	1.255392e+00	-3.149923e-01
4.620504623243094e-03	1.367799e+00	-3.430040e-01
4.632362882171666e-03	1.474280e+00	-3.695255e-01
4.653986766100237e-03	1.647919e+00	-4.127286e-01
4.675610650028808e-03	1.786712e+00	-4.472110e-01
4.697234533957379e-03	1.890658e+00	-4.729728e-01
4.718858417885949e-03	1.959759e+00	-4.900139e-01
4.740482301814520e-03	1.994012e+00	-4.983343e-01
4.762106185743091e-03	1.993420e+00	-4.979341e-01
4.783730069671662e-03	1.957981e+00	-4.888131e-01
4.799076051814519e-03	1.906950e+00	-4.758783e-01
4.814422033957376e-03	1.840198e+00	-4.590218e-01
4.829768016100233e-03	1.757724e+00	-4.382438e-01
4.845113998243090e-03	1.659529e+00	-4.135441e-01
4.860459980385946e-03	1.545612e+00	-3.849227e-01
4.875805962528804e-03	1.415974e+00	-3.523798e-01
4.891151944671660e-03	1.270614e+00	-3.159152e-01
4.901615114314517e-03	1.165093e+00	-2.894592e-01
4.912078283957374e-03	1.055773e+00	-2.620606e-01
4.922541453600231e-03	9.426533e-01	-2.337194e-01
4.933004623243088e-03	8.257350e-01	-2.044356e-01
4.943467792885944e-03	7.050177e-01	-1.742091e-01
4.953930962528802e-03	5.805013e-01	-1.430401e-01
4.964394132171659e-03	4.521859e-01	-1.109284e-01
4.969480684718565e-03	3.895334e-01	-9.525233e-02
4.974567237265470e-03	3.266454e-01	-7.951932e-02
4.979653789812377e-03	2.635221e-01	-6.372936e-02
4.984740342359282e-03	2.001633e-01	-4.788245e-02
4.989826894906188e-03	1.365692e-01	-3.197859e-02
4.994913447453094e-03	7.273966e-02	-1.601777e-02
5.000000000000000e-03	8.674713e-03	-6.123234e-16
