time	V(v_out)
0.000000000000000e+00	8.015566e-18
4.882812487672084e-10	8.013295e-18
9.765624975344167e-10	7.765871e-17
1.953124995068833e-09	3.570386e-16
3.906249990137667e-09	1.477189e-15
7.812499980275334e-09	5.963823e-15
1.562499996055067e-08	2.395032e-14
3.124999992110133e-08	9.617799e-14
6.249999984220267e-08	3.872880e-13
1.249999996844053e-07	1.569195e-12
2.499999993688107e-07	6.436365e-12
4.999999987376214e-07	2.702172e-11
9.999999974752427e-07	1.183108e-10
1.999999994950485e-06	5.553505e-10
3.080242087316074e-06	1.512056e-09
4.452854103284870e-06	3.689818e-09
6.235262957382425e-06	8.614887e-09
8.609500527671166e-06	2.003621e-08
1.166906407529510e-05	4.572156e-08
1.560424090428741e-05	1.036926e-07
2.050994487365205e-05	2.314887e-07
2.650953016878877e-05	5.113179e-07
3.357616840085866e-05	1.111253e-06
4.165333478261369e-05	2.385936e-06
5.056573537418056e-05	5.061917e-06
6.015092827721877e-05	1.066780e-05
7.021983134981423e-05	2.238066e-05
8.063639696186661e-05	4.689725e-05
9.128086030843248e-05	9.822473e-05
1.020820375445252e-04	2.058315e-04
1.129888552004315e-04	4.313711e-04
1.239854122444394e-04	9.038845e-04
1.350813879358437e-04	1.891376e-03
1.463365971072078e-04	3.945354e-03
1.578957628439160e-04	8.180765e-03
1.700820306129524e-04	1.678645e-02
1.836916690285322e-04	3.407163e-02
2.009322982961860e-04	6.963732e-02
2.181832096571685e-04	1.178647e-01
2.365660511454782e-04	1.770011e-01
2.589880889968168e-04	2.532222e-01
2.865905486871747e-04	3.485968e-01
3.198073348763572e-04	4.634720e-01
3.686354598763572e-04	6.315750e-01
4.174635848763572e-04	7.985031e-01
4.662917098763572e-04	9.641190e-01
5.151198348763571e-04	1.128266e+00
5.639479598763572e-04	1.290792e+00
6.127760848763572e-04	1.451544e+00
6.616042098763573e-04	1.610372e+00
7.104323348763573e-04	1.767131e+00
7.592604598763574e-04	1.921672e+00
8.080885848763574e-04	2.073855e+00
8.569167098763575e-04	2.223536e+00
9.057448348763575e-04	2.370579e+00
9.545729598763575e-04	2.514848e+00
1.003401084876358e-03	2.656210e+00
1.052229209876358e-03	2.794536e+00
1.101057334876358e-03	2.929699e+00
1.149885459876358e-03	3.061576e+00
1.198713584876358e-03	3.190049e+00
1.247541709876358e-03	3.315000e+00
1.296369834876358e-03	3.436318e+00
1.345197959876358e-03	3.553895e+00
1.394026084876358e-03	3.667628e+00
1.442854209876358e-03	3.777416e+00
1.491682334876358e-03	3.883165e+00
1.540510459876358e-03	3.984785e+00
1.589338584876358e-03	4.082190e+00
1.638166709876358e-03	4.175301e+00
1.686994834876358e-03	4.264043e+00
1.735822959876358e-03	4.348347e+00
1.784651084876358e-03	4.428153e+00
1.833479209876358e-03	4.503403e+00
1.882307334876358e-03	4.574050e+00
1.931135459876358e-03	4.640054e+00
1.979963584876358e-03	4.701383e+00
2.028791709876358e-03	4.758015e+00
2.077619834876358e-03	4.809938e+00
2.126447959876358e-03	4.857156e+00
2.175276084876358e-03	4.899683e+00
2.224104209876357e-03	4.937553e+00
2.272932334876357e-03	4.970821e+00
2.321760459876357e-03	4.999563e+00
2.370588584876357e-03	5.023888e+00
2.419416709876357e-03	5.043940e+00
2.468244834876356e-03	5.059906e+00
2.517072959876356e-03	5.072023e+00
2.565901084876356e-03	5.080590e+00
2.614729209876356e-03	5.085964e+00
2.663557334876356e-03	5.088569e+00
2.712385459876356e-03	5.088871e+00
2.761213584876355e-03	5.087359e+00
2.810041709876355e-03	5.084510e+00
2.858869834876355e-03	5.080748e+00
2.907697959876355e-03	5.076416e+00
2.956526084876355e-03	5.071761e+00
3.005354209876355e-03	5.066941e+00
3.054182334876354e-03	5.062047e+00
3.103010459876354e-03	5.057124e+00
3.151838584876354e-03	5.052192e+00
3.200666709876354e-03	5.047261e+00
3.249494834876354e-03	5.042334e+00
3.298322959876354e-03	5.037411e+00
3.347151084876353e-03	5.032493e+00
3.395979209876353e-03	5.027579e+00
3.444807334876353e-03	5.022671e+00
3.493635459876353e-03	5.017767e+00
3.542463584876353e-03	5.012868e+00
3.591291709876353e-03	5.007974e+00
3.640119834876352e-03	5.003084e+00
3.688947959876352e-03	4.998199e+00
3.737776084876352e-03	4.993319e+00
3.786604209876352e-03	4.988444e+00
3.835432334876352e-03	4.983573e+00
3.884260459876351e-03	4.978708e+00
3.933088584876352e-03	4.973847e+00
3.981916709876352e-03	4.968991e+00
4.030744834876351e-03	4.964139e+00
4.079572959876351e-03	4.959292e+00
4.128401084876351e-03	4.954451e+00
4.177229209876351e-03	4.949613e+00
4.226057334876351e-03	4.944781e+00
4.274885459876351e-03	4.939953e+00
4.323713584876350e-03	4.935130e+00
4.372541709876350e-03	4.930311e+00
4.421369834876350e-03	4.925498e+00
4.470197959876350e-03	4.920689e+00
4.519026084876350e-03	4.915884e+00
4.567854209876349e-03	4.911085e+00
4.616682334876349e-03	4.906290e+00
4.665510459876349e-03	4.901500e+00
4.714338584876349e-03	4.896714e+00
4.763166709876349e-03	4.891933e+00
4.811994834876349e-03	4.887157e+00
4.860822959876348e-03	4.882386e+00
4.909651084876348e-03	4.877619e+00
4.958479209876348e-03	4.872857e+00
5.007307334876348e-03	4.868099e+00
5.056135459876348e-03	4.863346e+00
5.104963584876348e-03	4.858598e+00
5.153791709876347e-03	4.853855e+00
5.202619834876347e-03	4.849115e+00
5.251447959876347e-03	4.844381e+00
5.300276084876347e-03	4.839652e+00
5.349104209876347e-03	4.834926e+00
5.397932334876347e-03	4.830206e+00
5.446760459876346e-03	4.825490e+00
5.495588584876346e-03	4.820779e+00
5.544416709876346e-03	4.816072e+00
5.593244834876346e-03	4.811370e+00
5.642072959876346e-03	4.806673e+00
5.690901084876345e-03	4.801980e+00
5.739729209876345e-03	4.797292e+00
5.788557334876345e-03	4.792608e+00
5.837385459876345e-03	4.787929e+00
5.886213584876345e-03	4.783254e+00
5.935041709876345e-03	4.778584e+00
5.983869834876344e-03	4.773919e+00
6.032697959876344e-03	4.769258e+00
6.081526084876344e-03	4.764602e+00
6.130354209876344e-03	4.759950e+00
6.179182334876344e-03	4.755303e+00
6.228010459876344e-03	4.750660e+00
6.276838584876343e-03	4.746022e+00
6.325666709876343e-03	4.741388e+00
6.374494834876343e-03	4.736759e+00
6.423322959876343e-03	4.732135e+00
6.472151084876343e-03	4.727515e+00
6.520979209876343e-03	4.722899e+00
6.569807334876342e-03	4.718288e+00
6.618635459876342e-03	4.713683e+00
6.657185201137585e-03	4.710052e+00
6.688093642943252e-03	4.707150e+00
6.715069915929029e-03	4.704630e+00
6.740438925548283e-03	4.702287e+00
6.766584596475262e-03	4.699934e+00
6.791541080531696e-03	4.697811e+00
6.817036644374108e-03	4.695908e+00
6.843071870399143e-03	4.694526e+00
6.870456796464084e-03	4.694286e+00
6.900441516129834e-03	4.696700e+00
6.936699655720141e-03	4.705967e+00
6.979945023172801e-03	4.728892e+00
7.018974171515202e-03	4.759481e+00
7.059859561282102e-03	4.796782e+00
7.108687686282102e-03	4.842320e+00
7.157515811282102e-03	4.885404e+00
7.206343936282102e-03	4.924554e+00
7.255172061282102e-03	4.959352e+00
7.304000186282101e-03	4.989676e+00
7.352828311282101e-03	5.015570e+00
7.401656436282101e-03	5.037146e+00
7.450484561282101e-03	5.054568e+00
7.499312686282101e-03	5.068051e+00
7.548140811282101e-03	5.077869e+00
7.596968936282100e-03	5.084357e+00
7.645797061282100e-03	5.087918e+00
7.694625186282100e-03	5.089003e+00
7.743453311282100e-03	5.088094e+00
7.792281436282100e-03	5.085678e+00
7.841109561282100e-03	5.082203e+00
7.889937686282100e-03	5.078044e+00
7.938765811282101e-03	5.073484e+00
7.987593936282102e-03	5.068711e+00
8.036422061282102e-03	5.063837e+00
8.085250186282103e-03	5.058920e+00
8.134078311282104e-03	5.053991e+00
8.182906436282104e-03	5.049059e+00
8.231734561282105e-03	5.044130e+00
8.280562686282106e-03	5.039206e+00
8.329390811282106e-03	5.034286e+00
8.378218936282107e-03	5.029371e+00
8.427047061282108e-03	5.024460e+00
8.475875186282109e-03	5.019555e+00
8.524703311282109e-03	5.014654e+00
8.573531436282110e-03	5.009758e+00
8.622359561282111e-03	5.004867e+00
8.671187686282111e-03	4.999980e+00
8.720015811282112e-03	4.995098e+00
8.768843936282113e-03	4.990222e+00
8.817672061282113e-03	4.985349e+00
8.866500186282114e-03	4.980482e+00
8.915328311282115e-03	4.975619e+00
8.964156436282116e-03	4.970761e+00
9.012984561282116e-03	4.965908e+00
9.061812686282117e-03	4.961060e+00
9.110640811282118e-03	4.956216e+00
9.159468936282118e-03	4.951376e+00
9.208297061282119e-03	4.946542e+00
9.257125186282120e-03	4.941713e+00
9.305953311282120e-03	4.936888e+00
9.354781436282121e-03	4.932068e+00
9.403609561282122e-03	4.927253e+00
9.452437686282122e-03	4.922442e+00
9.501265811282123e-03	4.917636e+00
9.550093936282124e-03	4.912835e+00
9.598922061282125e-03	4.908038e+00
9.647750186282125e-03	4.903246e+00
9.696578311282126e-03	4.898459e+00
9.745406436282127e-03	4.893676e+00
9.794234561282127e-03	4.888898e+00
9.843062686282128e-03	4.884125e+00
9.891890811282129e-03	4.879357e+00
9.940718936282129e-03	4.874593e+00
9.989547061282130e-03	4.869833e+00
1.003837518628213e-02	4.865079e+00
1.008720331128213e-02	4.860329e+00
1.013603143628213e-02	4.855584e+00
1.018485956128213e-02	4.850843e+00
1.023368768628213e-02	4.846107e+00
1.028251581128213e-02	4.841376e+00
1.033134393628213e-02	4.836649e+00
1.038017206128214e-02	4.831927e+00
1.042900018628214e-02	4.827209e+00
1.047782831128214e-02	4.822496e+00
1.052665643628214e-02	4.817788e+00
1.057548456128214e-02	4.813084e+00
1.062431268628214e-02	4.808385e+00
1.067314081128214e-02	4.803690e+00
1.072196893628214e-02	4.799001e+00
1.077079706128214e-02	4.794315e+00
1.081962518628214e-02	4.789635e+00
1.086845331128214e-02	4.784958e+00
1.091728143628214e-02	4.780287e+00
1.096610956128214e-02	4.775620e+00
1.101493768628214e-02	4.770957e+00
1.106376581128215e-02	4.766299e+00
1.111259393628215e-02	4.761646e+00
1.116142206128215e-02	4.756997e+00
1.121025018628215e-02	4.752353e+00
1.125907831128215e-02	4.747713e+00
1.130790643628215e-02	4.743078e+00
1.135673456128215e-02	4.738447e+00
1.140556268628215e-02	4.733820e+00
1.145439081128215e-02	4.729199e+00
1.150321893628215e-02	4.724582e+00
1.155204706128215e-02	4.719969e+00
1.160087518628215e-02	4.715362e+00
1.164970331128215e-02	4.710761e+00
1.169853143628215e-02	4.706179e+00
1.174735956128216e-02	4.701673e+00
1.179618768628216e-02	4.697499e+00
1.183994653651641e-02	4.694802e+00
1.187131420921976e-02	4.694486e+00
1.190385182022685e-02	4.697415e+00
1.194088400380967e-02	4.707747e+00
1.198270487327183e-02	4.730879e+00
1.202250085247812e-02	4.762595e+00
1.206363135244474e-02	4.800339e+00
1.211245947744474e-02	4.845776e+00
1.216128760244474e-02	4.888585e+00
1.221011572744475e-02	4.927406e+00
1.225894385244475e-02	4.961856e+00
1.230777197744475e-02	4.991834e+00
1.235660010244475e-02	5.017389e+00
1.240542822744475e-02	5.038638e+00
1.245425635244475e-02	5.055747e+00
1.250308447744475e-02	5.068936e+00
1.255191260244475e-02	5.078484e+00
1.260074072744475e-02	5.084731e+00
1.264956885244475e-02	5.088084e+00
1.269839697744475e-02	5.088997e+00
1.274722510244475e-02	5.087955e+00
1.279605322744475e-02	5.085441e+00
1.284488135244475e-02	5.081902e+00
1.289370947744476e-02	5.077703e+00
1.294253760244476e-02	5.073121e+00
1.299136572744476e-02	5.068337e+00
1.304019385244476e-02	5.063457e+00
1.308902197744476e-02	5.058539e+00
1.313785010244476e-02	5.053609e+00
1.318667822744476e-02	5.048678e+00
1.323550635244476e-02	5.043749e+00
1.328433447744476e-02	5.038826e+00
1.333316260244476e-02	5.033906e+00
1.338199072744476e-02	5.028991e+00
1.343081885244476e-02	5.024081e+00
1.347964697744476e-02	5.019176e+00
1.352847510244476e-02	5.014275e+00
1.357730322744477e-02	5.009379e+00
1.362613135244477e-02	5.004488e+00
1.367495947744477e-02	4.999602e+00
1.372378760244477e-02	4.994721e+00
1.377261572744477e-02	4.989844e+00
1.382144385244477e-02	4.984972e+00
1.387027197744477e-02	4.980105e+00
1.391910010244477e-02	4.975243e+00
1.396792822744477e-02	4.970386e+00
1.401675635244477e-02	4.965533e+00
1.406558447744477e-02	4.960685e+00
1.411441260244477e-02	4.955841e+00
1.416324072744477e-02	4.951003e+00
1.421206885244477e-02	4.946169e+00
1.426089697744477e-02	4.941339e+00
1.430972510244478e-02	4.936515e+00
1.435855322744478e-02	4.931695e+00
1.440738135244478e-02	4.926880e+00
1.445620947744478e-02	4.922070e+00
1.450503760244478e-02	4.917264e+00
1.455386572744478e-02	4.912464e+00
1.460269385244478e-02	4.907667e+00
1.465152197744478e-02	4.902876e+00
1.470035010244478e-02	4.898089e+00
1.474917822744478e-02	4.893307e+00
1.479800635244478e-02	4.888529e+00
1.484683447744478e-02	4.883756e+00
1.489566260244478e-02	4.878988e+00
1.494449072744478e-02	4.874225e+00
1.499331885244479e-02	4.869466e+00
1.504214697744479e-02	4.864711e+00
1.509097510244479e-02	4.859962e+00
1.513980322744479e-02	4.855217e+00
1.518863135244479e-02	4.850477e+00
1.523745947744479e-02	4.845741e+00
1.528628760244479e-02	4.841010e+00
1.533511572744479e-02	4.836284e+00
1.538394385244479e-02	4.831562e+00
1.543277197744479e-02	4.826845e+00
1.548160010244479e-02	4.822132e+00
1.553042822744479e-02	4.817424e+00
1.557925635244479e-02	4.812721e+00
1.562808447744479e-02	4.808022e+00
1.567691260244479e-02	4.803328e+00
1.572574072744479e-02	4.798638e+00
1.577456885244479e-02	4.793953e+00
1.582339697744480e-02	4.789273e+00
1.587222510244480e-02	4.784597e+00
1.592105322744480e-02	4.779926e+00
1.596988135244480e-02	4.775259e+00
1.601870947744480e-02	4.770597e+00
1.606753760244480e-02	4.765939e+00
1.611636572744480e-02	4.761286e+00
1.616519385244480e-02	4.756638e+00
1.621402197744480e-02	4.751994e+00
1.626285010244480e-02	4.747354e+00
1.631167822744480e-02	4.742719e+00
1.636050635244480e-02	4.738089e+00
1.640933447744480e-02	4.733463e+00
1.645816260244480e-02	4.728842e+00
1.650699072744480e-02	4.724225e+00
1.655581885244481e-02	4.719613e+00
1.660464697744481e-02	4.715005e+00
1.665347510244481e-02	4.710406e+00
1.670230322744481e-02	4.705826e+00
1.675113135244481e-02	4.701332e+00
1.678194613704199e-02	4.698628e+00
1.681560436278890e-02	4.696043e+00
1.684603842428445e-02	4.694483e+00
1.687398127838077e-02	4.694450e+00
1.690529346341158e-02	4.697533e+00
1.694295602473208e-02	4.708510e+00
1.698381959285937e-02	4.731607e+00
1.702779768597200e-02	4.767179e+00
1.706806748453461e-02	4.804475e+00
1.711689560953461e-02	4.849799e+00
1.716572373453461e-02	4.892288e+00
1.721455185953462e-02	4.930722e+00
1.726337998453462e-02	4.964766e+00
1.731220810953462e-02	4.994338e+00
1.736103623453462e-02	5.019496e+00
1.740986435953462e-02	5.040360e+00
1.745869248453462e-02	5.057103e+00
1.750752060953462e-02	5.069950e+00
1.755634873453462e-02	5.079183e+00
1.760517685953462e-02	5.085149e+00
1.765400498453462e-02	5.088260e+00
1.770283310953462e-02	5.088975e+00
1.775166123453462e-02	5.087779e+00
1.780048935953462e-02	5.085155e+00
1.784931748453462e-02	5.081542e+00
1.789814560953462e-02	5.077299e+00
1.794697373453463e-02	5.072692e+00
1.799580185953463e-02	5.067896e+00
1.804462998453463e-02	5.063011e+00
1.809345810953463e-02	5.058092e+00
1.814228623453463e-02	5.053161e+00
1.819111435953463e-02	5.048230e+00
1.823994248453463e-02	5.043302e+00
1.828877060953463e-02	5.038378e+00
1.833759873453463e-02	5.033459e+00
1.838642685953463e-02	5.028544e+00
1.843525498453463e-02	5.023634e+00
1.848408310953463e-02	5.018730e+00
1.853291123453463e-02	5.013830e+00
1.858173935953463e-02	5.008934e+00
1.863056748453464e-02	5.004044e+00
1.867939560953464e-02	4.999158e+00
1.872822373453464e-02	4.994277e+00
1.877705185953464e-02	4.989401e+00
1.882587998453464e-02	4.984530e+00
1.887470810953464e-02	4.979663e+00
1.892353623453464e-02	4.974801e+00
1.897236435953464e-02	4.969944e+00
1.902119248453464e-02	4.965092e+00
1.907002060953464e-02	4.960244e+00
1.911884873453464e-02	4.955401e+00
1.916767685953464e-02	4.950563e+00
1.921650498453464e-02	4.945729e+00
1.926533310953464e-02	4.940901e+00
1.931416123453465e-02	4.936077e+00
1.936298935953465e-02	4.931257e+00
1.941181748453465e-02	4.926443e+00
1.946064560953465e-02	4.921633e+00
1.950947373453465e-02	4.916828e+00
1.955830185953465e-02	4.912027e+00
1.960712998453465e-02	4.907231e+00
1.965595810953465e-02	4.902440e+00
1.970478623453465e-02	4.897654e+00
1.975361435953465e-02	4.892872e+00
1.980244248453465e-02	4.888095e+00
1.985127060953465e-02	4.883323e+00
1.990009873453465e-02	4.878555e+00
1.994892685953465e-02	4.873792e+00
1.999775498453465e-02	4.869033e+00
2.004658310953466e-02	4.864279e+00
2.009541123453466e-02	4.859530e+00
2.014423935953466e-02	4.854786e+00
2.019306748453466e-02	4.850046e+00
2.024189560953466e-02	4.845311e+00
2.029072373453466e-02	4.840580e+00
2.033955185953466e-02	4.835854e+00
2.038837998453466e-02	4.831133e+00
2.043720810953466e-02	4.826416e+00
2.048603623453466e-02	4.821704e+00
2.053486435953466e-02	4.816996e+00
2.058369248453466e-02	4.812294e+00
2.063252060953466e-02	4.807595e+00
2.068134873453466e-02	4.802901e+00
2.073017685953467e-02	4.798212e+00
2.077900498453467e-02	4.793528e+00
2.082783310953467e-02	4.788847e+00
2.087666123453467e-02	4.784172e+00
2.092548935953467e-02	4.779501e+00
2.097431748453467e-02	4.774835e+00
2.102314560953467e-02	4.770173e+00
2.107197373453467e-02	4.765516e+00
2.112080185953467e-02	4.760863e+00
2.116962998453467e-02	4.756215e+00
2.121845810953467e-02	4.751572e+00
2.126728623453467e-02	4.746933e+00
2.131611435953467e-02	4.742298e+00
2.136494248453467e-02	4.737668e+00
2.141377060953467e-02	4.733043e+00
2.146259873453468e-02	4.728422e+00
2.151142685953468e-02	4.723805e+00
2.156025498453468e-02	4.719193e+00
2.160908310953468e-02	4.714587e+00
2.165791123453468e-02	4.709988e+00
2.170673935953468e-02	4.705412e+00
2.175556748453468e-02	4.700934e+00
2.180439560953468e-02	4.696880e+00
2.183778645538579e-02	4.694841e+00
2.187307038604051e-02	4.694526e+00
2.190730283958779e-02	4.698022e+00
2.194459732116073e-02	4.709301e+00
2.198514613909250e-02	4.732602e+00
2.202886090275988e-02	4.768163e+00
2.206953347311756e-02	4.805865e+00
2.211836159811757e-02	4.851131e+00
2.216718972311757e-02	4.893507e+00
2.221601784811757e-02	4.931811e+00
2.226484597311757e-02	4.965719e+00
2.231367409811757e-02	4.995157e+00
2.236250222311757e-02	5.020185e+00
2.241133034811757e-02	5.040922e+00
2.246015847311757e-02	5.057544e+00
2.250898659811757e-02	5.070278e+00
2.255781472311757e-02	5.079407e+00
2.260664284811757e-02	5.085281e+00
2.265547097311757e-02	5.088314e+00
2.270429909811757e-02	5.088964e+00
2.275312722311757e-02	5.087718e+00
2.280195534811758e-02	5.085059e+00
2.285078347311758e-02	5.081422e+00
2.289961159811758e-02	5.077165e+00
2.294843972311758e-02	5.072550e+00
2.299726784811758e-02	5.067750e+00
2.304609597311758e-02	5.062864e+00
2.309492409811758e-02	5.057943e+00
2.314375222311758e-02	5.053013e+00
2.319258034811758e-02	5.048081e+00
2.324140847311758e-02	5.043153e+00
2.329023659811758e-02	5.038230e+00
2.333906472311758e-02	5.033311e+00
2.338789284811758e-02	5.028397e+00
2.343672097311758e-02	5.023487e+00
2.348554909811758e-02	5.018582e+00
2.353437722311759e-02	5.013682e+00
2.358320534811759e-02	5.008787e+00
2.363203347311759e-02	5.003897e+00
2.368086159811759e-02	4.999012e+00
2.372968972311759e-02	4.994131e+00
2.377851784811759e-02	4.989254e+00
2.382734597311759e-02	4.984384e+00
2.387617409811759e-02	4.979517e+00
2.392500222311759e-02	4.974655e+00
2.397383034811759e-02	4.969798e+00
2.402265847311759e-02	4.964946e+00
2.407148659811759e-02	4.960098e+00
2.412031472311759e-02	4.955256e+00
2.416914284811759e-02	4.950418e+00
2.421797097311760e-02	4.945584e+00
2.426679909811760e-02	4.940755e+00
2.431562722311760e-02	4.935932e+00
2.436445534811760e-02	4.931113e+00
2.441328347311760e-02	4.926298e+00
2.446211159811760e-02	4.921488e+00
2.451093972311760e-02	4.916683e+00
2.455976784811760e-02	4.911883e+00
2.460859597311760e-02	4.907087e+00
2.465742409811760e-02	4.902296e+00
2.470625222311760e-02	4.897510e+00
2.475508034811760e-02	4.892728e+00
2.480390847311760e-02	4.887951e+00
2.485273659811760e-02	4.883179e+00
2.490156472311761e-02	4.878411e+00
2.495039284811761e-02	4.873649e+00
2.499922097311761e-02	4.868890e+00
2.504804909811761e-02	4.864137e+00
2.509687722311761e-02	4.859387e+00
2.514570534811761e-02	4.854643e+00
2.519453347311761e-02	4.849904e+00
2.524336159811761e-02	4.845168e+00
2.529218972311761e-02	4.840438e+00
2.534101784811761e-02	4.835712e+00
2.538984597311761e-02	4.830991e+00
2.543867409811761e-02	4.826274e+00
2.548750222311761e-02	4.821562e+00
2.553633034811761e-02	4.816855e+00
2.558515847311761e-02	4.812152e+00
2.563398659811762e-02	4.807454e+00
2.568281472311762e-02	4.802760e+00
2.573164284811762e-02	4.798071e+00
2.578047097311762e-02	4.793386e+00
2.582929909811762e-02	4.788707e+00
2.587812722311762e-02	4.784031e+00
2.592695534811762e-02	4.779361e+00
2.597578347311762e-02	4.774694e+00
2.602461159811762e-02	4.770033e+00
2.607343972311762e-02	4.765376e+00
2.612226784811762e-02	4.760724e+00
2.617109597311762e-02	4.756075e+00
2.621992409811762e-02	4.751432e+00
2.626875222311762e-02	4.746793e+00
2.631758034811763e-02	4.742159e+00
2.636640847311763e-02	4.737529e+00
2.641523659811763e-02	4.732903e+00
2.646406472311763e-02	4.728283e+00
2.651289284811763e-02	4.723667e+00
2.656172097311763e-02	4.719055e+00
2.661054909811763e-02	4.714448e+00
2.665937722311763e-02	4.709850e+00
2.670820534811763e-02	4.705276e+00
2.675703347311763e-02	4.700803e+00
2.679439776820930e-02	4.697618e+00
2.682213545183556e-02	4.695620e+00
2.685123243213861e-02	4.694339e+00
2.687951380053915e-02	4.694696e+00
2.691112828103647e-02	4.698627e+00
2.695153644624259e-02	4.712393e+00
2.699040308073218e-02	4.736381e+00
2.703272706263879e-02	4.771655e+00
2.707573052538450e-02	4.811675e+00
2.712455865038450e-02	4.856708e+00
2.717338677538450e-02	4.898610e+00
2.722221490038450e-02	4.936365e+00
2.727104302538451e-02	4.969704e+00
2.731987115038451e-02	4.998577e+00
2.736869927538451e-02	5.023051e+00
2.741752740038451e-02	5.043256e+00
2.746635552538451e-02	5.059371e+00
2.751518365038451e-02	5.071630e+00
2.756401177538451e-02	5.080326e+00
2.761283990038451e-02	5.085814e+00
2.766166802538451e-02	5.088518e+00
2.771049615038451e-02	5.088900e+00
2.775932427538451e-02	5.087449e+00
2.780815240038451e-02	5.084642e+00
2.785698052538451e-02	5.080909e+00
2.790580865038451e-02	5.076594e+00
2.795463677538451e-02	5.071948e+00
2.799774531634761e-02	5.067700e+00
2.804113675350539e-02	5.063359e+00
2.808996487850539e-02	5.058441e+00
2.813879300350539e-02	5.053511e+00
2.818762112850539e-02	5.048579e+00
2.823644925350539e-02	5.043651e+00
2.828527737850539e-02	5.038727e+00
2.833410550350540e-02	5.033807e+00
2.838293362850540e-02	5.028893e+00
2.843176175350540e-02	5.023983e+00
2.848058987850540e-02	5.019077e+00
2.852941800350540e-02	5.014177e+00
2.857824612850540e-02	5.009282e+00
2.862707425350540e-02	5.004391e+00
2.867590237850540e-02	4.999505e+00
2.872473050350540e-02	4.994623e+00
2.877355862850540e-02	4.989747e+00
2.882238675350540e-02	4.984875e+00
2.887121487850540e-02	4.980008e+00
2.892004300350540e-02	4.975146e+00
2.896887112850540e-02	4.970288e+00
2.901769925350541e-02	4.965436e+00
2.906652737850541e-02	4.960588e+00
2.911535550350541e-02	4.955744e+00
2.916418362850541e-02	4.950906e+00
2.921301175350541e-02	4.946072e+00
2.926183987850541e-02	4.941243e+00
2.931066800350541e-02	4.936419e+00
2.935949612850541e-02	4.931599e+00
2.940832425350541e-02	4.926784e+00
2.945715237850541e-02	4.921974e+00
2.950598050350541e-02	4.917168e+00
2.955480862850541e-02	4.912367e+00
2.960363675350541e-02	4.907571e+00
2.965246487850541e-02	4.902780e+00
2.970129300350541e-02	4.897993e+00
2.975012112850542e-02	4.893211e+00
2.979894925350542e-02	4.888433e+00
2.984777737850542e-02	4.883661e+00
2.989660550350542e-02	4.878893e+00
2.994543362850542e-02	4.874129e+00
2.999426175350542e-02	4.869370e+00
3.004308987850542e-02	4.864616e+00
3.009191800350542e-02	4.859867e+00
3.014074612850542e-02	4.855122e+00
3.018957425350542e-02	4.850382e+00
3.023840237850542e-02	4.845646e+00
3.028723050350542e-02	4.840915e+00
3.033605862850542e-02	4.836189e+00
3.038488675350542e-02	4.831467e+00
3.043371487850543e-02	4.826750e+00
3.048254300350543e-02	4.822038e+00
3.053137112850543e-02	4.817330e+00
3.058019925350543e-02	4.812627e+00
3.062902737850543e-02	4.807928e+00
3.067785550350543e-02	4.803234e+00
3.072668362850543e-02	4.798544e+00
3.077551175350543e-02	4.793859e+00
3.082433987850543e-02	4.789179e+00
3.087316800350543e-02	4.784503e+00
3.092199612850543e-02	4.779832e+00
3.097082425350543e-02	4.775166e+00
3.101965237850543e-02	4.770504e+00
3.106848050350543e-02	4.765846e+00
3.111730862850543e-02	4.761193e+00
3.116613675350544e-02	4.756545e+00
3.121496487850544e-02	4.751901e+00
3.126379300350544e-02	4.747262e+00
3.131262112850543e-02	4.742627e+00
3.136144925350543e-02	4.737997e+00
3.141027737850543e-02	4.733371e+00
3.145910550350543e-02	4.728749e+00
3.150793362850542e-02	4.724133e+00
3.155676175350542e-02	4.719521e+00
3.160558987850542e-02	4.714913e+00
3.165441800350541e-02	4.710314e+00
3.170324612850541e-02	4.705735e+00
3.175207425350541e-02	4.701244e+00
3.180090237850541e-02	4.697136e+00
3.184366975395731e-02	4.694664e+00
3.187541591579533e-02	4.694633e+00
3.190819934219063e-02	4.698185e+00
3.194675273075442e-02	4.710257e+00
3.198669623677919e-02	4.733718e+00
3.202992728081367e-02	4.769134e+00
3.207124255349728e-02	4.807472e+00
3.212007067849728e-02	4.852676e+00
3.216889880349728e-02	4.894922e+00
3.221772692849727e-02	4.933074e+00
3.226655505349727e-02	4.966825e+00
3.231538317849727e-02	4.996108e+00
3.236421130349727e-02	5.020982e+00
3.241303942849726e-02	5.041573e+00
3.246186755349726e-02	5.058054e+00
3.251069567849726e-02	5.070656e+00
3.255952380349725e-02	5.079666e+00
3.260835192849725e-02	5.085433e+00
3.265718005349725e-02	5.088374e+00
3.270600817849725e-02	5.088950e+00
3.275483630349724e-02	5.087646e+00
3.280366442849724e-02	5.084946e+00
3.285249255349724e-02	5.081282e+00
3.290132067849724e-02	5.077008e+00
3.295014880349723e-02	5.072384e+00
3.299897692849723e-02	5.067580e+00
3.304780505349723e-02	5.062692e+00
3.309663317849722e-02	5.057771e+00
3.314546130349722e-02	5.052840e+00
3.319428942849722e-02	5.047909e+00
3.324311755349722e-02	5.042981e+00
3.329194567849721e-02	5.038057e+00
3.334077380349721e-02	5.033138e+00
3.338960192849721e-02	5.028224e+00
3.343843005349720e-02	5.023315e+00
3.348725817849720e-02	5.018411e+00
3.353608630349720e-02	5.013511e+00
3.358491442849720e-02	5.008616e+00
3.363374255349719e-02	5.003726e+00
3.368257067849719e-02	4.998840e+00
3.373139880349719e-02	4.993960e+00
3.378022692849719e-02	4.989084e+00
3.382905505349718e-02	4.984213e+00
3.387788317849718e-02	4.979346e+00
3.392671130349718e-02	4.974485e+00
3.397553942849717e-02	4.969628e+00
3.402436755349717e-02	4.964776e+00
3.407319567849717e-02	4.959929e+00
3.412202380349717e-02	4.955086e+00
3.417085192849716e-02	4.950248e+00
3.421968005349716e-02	4.945415e+00
3.426850817849716e-02	4.940587e+00
3.431733630349715e-02	4.935763e+00
3.436616442849715e-02	4.930944e+00
3.441499255349715e-02	4.926129e+00
3.446382067849715e-02	4.921320e+00
3.451264880349714e-02	4.916515e+00
3.456147692849714e-02	4.911715e+00
3.461030505349714e-02	4.906919e+00
3.465913317849714e-02	4.902129e+00
3.470796130349713e-02	4.897342e+00
3.475678942849713e-02	4.892561e+00
3.480561755349713e-02	4.887784e+00
3.485444567849712e-02	4.883012e+00
3.490327380349712e-02	4.878244e+00
3.495210192849712e-02	4.873482e+00
3.500093005349712e-02	4.868723e+00
3.504975817849711e-02	4.863970e+00
3.509858630349711e-02	4.859221e+00
3.514741442849711e-02	4.854477e+00
3.519624255349710e-02	4.849738e+00
3.524507067849710e-02	4.845003e+00
3.529389880349710e-02	4.840272e+00
3.534272692849710e-02	4.835546e+00
3.539155505349709e-02	4.830825e+00
3.544038317849709e-02	4.826109e+00
3.548921130349709e-02	4.821397e+00
3.553803942849709e-02	4.816690e+00
3.558686755349708e-02	4.811987e+00
3.563569567849708e-02	4.807289e+00
3.568452380349708e-02	4.802596e+00
3.573335192849707e-02	4.797907e+00
3.578218005349707e-02	4.793222e+00
3.583100817849707e-02	4.788543e+00
3.587983630349707e-02	4.783868e+00
3.592866442849706e-02	4.779197e+00
3.597749255349706e-02	4.774531e+00
3.602632067849706e-02	4.769870e+00
3.607514880349705e-02	4.765213e+00
3.612397692849705e-02	4.760561e+00
3.617280505349705e-02	4.755913e+00
3.622163317849705e-02	4.751269e+00
3.627046130349704e-02	4.746631e+00
3.631928942849704e-02	4.741997e+00
3.636811755349704e-02	4.737367e+00
3.641694567849704e-02	4.732742e+00
3.646577380349703e-02	4.728121e+00
3.651460192849703e-02	4.723505e+00
3.656343005349703e-02	4.718894e+00
3.661225817849702e-02	4.714287e+00
3.666108630349702e-02	4.709689e+00
3.670991442849702e-02	4.705116e+00
3.675874255349702e-02	4.700651e+00
3.678661254451333e-02	4.698238e+00
3.681352625419589e-02	4.696171e+00
3.684104424364535e-02	4.694633e+00
3.686824397021734e-02	4.694266e+00
3.689823352119150e-02	4.696416e+00
3.693371451107574e-02	4.704895e+00
3.698254263607574e-02	4.730661e+00
3.702224622358526e-02	4.762317e+00
3.706344198351864e-02	4.800135e+00
3.711227010851863e-02	4.845593e+00
3.716109823351863e-02	4.888422e+00
3.720992635851863e-02	4.927262e+00
3.725875448351863e-02	4.961730e+00
3.730758260851862e-02	4.991726e+00
3.735641073351862e-02	5.017299e+00
3.740523885851862e-02	5.038563e+00
3.745406698351861e-02	5.055688e+00
3.750289510851861e-02	5.068892e+00
3.755172323351861e-02	5.078454e+00
3.760055135851861e-02	5.084713e+00
3.764937948351860e-02	5.088076e+00
3.769820760851860e-02	5.088997e+00
3.774703573351860e-02	5.087962e+00
3.779586385851860e-02	5.085453e+00
3.784469198351859e-02	5.081917e+00
3.789352010851859e-02	5.077721e+00
3.794234823351859e-02	5.073140e+00
3.799117635851858e-02	5.068356e+00
3.804000448351858e-02	5.063477e+00
3.808883260851858e-02	5.058558e+00
3.813766073351858e-02	5.053628e+00
3.818648885851857e-02	5.048697e+00
3.823531698351857e-02	5.043769e+00
3.828414510851857e-02	5.038845e+00
3.833297323351856e-02	5.033925e+00
3.838180135851856e-02	5.029010e+00
3.843062948351856e-02	5.024100e+00
3.847945760851856e-02	5.019195e+00
3.852828573351855e-02	5.014294e+00
3.857711385851855e-02	5.009398e+00
3.862594198351855e-02	5.004508e+00
3.867477010851855e-02	4.999621e+00
3.872359823351854e-02	4.994740e+00
3.877242635851854e-02	4.989863e+00
3.882125448351854e-02	4.984992e+00
3.887008260851853e-02	4.980124e+00
3.891891073351853e-02	4.975262e+00
3.896773885851853e-02	4.970405e+00
3.901656698351853e-02	4.965551e+00
3.906539510851852e-02	4.960703e+00
3.911422323351852e-02	4.955860e+00
3.916305135851852e-02	4.951022e+00
3.921187948351851e-02	4.946187e+00
3.926070760851851e-02	4.941359e+00
3.930953573351851e-02	4.936534e+00
3.935836385851851e-02	4.931714e+00
3.940719198351850e-02	4.926899e+00
3.945602010851850e-02	4.922089e+00
3.950484823351850e-02	4.917283e+00
3.955367635851850e-02	4.912482e+00
3.960250448351849e-02	4.907686e+00
3.965133260851849e-02	4.902894e+00
3.970016073351849e-02	4.898108e+00
3.974898885851848e-02	4.893325e+00
3.979781698351848e-02	4.888548e+00
3.984664510851848e-02	4.883775e+00
3.989547323351848e-02	4.879007e+00
3.994430135851847e-02	4.874243e+00
3.999312948351847e-02	4.869484e+00
4.004195760851847e-02	4.864730e+00
4.009078573351847e-02	4.859981e+00
4.013961385851846e-02	4.855236e+00
4.018844198351846e-02	4.850495e+00
4.023727010851846e-02	4.845759e+00
4.028609823351845e-02	4.841028e+00
4.033492635851845e-02	4.836302e+00
4.038375448351845e-02	4.831580e+00
4.043258260851845e-02	4.826863e+00
4.048141073351844e-02	4.822150e+00
4.053023885851844e-02	4.817442e+00
4.057906698351844e-02	4.812739e+00
4.062789510851843e-02	4.808040e+00
4.067672323351843e-02	4.803346e+00
4.072555135851843e-02	4.798656e+00
4.077437948351843e-02	4.793972e+00
4.082320760851842e-02	4.789291e+00
4.087203573351842e-02	4.784615e+00
4.092086385851842e-02	4.779944e+00
4.096969198351842e-02	4.775277e+00
4.101852010851841e-02	4.770615e+00
4.106734823351841e-02	4.765957e+00
4.111617635851841e-02	4.761304e+00
4.116500448351840e-02	4.756656e+00
4.121383260851840e-02	4.752012e+00
4.126266073351840e-02	4.747372e+00
4.131148885851840e-02	4.742737e+00
4.136031698351839e-02	4.738107e+00
4.140914510851839e-02	4.733481e+00
4.145797323351839e-02	4.728860e+00
4.150680135851838e-02	4.724243e+00
4.155562948351838e-02	4.719631e+00
4.160445760851838e-02	4.715024e+00
4.165328573351838e-02	4.710423e+00
4.170211385851837e-02	4.705844e+00
4.175094198351837e-02	4.701349e+00
4.179977010851837e-02	4.697225e+00
4.183288766217735e-02	4.695062e+00
4.186801064818276e-02	4.694381e+00
4.190173427085601e-02	4.697071e+00
4.193733144800797e-02	4.706336e+00
4.198071812629207e-02	4.729496e+00
4.201981846293575e-02	4.760255e+00
4.206075865584570e-02	4.797644e+00
4.210958678084570e-02	4.843150e+00
4.215841490584570e-02	4.886166e+00
4.220724303084569e-02	4.925237e+00
4.225607115584569e-02	4.959952e+00
4.230489928084569e-02	4.990193e+00
4.235372740584568e-02	5.016006e+00
4.240255553084568e-02	5.037504e+00
4.245138365584568e-02	5.054851e+00
4.250021178084568e-02	5.068264e+00
4.254903990584567e-02	5.078017e+00
4.259786803084567e-02	5.084448e+00
4.264669615584567e-02	5.087959e+00
4.269552428084566e-02	5.089003e+00
4.274435240584566e-02	5.088061e+00
4.279318053084566e-02	5.085622e+00
4.284200865584566e-02	5.082131e+00
4.289083678084565e-02	5.077963e+00
4.293966490584565e-02	5.073398e+00
4.298849303084565e-02	5.068622e+00
4.303732115584565e-02	5.063746e+00
4.308614928084564e-02	5.058830e+00
4.313497740584564e-02	5.053900e+00
4.318380553084564e-02	5.048968e+00
4.323263365584563e-02	5.044040e+00
4.328146178084563e-02	5.039115e+00
4.333028990584563e-02	5.034195e+00
4.337911803084563e-02	5.029280e+00
4.342794615584562e-02	5.024370e+00
4.347677428084562e-02	5.019464e+00
4.352560240584562e-02	5.014564e+00
4.357443053084561e-02	5.009667e+00
4.362325865584561e-02	5.004776e+00
4.367208678084561e-02	4.999890e+00
4.372091490584561e-02	4.995008e+00
4.376974303084560e-02	4.990131e+00
4.381857115584560e-02	4.985259e+00
4.386739928084560e-02	4.980392e+00
4.391622740584560e-02	4.975529e+00
4.396505553084559e-02	4.970672e+00
4.401388365584559e-02	4.965818e+00
4.406271178084559e-02	4.960970e+00
4.411153990584558e-02	4.956126e+00
4.416036803084558e-02	4.951287e+00
4.420919615584558e-02	4.946453e+00
4.425802428084558e-02	4.941624e+00
4.430685240584557e-02	4.936799e+00
4.435568053084557e-02	4.931979e+00
4.440450865584557e-02	4.927164e+00
4.445333678084556e-02	4.922353e+00
4.450216490584556e-02	4.917547e+00
4.455099303084556e-02	4.912746e+00
4.459982115584556e-02	4.907949e+00
4.464864928084555e-02	4.903158e+00
4.469747740584555e-02	4.898371e+00
4.474630553084555e-02	4.893588e+00
4.479513365584555e-02	4.888810e+00
4.484396178084554e-02	4.884037e+00
4.489278990584554e-02	4.879269e+00
4.494161803084554e-02	4.874505e+00
4.499044615584553e-02	4.869746e+00
4.503927428084553e-02	4.864991e+00
4.508810240584553e-02	4.860241e+00
4.513693053084553e-02	4.855496e+00
4.518575865584552e-02	4.850756e+00
4.523458678084552e-02	4.846020e+00
4.528341490584552e-02	4.841289e+00
4.533224303084551e-02	4.836562e+00
4.538107115584551e-02	4.831840e+00
4.542989928084551e-02	4.827122e+00
4.547872740584551e-02	4.822410e+00
4.552755553084550e-02	4.817701e+00
4.557638365584550e-02	4.812997e+00
4.562521178084550e-02	4.808299e+00
4.567403990584550e-02	4.803604e+00
4.572286803084549e-02	4.798914e+00
4.577169615584549e-02	4.794229e+00
4.582052428084549e-02	4.789548e+00
4.586935240584548e-02	4.784872e+00
4.591818053084548e-02	4.780200e+00
4.596700865584548e-02	4.775534e+00
4.601583678084548e-02	4.770871e+00
4.606466490584547e-02	4.766213e+00
4.611349303084547e-02	4.761560e+00
4.616232115584547e-02	4.756911e+00
4.621114928084546e-02	4.752267e+00
4.625997740584546e-02	4.747627e+00
4.630880553084546e-02	4.742992e+00
4.635763365584546e-02	4.738361e+00
4.640646178084545e-02	4.733736e+00
4.645528990584545e-02	4.729114e+00
4.650411803084545e-02	4.724497e+00
4.655294615584545e-02	4.719884e+00
4.660177428084544e-02	4.715277e+00
4.665060240584544e-02	4.710676e+00
4.669943053084544e-02	4.706095e+00
4.674825865584543e-02	4.701591e+00
4.678441204143365e-02	4.698426e+00
4.681782446208956e-02	4.695901e+00
4.684587601102023e-02	4.694483e+00
4.687473730151408e-02	4.694480e+00
4.690555075567230e-02	4.697573e+00
4.694355522557750e-02	4.708763e+00
4.698421594166857e-02	4.731886e+00
4.702803906034493e-02	4.767399e+00
4.706845664996175e-02	4.804841e+00
4.711728477496175e-02	4.850152e+00
4.716611289996175e-02	4.892612e+00
4.721494102496174e-02	4.931012e+00
4.726376914996174e-02	4.965019e+00
4.731259727496174e-02	4.994556e+00
4.736142539996174e-02	5.019679e+00
4.741025352496173e-02	5.040510e+00
4.745908164996173e-02	5.057220e+00
4.750790977496173e-02	5.070037e+00
4.755673789996172e-02	5.079243e+00
4.760556602496172e-02	5.085184e+00
4.765439414996172e-02	5.088274e+00
4.770322227496172e-02	5.088973e+00
4.775205039996171e-02	5.087763e+00
4.780087852496171e-02	5.085130e+00
4.784970664996171e-02	5.081510e+00
4.789853477496171e-02	5.077263e+00
4.794736289996170e-02	5.072655e+00
4.799619102496170e-02	5.067857e+00
4.804501914996170e-02	5.062972e+00
4.809384727496169e-02	5.058052e+00
4.814267539996169e-02	5.053122e+00
4.819150352496169e-02	5.048191e+00
4.824033164996169e-02	5.043262e+00
4.828915977496168e-02	5.038339e+00
4.833798789996168e-02	5.033419e+00
4.838681602496168e-02	5.028505e+00
4.843564414996167e-02	5.023595e+00
4.848447227496167e-02	5.018691e+00
4.853330039996167e-02	5.013791e+00
4.858212852496167e-02	5.008895e+00
4.863095664996166e-02	5.004005e+00
4.867978477496166e-02	4.999119e+00
4.872861289996166e-02	4.994238e+00
4.877744102496166e-02	4.989362e+00
4.882626914996165e-02	4.984491e+00
4.887509727496165e-02	4.979624e+00
4.892392539996165e-02	4.974762e+00
4.897275352496164e-02	4.969905e+00
4.902158164996164e-02	4.965053e+00
4.907040977496164e-02	4.960206e+00
4.911923789996164e-02	4.955362e+00
4.916806602496163e-02	4.950524e+00
4.921689414996163e-02	4.945691e+00
4.926572227496163e-02	4.940862e+00
4.931455039996162e-02	4.936038e+00
4.936337852496162e-02	4.931219e+00
4.941220664996162e-02	4.926404e+00
4.946103477496162e-02	4.921595e+00
4.950986289996161e-02	4.916790e+00
4.955869102496161e-02	4.911989e+00
4.960751914996161e-02	4.907193e+00
4.965634727496161e-02	4.902402e+00
4.970517539996160e-02	4.897615e+00
4.975400352496160e-02	4.892834e+00
4.980283164996160e-02	4.888057e+00
4.985165977496159e-02	4.883285e+00
4.990048789996159e-02	4.878517e+00
4.994931602496159e-02	4.873754e+00
4.999814414996159e-02	4.868995e+00
5.000000000000000e-02	4.868814e+00
