time	V(v_out)
0.000000000000000e+00	8.015566e-18
9.765625114122045e-11	8.016302e-18
1.953125022824409e-10	2.801231e-16
3.906250045648818e-10	1.384356e-15
7.812500091297636e-10	5.843498e-15
1.562500018259527e-09	2.371923e-14
3.125000036519054e-09	9.536771e-14
6.250000073038109e-09	3.823697e-13
1.250000014607622e-08	1.532552e-12
2.500000029215244e-08	6.148116e-12
5.000000058430487e-08	2.472497e-11
1.000000011686097e-07	9.995105e-11
2.000000023372195e-07	4.083808e-10
4.000000046744390e-07	1.705605e-09
7.046098293948658e-07	5.651639e-09
1.131268311532199e-06	1.603451e-08
1.684449080061338e-06	4.058366e-08
2.364377289057235e-06	9.537541e-08
3.156439193188096e-06	2.127987e-07
4.043181842830347e-06	4.602857e-07
5.001870871604224e-06	9.774815e-07
6.012765996633252e-06	2.057816e-06
7.058559856114075e-06	4.316124e-06
8.126990687698003e-06	9.045679e-06
9.209358301199680e-06	1.896207e-05
1.030034264203148e-05	3.977181e-05
1.139676586002276e-05	8.345365e-05
1.249720003834540e-05	1.751372e-04
1.360159764994818e-05	3.674316e-04
1.471162809588026e-05	7.700705e-04
1.583172510771490e-05	1.610248e-03
1.697174659090936e-05	3.352225e-03
1.815281854092132e-05	6.930519e-03
1.941798089387847e-05	1.418612e-02
2.086817506577197e-05	2.891512e-02
2.275720189661292e-05	6.023636e-02
2.488089178483731e-05	1.099996e-01
2.717667123269471e-05	1.755736e-01
3.020070095452063e-05	2.717564e-01
3.418420344151493e-05	4.054170e-01
3.879567025082229e-05	5.627065e-01
4.395043482297179e-05	7.382920e-01
5.196661858797895e-05	1.008636e+00
6.173224358797894e-05	1.331967e+00
7.149786858797894e-05	1.647607e+00
8.126349358797893e-05	1.954391e+00
9.102911858797893e-05	2.251173e+00
1.007947435879789e-04	2.536870e+00
1.105603685879789e-04	2.810424e+00
1.203259935879789e-04	3.070850e+00
1.300916185879789e-04	3.317200e+00
1.398572435879789e-04	3.548604e+00
1.496228685879789e-04	3.764245e+00
1.593884935879789e-04	3.963393e+00
1.691541185879790e-04	4.145390e+00
1.789197435879790e-04	4.309675e+00
1.886853685879790e-04	4.455787e+00
1.984509935879790e-04	4.583395e+00
2.082166185879790e-04	4.692309e+00
2.179822435879790e-04	4.782544e+00
2.277478685879790e-04	4.854375e+00
2.375134935879790e-04	4.908507e+00
2.472791185879790e-04	4.946197e+00
2.570447435879790e-04	4.969513e+00
2.668103685879790e-04	4.981588e+00
2.765759935879790e-04	4.986275e+00
2.863416185879790e-04	4.987176e+00
2.894802522488124e-04	4.987054e+00
2.928177532750039e-04	4.986839e+00
2.959302362571122e-04	4.986589e+00
2.993822080313680e-04	4.986280e+00
3.025086091505098e-04	4.985984e+00
3.055038905706968e-04	4.985693e+00
3.091562563588097e-04	4.985333e+00
3.133794895867823e-04	4.984914e+00
3.189905693727090e-04	4.984355e+00
3.268603978731711e-04	4.983570e+00
3.366260228731712e-04	4.982596e+00
3.463916478731712e-04	4.981623e+00
3.561572728731712e-04	4.980649e+00
3.659228978731712e-04	4.979676e+00
3.756885228731712e-04	4.978703e+00
3.854541478731712e-04	4.977731e+00
3.952197728731712e-04	4.976758e+00
4.049853978731712e-04	4.975786e+00
4.147510228731712e-04	4.974813e+00
4.245166478731712e-04	4.973842e+00
4.342822728731712e-04	4.972870e+00
4.440478978731713e-04	4.971898e+00
4.538135228731713e-04	4.970927e+00
4.635791478731713e-04	4.969956e+00
4.733447728731713e-04	4.968985e+00
4.831103978731713e-04	4.968014e+00
4.928760228731713e-04	4.967044e+00
5.026416478731713e-04	4.966074e+00
5.124072728731713e-04	4.965104e+00
5.221728978731713e-04	4.964134e+00
5.319385228731713e-04	4.963164e+00
5.417041478731713e-04	4.962194e+00
5.514697728731713e-04	4.961225e+00
5.612353978731714e-04	4.960256e+00
5.710010228731714e-04	4.959288e+00
5.807666478731714e-04	4.958319e+00
5.905322728731714e-04	4.957350e+00
6.002978978731714e-04	4.956382e+00
6.100635228731714e-04	4.955414e+00
6.198291478731714e-04	4.954446e+00
6.295947728731714e-04	4.953479e+00
6.393603978731714e-04	4.952512e+00
6.491260228731714e-04	4.951544e+00
6.588916478731714e-04	4.950577e+00
6.686572728731715e-04	4.949611e+00
6.784228978731715e-04	4.948645e+00
6.842554845882073e-04	4.948069e+00
6.882631944400923e-04	4.947677e+00
6.917560870522487e-04	4.947340e+00
6.954084467026727e-04	4.947002e+00
6.988726233748184e-04	4.946708e+00
7.025438280360778e-04	4.946452e+00
7.064124520628969e-04	4.946303e+00
7.106380164972739e-04	4.946408e+00
7.154062255132746e-04	4.947130e+00
7.211577934971600e-04	4.949434e+00
7.296247100080894e-04	4.956938e+00
7.359519883427417e-04	4.965659e+00
7.435337617173592e-04	4.977754e+00
7.507437040633110e-04	4.988611e+00
7.584732197976960e-04	4.997543e+00
7.650303034112141e-04	5.002436e+00
7.725250039687663e-04	5.005387e+00
7.794687931692766e-04	5.006339e+00
7.880550576960901e-04	5.006279e+00
7.908901238647934e-04	5.006087e+00
7.945744163733785e-04	5.005786e+00
7.982264806356141e-04	5.005455e+00
8.015453822393384e-04	5.005137e+00
8.054187617995934e-04	5.004757e+00
8.097092973471376e-04	5.004331e+00
8.152936404612613e-04	5.003773e+00
8.228658782374911e-04	5.003016e+00
8.326315032374911e-04	5.002038e+00
8.423971282374911e-04	5.001061e+00
8.521627532374911e-04	5.000083e+00
8.619283782374911e-04	4.999107e+00
8.716940032374911e-04	4.998130e+00
8.814596282374911e-04	4.997153e+00
8.912252532374911e-04	4.996177e+00
9.009908782374911e-04	4.995201e+00
9.107565032374912e-04	4.994225e+00
9.205221282374912e-04	4.993249e+00
9.302877532374912e-04	4.992273e+00
9.400533782374912e-04	4.991298e+00
9.498190032374912e-04	4.990323e+00
9.595846282374912e-04	4.989348e+00
9.693502532374912e-04	4.988373e+00
9.791158782374912e-04	4.987399e+00
9.888815032374912e-04	4.986425e+00
9.986471282374912e-04	4.985451e+00
1.008412753237491e-03	4.984477e+00
1.018178378237491e-03	4.983503e+00
1.027944003237491e-03	4.982530e+00
1.037709628237491e-03	4.981556e+00
1.047475253237491e-03	4.980584e+00
1.057240878237491e-03	4.979610e+00
1.067006503237491e-03	4.978638e+00
1.076772128237491e-03	4.977665e+00
1.086537753237491e-03	4.976694e+00
1.096303378237491e-03	4.975721e+00
1.106069003237491e-03	4.974750e+00
1.115834628237491e-03	4.973778e+00
1.125600253237491e-03	4.972807e+00
1.135365878237491e-03	4.971836e+00
1.145131503237491e-03	4.970865e+00
1.154897128237491e-03	4.969894e+00
1.164662753237491e-03	4.968924e+00
1.174428378237491e-03	4.967953e+00
1.184194003237491e-03	4.966985e+00
1.193959628237491e-03	4.966037e+00
1.201605045200671e-03	4.965379e+00
1.206284763312342e-03	4.965097e+00
1.211192519489700e-03	4.965057e+00
1.216083703883286e-03	4.965515e+00
1.221906602677084e-03	4.967198e+00
1.230173313896151e-03	4.972718e+00
1.236767296402471e-03	4.979796e+00
1.244572026169231e-03	4.989765e+00
1.251624774091231e-03	4.998387e+00
1.259617192346522e-03	5.005845e+00
1.265941614891577e-03	5.009585e+00
1.272577360702570e-03	5.011676e+00
1.279534890256774e-03	5.012435e+00
1.287834195234598e-03	5.012292e+00
1.291377034382603e-03	5.012039e+00
1.294431516829215e-03	5.011780e+00
1.297403020430938e-03	5.011509e+00
1.300179779897428e-03	5.011244e+00
1.302814394761172e-03	5.010987e+00
1.305613641431840e-03	5.010711e+00
1.308161485634303e-03	5.010457e+00
1.310988454149405e-03	5.010175e+00
1.314072087571524e-03	5.009866e+00
1.318036594159838e-03	5.009469e+00
1.323076273032545e-03	5.008964e+00
1.330450083249436e-03	5.008225e+00
1.340215708249436e-03	5.007246e+00
1.349981333249436e-03	5.006269e+00
1.359746958249436e-03	5.005290e+00
1.369512583249436e-03	5.004312e+00
1.379278208249436e-03	5.003335e+00
1.389043833249436e-03	5.002357e+00
1.398809458249436e-03	5.001379e+00
1.408575083249436e-03	5.000402e+00
1.418340708249436e-03	4.999425e+00
1.428106333249436e-03	4.998448e+00
1.437871958249436e-03	4.997472e+00
1.447637583249436e-03	4.996496e+00
1.457403208249436e-03	4.995520e+00
1.467168833249436e-03	4.994544e+00
1.476934458249436e-03	4.993568e+00
1.486700083249436e-03	4.992592e+00
1.496465708249436e-03	4.991617e+00
1.506231333249436e-03	4.990642e+00
1.515996958249436e-03	4.989667e+00
1.525762583249436e-03	4.988692e+00
1.535528208249436e-03	4.987718e+00
1.545293833249436e-03	4.986744e+00
1.555059458249436e-03	4.985770e+00
1.564825083249436e-03	4.984796e+00
1.574590708249436e-03	4.983822e+00
1.584356333249436e-03	4.982849e+00
1.594121958249436e-03	4.981876e+00
1.603887583249436e-03	4.980903e+00
1.613653208249436e-03	4.979930e+00
1.623418833249436e-03	4.978958e+00
1.633184458249436e-03	4.977985e+00
1.642950083249436e-03	4.977013e+00
1.652715708249436e-03	4.976041e+00
1.662481333249436e-03	4.975070e+00
1.672246958249436e-03	4.974098e+00
1.682012583249436e-03	4.973127e+00
1.691778208249436e-03	4.972167e+00
1.701543833249436e-03	4.971302e+00
1.706536179856446e-03	4.970985e+00
1.711708836044769e-03	4.970922e+00
1.716761257401026e-03	4.971372e+00
1.722704195376834e-03	4.973039e+00
1.731360312457085e-03	4.978669e+00
1.737923188378994e-03	4.985419e+00
1.745704833957629e-03	4.994701e+00
1.752937363747294e-03	5.002747e+00
1.760554768878401e-03	5.009088e+00
1.766826534550489e-03	5.012343e+00
1.774132101245316e-03	5.014222e+00
1.780785645377283e-03	5.014683e+00
1.787449792492112e-03	5.014487e+00
1.791130844578984e-03	5.014225e+00
1.794260213054804e-03	5.013960e+00
1.797235587731207e-03	5.013688e+00
1.800025118120931e-03	5.013422e+00
1.803047562948127e-03	5.013126e+00
1.805873211700600e-03	5.012847e+00
1.808683049241885e-03	5.012567e+00
1.812159040048747e-03	5.012219e+00
1.816239440170108e-03	5.011811e+00
1.821727853862822e-03	5.011261e+00
1.829562904920785e-03	5.010475e+00
1.839328529920785e-03	5.009496e+00
1.849094154920785e-03	5.008517e+00
1.858859779920785e-03	5.007539e+00
1.868625404920785e-03	5.006560e+00
1.878391029920785e-03	5.005582e+00
1.888156654920785e-03	5.004604e+00
1.897922279920785e-03	5.003626e+00
1.907687904920785e-03	5.002649e+00
1.917453529920785e-03	5.001671e+00
1.927219154920785e-03	5.000694e+00
1.936984779920785e-03	4.999717e+00
1.946750404920785e-03	4.998740e+00
1.956516029920785e-03	4.997764e+00
1.966281654920785e-03	4.996788e+00
1.976047279920784e-03	4.995811e+00
1.985812904920784e-03	4.994835e+00
1.995578529920784e-03	4.993860e+00
2.005344154920784e-03	4.992884e+00
2.015109779920784e-03	4.991909e+00
2.024875404920783e-03	4.990933e+00
2.034641029920783e-03	4.989959e+00
2.044406654920783e-03	4.988984e+00
2.054172279920783e-03	4.988009e+00
2.063937904920782e-03	4.987035e+00
2.073703529920782e-03	4.986062e+00
2.083469154920782e-03	4.985087e+00
2.093234779920782e-03	4.984114e+00
2.103000404920782e-03	4.983140e+00
2.112766029920781e-03	4.982167e+00
2.122531654920781e-03	4.981194e+00
2.132297279920781e-03	4.980222e+00
2.142062904920781e-03	4.979249e+00
2.151828529920781e-03	4.978277e+00
2.161594154920780e-03	4.977304e+00
2.171359779920780e-03	4.976332e+00
2.181125404920780e-03	4.975361e+00
2.190891029920780e-03	4.974399e+00
2.195555743864881e-03	4.973951e+00
2.199827808972555e-03	4.973567e+00
2.204027332991386e-03	4.973244e+00
2.208059399879448e-03	4.973037e+00
2.212539180439406e-03	4.973038e+00
2.217546696347065e-03	4.973553e+00
2.223705326476626e-03	4.975430e+00
2.233277485105293e-03	4.982131e+00
2.239744986627441e-03	4.989013e+00
2.247459831647478e-03	4.998004e+00
2.255178052420097e-03	5.005908e+00
2.262132060260970e-03	5.011000e+00
2.268390277813548e-03	5.013767e+00
2.275488563445843e-03	5.015222e+00
2.282393146904404e-03	5.015497e+00
2.288912007321351e-03	5.015205e+00
2.292364052596274e-03	5.014937e+00
2.296558934241022e-03	5.014565e+00
2.300631509621827e-03	5.014177e+00
2.304700439859165e-03	5.013777e+00
2.309705785616317e-03	5.013279e+00
2.316002755350672e-03	5.012649e+00
2.325187651621120e-03	5.011728e+00
2.334953276621120e-03	5.010749e+00
2.344718901621120e-03	5.009770e+00
2.354484526621120e-03	5.008791e+00
2.364250151621119e-03	5.007812e+00
2.374015776621119e-03	5.006834e+00
2.383781401621119e-03	5.005856e+00
2.393547026621119e-03	5.004878e+00
2.403312651621119e-03	5.003900e+00
2.413078276621118e-03	5.002922e+00
2.422843901621118e-03	5.001945e+00
2.432609526621118e-03	5.000967e+00
2.442375151621118e-03	4.999990e+00
2.452140776621117e-03	4.999013e+00
2.461906401621117e-03	4.998037e+00
2.471672026621117e-03	4.997060e+00
2.481437651621117e-03	4.996084e+00
2.491203276621117e-03	4.995108e+00
2.500968901621116e-03	4.994133e+00
2.510734526621116e-03	4.993157e+00
2.520500151621116e-03	4.992181e+00
2.530265776621116e-03	4.991206e+00
2.540031401621116e-03	4.990232e+00
2.549797026621115e-03	4.989257e+00
2.559562651621115e-03	4.988282e+00
2.569328276621115e-03	4.987308e+00
2.579093901621115e-03	4.986334e+00
2.588859526621115e-03	4.985360e+00
2.598625151621114e-03	4.984386e+00
2.608390776621114e-03	4.983413e+00
2.618156401621114e-03	4.982440e+00
2.627922026621114e-03	4.981467e+00
2.637687651621114e-03	4.980494e+00
2.647453276621113e-03	4.979521e+00
2.657218901621113e-03	4.978549e+00
2.666984526621113e-03	4.977576e+00
2.676750151621113e-03	4.976604e+00
2.686515776621112e-03	4.975636e+00
2.695090671964104e-03	4.974804e+00
2.699547808821259e-03	4.974400e+00
2.704235144767811e-03	4.974039e+00
2.708470755903558e-03	4.973831e+00
2.713002743943473e-03	4.973857e+00
2.718127393672253e-03	4.974444e+00
2.724443225532589e-03	4.976517e+00
2.734208850532589e-03	4.983654e+00
2.740818905733578e-03	4.990800e+00
2.748393314324271e-03	4.999519e+00
2.756554210485280e-03	5.007465e+00
2.763195718262774e-03	5.011931e+00
2.769464364897870e-03	5.014412e+00
2.776468031992996e-03	5.015625e+00
2.783572299681858e-03	5.015781e+00
2.789332972530137e-03	5.015479e+00
2.792676143945978e-03	5.015213e+00
2.796786259828632e-03	5.014845e+00
2.800724157889300e-03	5.014470e+00
2.804617393765267e-03	5.014087e+00
2.809390100858249e-03	5.013612e+00
2.815309446322222e-03	5.013020e+00
2.823792449270019e-03	5.012169e+00
2.833558074270018e-03	5.011190e+00
2.843323699270018e-03	5.010211e+00
2.853089324270018e-03	5.009232e+00
2.862854949270018e-03	5.008253e+00
2.872620574270018e-03	5.007275e+00
2.882386199270017e-03	5.006296e+00
2.892151824270017e-03	5.005318e+00
2.901917449270017e-03	5.004340e+00
2.911683074270017e-03	5.003362e+00
2.921448699270017e-03	5.002385e+00
2.931214324270016e-03	5.001408e+00
2.940979949270016e-03	5.000431e+00
2.950745574270016e-03	4.999454e+00
2.960511199270016e-03	4.998477e+00
2.970276824270016e-03	4.997500e+00
2.980042449270015e-03	4.996524e+00
2.989808074270015e-03	4.995548e+00
2.999573699270015e-03	4.994572e+00
3.009339324270015e-03	4.993597e+00
3.019104949270014e-03	4.992621e+00
3.028870574270014e-03	4.991646e+00
3.038636199270014e-03	4.990671e+00
3.048401824270014e-03	4.989696e+00
3.058167449270014e-03	4.988721e+00
3.067933074270013e-03	4.987747e+00
3.077698699270013e-03	4.986773e+00
3.087464324270013e-03	4.985799e+00
3.097229949270013e-03	4.984825e+00
3.106995574270013e-03	4.983851e+00
3.116761199270012e-03	4.982878e+00
3.126526824270012e-03	4.981905e+00
3.136292449270012e-03	4.980932e+00
3.146058074270012e-03	4.979959e+00
3.155823699270012e-03	4.978987e+00
3.165589324270011e-03	4.978014e+00
3.175354949270011e-03	4.977043e+00
3.185120574270011e-03	4.976073e+00
3.194886199270011e-03	4.975124e+00
3.203661784574866e-03	4.974392e+00
3.208675783719949e-03	4.974142e+00
3.213893786686726e-03	4.974226e+00
3.219231660351751e-03	4.974993e+00
3.225915965173032e-03	4.977571e+00
3.234020907199020e-03	4.983728e+00
3.240543793899568e-03	4.990707e+00
3.247974709738059e-03	4.999249e+00
3.256238502000298e-03	5.007365e+00
3.262957920876909e-03	5.011951e+00
3.269223555262147e-03	5.014482e+00
3.276254179902004e-03	5.015739e+00
3.283261443481618e-03	5.015918e+00
3.287864258551627e-03	5.015700e+00
3.291597879030295e-03	5.015424e+00
3.294757466997297e-03	5.015151e+00
3.297883569355261e-03	5.014862e+00
3.301045010676007e-03	5.014557e+00
3.303913244649377e-03	5.014275e+00
3.307340999133279e-03	5.013935e+00
3.311110971929452e-03	5.013558e+00
3.315975258048726e-03	5.013071e+00
3.322373954327241e-03	5.012430e+00
3.332139579327241e-03	5.011450e+00
3.341905204327241e-03	5.010471e+00
3.351670829327240e-03	5.009492e+00
3.361436454327240e-03	5.008513e+00
3.371202079327240e-03	5.007535e+00
3.380967704327240e-03	5.006557e+00
3.390733329327239e-03	5.005578e+00
3.400498954327239e-03	5.004600e+00
3.410264579327239e-03	5.003623e+00
3.420030204327239e-03	5.002645e+00
3.429795829327239e-03	5.001667e+00
3.439561454327238e-03	5.000690e+00
3.449327079327238e-03	4.999713e+00
3.459092704327238e-03	4.998736e+00
3.468858329327238e-03	4.997760e+00
3.478623954327238e-03	4.996784e+00
3.488389579327237e-03	4.995808e+00
3.498155204327237e-03	4.994832e+00
3.507920829327237e-03	4.993856e+00
3.517686454327237e-03	4.992880e+00
3.527452079327237e-03	4.991905e+00
3.537217704327236e-03	4.990930e+00
3.546983329327236e-03	4.989955e+00
3.556748954327236e-03	4.988981e+00
3.566514579327236e-03	4.988006e+00
3.576280204327236e-03	4.987032e+00
3.586045829327235e-03	4.986058e+00
3.595811454327235e-03	4.985084e+00
3.605577079327235e-03	4.984110e+00
3.615342704327235e-03	4.983137e+00
3.625108329327234e-03	4.982164e+00
3.634873954327234e-03	4.981191e+00
3.644639579327234e-03	4.980218e+00
3.654405204327234e-03	4.979246e+00
3.664170829327234e-03	4.978273e+00
3.673936454327233e-03	4.977301e+00
3.683702079327233e-03	4.976330e+00
3.693467704327233e-03	4.975375e+00
3.700840389631223e-03	4.974712e+00
3.707189468370445e-03	4.974304e+00
3.712233374154859e-03	4.974255e+00
3.717412370532506e-03	4.974736e+00
3.723531074558588e-03	4.976506e+00
3.732714748811989e-03	4.982623e+00
3.739222902725232e-03	4.989298e+00
3.746969066677979e-03	4.998181e+00
3.754475187389217e-03	5.005911e+00
3.761656528812518e-03	5.011286e+00
3.767880301229801e-03	5.014129e+00
3.775027268362531e-03	5.015678e+00
3.781831297930524e-03	5.015999e+00
3.789299226550615e-03	5.015680e+00
3.793338002244761e-03	5.015357e+00
3.797694999949452e-03	5.014960e+00
3.802363214950954e-03	5.014510e+00
3.807470548923773e-03	5.014004e+00
3.814071269029681e-03	5.013345e+00
3.823322251735502e-03	5.012417e+00
3.833087876735502e-03	5.011438e+00
3.842853501735502e-03	5.010459e+00
3.852619126735502e-03	5.009480e+00
3.862384751735501e-03	5.008501e+00
3.872150376735501e-03	5.007523e+00
3.881916001735501e-03	5.006544e+00
3.891681626735501e-03	5.005566e+00
3.901447251735501e-03	5.004588e+00
3.911212876735501e-03	5.003610e+00
3.920978501735501e-03	5.002633e+00
3.930744126735500e-03	5.001655e+00
3.940509751735500e-03	5.000678e+00
3.950275376735500e-03	4.999701e+00
3.960041001735500e-03	4.998724e+00
3.969806626735500e-03	4.997747e+00
3.979572251735499e-03	4.996771e+00
3.989337876735499e-03	4.995795e+00
3.999103501735499e-03	4.994819e+00
4.008869126735499e-03	4.993844e+00
4.018634751735499e-03	4.992868e+00
4.028400376735498e-03	4.991893e+00
4.038166001735498e-03	4.990918e+00
4.047931626735498e-03	4.989943e+00
4.057697251735498e-03	4.988968e+00
4.067462876735498e-03	4.987994e+00
4.077228501735497e-03	4.987020e+00
4.086994126735497e-03	4.986046e+00
4.096759751735497e-03	4.985072e+00
4.106525376735497e-03	4.984098e+00
4.116291001735497e-03	4.983125e+00
4.126056626735496e-03	4.982152e+00
4.135822251735496e-03	4.981179e+00
4.145587876735496e-03	4.980206e+00
4.155353501735496e-03	4.979233e+00
4.165119126735495e-03	4.978261e+00
4.174884751735495e-03	4.977289e+00
4.184650376735495e-03	4.976319e+00
4.194416001735495e-03	4.975367e+00
4.199065682110962e-03	4.974940e+00
4.203847417827087e-03	4.974562e+00
4.208551053395784e-03	4.974326e+00
4.212971245387044e-03	4.974348e+00
4.218188653389378e-03	4.974939e+00
4.224476622597704e-03	4.976991e+00
4.234242247597704e-03	4.984081e+00
4.240848210699230e-03	4.991176e+00
4.248425244639030e-03	4.999842e+00
4.256585893606875e-03	5.007736e+00
4.263223096796421e-03	5.012167e+00
4.269489382229791e-03	5.014628e+00
4.276490978189658e-03	5.015829e+00
4.283584568007521e-03	5.015979e+00
4.289177258543843e-03	5.015686e+00
4.292367219107079e-03	5.015435e+00
4.296102300247844e-03	5.015104e+00
4.299821381704529e-03	5.014752e+00
4.303352806632488e-03	5.014407e+00
4.307587324215852e-03	5.013987e+00
4.312547767389351e-03	5.013491e+00
4.319292682273391e-03	5.012815e+00
4.329058307273391e-03	5.011836e+00
4.338823932273391e-03	5.010856e+00
4.348589557273391e-03	5.009877e+00
4.358355182273390e-03	5.008898e+00
4.368120807273390e-03	5.007920e+00
4.377886432273390e-03	5.006941e+00
4.387652057273390e-03	5.005963e+00
4.397417682273390e-03	5.004985e+00
4.407183307273389e-03	5.004007e+00
4.416948932273389e-03	5.003029e+00
4.426714557273389e-03	5.002052e+00
4.436480182273389e-03	5.001075e+00
4.446245807273388e-03	5.000098e+00
4.456011432273388e-03	4.999121e+00
4.465777057273388e-03	4.998144e+00
4.475542682273388e-03	4.997168e+00
4.485308307273388e-03	4.996192e+00
4.495073932273387e-03	4.995215e+00
4.504839557273387e-03	4.994240e+00
4.514605182273387e-03	4.993264e+00
4.524370807273387e-03	4.992289e+00
4.534136432273387e-03	4.991313e+00
4.543902057273386e-03	4.990339e+00
4.553667682273386e-03	4.989364e+00
4.563433307273386e-03	4.988389e+00
4.573198932273386e-03	4.987415e+00
4.582964557273386e-03	4.986441e+00
4.592730182273385e-03	4.985467e+00
4.602495807273385e-03	4.984494e+00
4.612261432273385e-03	4.983520e+00
4.622027057273385e-03	4.982547e+00
4.631792682273385e-03	4.981574e+00
4.641558307273384e-03	4.980601e+00
4.651323932273384e-03	4.979628e+00
4.661089557273384e-03	4.978656e+00
4.670855182273384e-03	4.977684e+00
4.680620807273383e-03	4.976712e+00
4.690386432273383e-03	4.975748e+00
4.700152057273383e-03	4.974850e+00
4.708150946822067e-03	4.974363e+00
4.713593666409261e-03	4.974413e+00
4.719213547325555e-03	4.975194e+00
4.725830711713173e-03	4.977716e+00
4.734005224860620e-03	4.983882e+00
4.740538546586617e-03	4.990848e+00
4.747996306257754e-03	4.999395e+00
4.756179103185210e-03	5.007422e+00
4.762936941406538e-03	5.012036e+00
4.769161169800365e-03	5.014554e+00
4.776173957025297e-03	5.015819e+00
4.783239005055864e-03	5.016005e+00
4.790176908802965e-03	5.015639e+00
4.794736872397951e-03	5.015258e+00
4.799453005529242e-03	5.014818e+00
4.804726344646124e-03	5.014302e+00
4.810942295939541e-03	5.013683e+00
4.819511823057294e-03	5.012825e+00
4.829277448057293e-03	5.011846e+00
4.839043073057293e-03	5.010866e+00
4.848808698057293e-03	5.009887e+00
4.858574323057293e-03	5.008908e+00
4.868339948057293e-03	5.007930e+00
4.878105573057292e-03	5.006951e+00
4.887871198057292e-03	5.005973e+00
4.897636823057292e-03	5.004995e+00
4.907402448057292e-03	5.004017e+00
4.917168073057292e-03	5.003039e+00
4.926933698057291e-03	5.002062e+00
4.936699323057291e-03	5.001085e+00
4.946464948057291e-03	5.000107e+00
4.956230573057291e-03	4.999131e+00
4.965996198057290e-03	4.998154e+00
4.975761823057290e-03	4.997178e+00
4.985527448057290e-03	4.996202e+00
4.995293073057290e-03	4.995225e+00
5.005058698057290e-03	4.994250e+00
5.014824323057289e-03	4.993274e+00
5.024589948057289e-03	4.992299e+00
5.034355573057289e-03	4.991323e+00
5.044121198057289e-03	4.990349e+00
5.053886823057289e-03	4.989374e+00
5.063652448057288e-03	4.988400e+00
5.073418073057288e-03	4.987425e+00
5.083183698057288e-03	4.986451e+00
5.092949323057288e-03	4.985477e+00
5.102714948057288e-03	4.984504e+00
5.112480573057287e-03	4.983530e+00
5.122246198057287e-03	4.982557e+00
5.132011823057287e-03	4.981584e+00
5.141777448057287e-03	4.980611e+00
5.151543073057287e-03	4.979638e+00
5.161308698057286e-03	4.978666e+00
5.171074323057286e-03	4.977694e+00
5.180839948057286e-03	4.976722e+00
5.190605573057286e-03	4.975758e+00
5.199121811466872e-03	4.974965e+00
5.205803774087276e-03	4.974478e+00
5.210741805039389e-03	4.974336e+00
5.215850209954505e-03	4.974618e+00
5.221551031498978e-03	4.975855e+00
5.229305091811191e-03	4.979937e+00
5.236243759382384e-03	4.986134e+00
5.243060086778701e-03	4.993771e+00
5.250357405945058e-03	5.001964e+00
5.260123030945058e-03	5.010338e+00
5.266247530372271e-03	5.013544e+00
5.272614551035226e-03	5.015325e+00
5.279451210819739e-03	5.015976e+00
5.287589777514477e-03	5.015802e+00
5.290540365198247e-03	5.015592e+00
5.293915367717436e-03	5.015310e+00
5.296953554991659e-03	5.015032e+00
5.300311889962084e-03	5.014712e+00
5.303536567135348e-03	5.014396e+00
5.306738873087994e-03	5.014078e+00
5.310690934230621e-03	5.013684e+00
5.315424800395055e-03	5.013210e+00
5.321934046629020e-03	5.012557e+00
5.331686340347674e-03	5.011579e+00
5.341451965347674e-03	5.010600e+00
5.351217590347674e-03	5.009621e+00
5.360983215347673e-03	5.008642e+00
5.370748840347673e-03	5.007663e+00
5.380514465347673e-03	5.006685e+00
5.390280090347673e-03	5.005707e+00
5.400045715347673e-03	5.004729e+00
5.409811340347672e-03	5.003751e+00
5.419576965347672e-03	5.002773e+00
5.429342590347672e-03	5.001796e+00
5.439108215347672e-03	5.000819e+00
5.448873840347672e-03	4.999842e+00
5.458639465347671e-03	4.998865e+00
5.468405090347671e-03	4.997889e+00
5.478170715347671e-03	4.996912e+00
5.487936340347671e-03	4.995936e+00
5.497701965347671e-03	4.994960e+00
5.507467590347670e-03	4.993984e+00
5.517233215347670e-03	4.993009e+00
5.526998840347670e-03	4.992033e+00
5.536764465347670e-03	4.991058e+00
5.546530090347669e-03	4.990083e+00
5.556295715347669e-03	4.989109e+00
5.566061340347669e-03	4.988134e+00
5.575826965347669e-03	4.987160e+00
5.585592590347669e-03	4.986186e+00
5.595358215347668e-03	4.985212e+00
5.605123840347668e-03	4.984239e+00
5.614889465347668e-03	4.983265e+00
5.624655090347668e-03	4.982292e+00
5.634420715347668e-03	4.981319e+00
5.644186340347667e-03	4.980346e+00
5.653951965347667e-03	4.979373e+00
5.663717590347667e-03	4.978401e+00
5.673483215347667e-03	4.977429e+00
5.683248840347667e-03	4.976458e+00
5.693014465347666e-03	4.975501e+00
5.702780090347666e-03	4.974656e+00
5.710704841293512e-03	4.974346e+00
5.716600755787725e-03	4.974735e+00
5.722623450896234e-03	4.976259e+00
5.730818921568494e-03	4.981116e+00
5.737476883293859e-03	4.987463e+00
5.745329393420299e-03	4.996377e+00
5.752425089311130e-03	5.004051e+00
5.760358721721057e-03	5.010536e+00
5.766599375236068e-03	5.013721e+00
5.773112293919832e-03	5.015451e+00
5.779969070425813e-03	5.016028e+00
5.788360842476523e-03	5.015797e+00
5.793383178061943e-03	5.015406e+00
5.797653083489006e-03	5.015018e+00
5.801949984905430e-03	5.014604e+00
5.807201758238029e-03	5.014084e+00
5.813632222165468e-03	5.013442e+00
5.822787637494165e-03	5.012524e+00
5.832553262494165e-03	5.011545e+00
5.842318887494165e-03	5.010566e+00
5.852084512494165e-03	5.009586e+00
5.861850137494165e-03	5.008608e+00
5.871615762494164e-03	5.007629e+00
5.881381387494164e-03	5.006650e+00
5.891147012494164e-03	5.005672e+00
5.900912637494164e-03	5.004694e+00
5.910678262494163e-03	5.003716e+00
5.920443887494163e-03	5.002739e+00
5.930209512494163e-03	5.001761e+00
5.939975137494163e-03	5.000784e+00
5.949740762494163e-03	4.999807e+00
5.959506387494162e-03	4.998831e+00
5.969272012494162e-03	4.997854e+00
5.979037637494162e-03	4.996878e+00
5.988803262494162e-03	4.995902e+00
5.998568887494162e-03	4.994925e+00
6.008334512494161e-03	4.993950e+00
6.018100137494161e-03	4.992974e+00
6.027865762494161e-03	4.991999e+00
6.037631387494161e-03	4.991024e+00
6.047397012494161e-03	4.990049e+00
6.057162637494160e-03	4.989075e+00
6.066928262494160e-03	4.988100e+00
6.076693887494160e-03	4.987126e+00
6.086459512494160e-03	4.986152e+00
6.096225137494160e-03	4.985178e+00
6.105990762494159e-03	4.984204e+00
6.115756387494159e-03	4.983231e+00
6.125522012494159e-03	4.982258e+00
6.135287637494159e-03	4.981285e+00
6.145053262494159e-03	4.980312e+00
6.154818887494158e-03	4.979340e+00
6.164584512494158e-03	4.978367e+00
6.174350137494158e-03	4.977395e+00
6.184115762494158e-03	4.976424e+00
6.193881387494157e-03	4.975471e+00
6.198786002594834e-03	4.975018e+00
6.203759502995920e-03	4.974621e+00
6.208636423867814e-03	4.974377e+00
6.213058878520828e-03	4.974404e+00
6.218321321881569e-03	4.975017e+00
6.224640439517634e-03	4.977119e+00
6.234406064517634e-03	4.984279e+00
6.241042648198829e-03	4.991433e+00
6.248590057423811e-03	5.000053e+00
6.256849460883062e-03	5.007972e+00
6.263433232954874e-03	5.012297e+00
6.269702884659487e-03	5.014706e+00
6.276688589220995e-03	5.015863e+00
6.283830279370343e-03	5.015991e+00
6.289289612447535e-03	5.015696e+00
6.292491848617518e-03	5.015443e+00
6.296194042690584e-03	5.015114e+00
6.299880559977192e-03	5.014764e+00
6.303378666012542e-03	5.014422e+00
6.307573641625683e-03	5.014006e+00
6.312474415622651e-03	5.013516e+00
6.319120680336187e-03	5.012850e+00
6.328886305336187e-03	5.011871e+00
6.338651930336186e-03	5.010892e+00
6.348417555336186e-03	5.009913e+00
6.358183180336186e-03	5.008934e+00
6.367948805336186e-03	5.007955e+00
6.377714430336186e-03	5.006977e+00
6.387480055336185e-03	5.005999e+00
6.397245680336185e-03	5.005020e+00
6.407011305336185e-03	5.004043e+00
6.416776930336185e-03	5.003065e+00
6.426542555336185e-03	5.002087e+00
6.436308180336184e-03	5.001110e+00
6.446073805336184e-03	5.000133e+00
6.455839430336184e-03	4.999156e+00
6.465605055336184e-03	4.998179e+00
6.475370680336183e-03	4.997203e+00
6.485136305336183e-03	4.996227e+00
6.494901930336183e-03	4.995251e+00
6.504667555336183e-03	4.994275e+00
6.514433180336183e-03	4.993299e+00
6.524198805336182e-03	4.992324e+00
6.533964430336182e-03	4.991349e+00
6.543730055336182e-03	4.990374e+00
6.553495680336182e-03	4.989399e+00
6.563261305336182e-03	4.988425e+00
6.573026930336181e-03	4.987451e+00
6.582792555336181e-03	4.986476e+00
6.592558180336181e-03	4.985503e+00
6.602323805336181e-03	4.984529e+00
6.612089430336181e-03	4.983555e+00
6.621855055336180e-03	4.982582e+00
6.631620680336180e-03	4.981609e+00
6.641386305336180e-03	4.980636e+00
6.651151930336180e-03	4.979663e+00
6.660917555336180e-03	4.978691e+00
6.670683180336179e-03	4.977719e+00
6.680448805336179e-03	4.976747e+00
6.690214430336179e-03	4.975782e+00
6.699980055336179e-03	4.974882e+00
6.706038005056775e-03	4.974454e+00
6.712655945468126e-03	4.974380e+00
6.718727589608431e-03	4.975106e+00
6.724940791117223e-03	4.977267e+00
6.734706416117223e-03	4.984569e+00
6.741346542539367e-03	4.991779e+00
6.748848210640169e-03	5.000335e+00
6.757340299724338e-03	5.008353e+00
6.763822539533887e-03	5.012486e+00
6.770114631285701e-03	5.014807e+00
6.777081274994707e-03	5.015885e+00
6.784290609291271e-03	5.015970e+00
6.788427592864358e-03	5.015746e+00
6.792040018098487e-03	5.015471e+00
6.795176661036757e-03	5.015196e+00
6.798276491884117e-03	5.014907e+00
6.801393665065577e-03	5.014606e+00
6.804259963800811e-03	5.014324e+00
6.807694646358450e-03	5.013983e+00
6.811490932311626e-03	5.013604e+00
6.816403845293645e-03	5.013112e+00
6.822909644527535e-03	5.012459e+00
6.832675269527535e-03	5.011480e+00
6.842440894527534e-03	5.010500e+00
6.852206519527534e-03	5.009521e+00
6.861972144527534e-03	5.008543e+00
6.871737769527534e-03	5.007564e+00
6.881503394527534e-03	5.006586e+00
6.891269019527533e-03	5.005608e+00
6.901034644527533e-03	5.004630e+00
6.910800269527533e-03	5.003652e+00
6.920565894527533e-03	5.002674e+00
6.930331519527533e-03	5.001697e+00
6.940097144527532e-03	5.000720e+00
6.949862769527532e-03	4.999743e+00
6.959628394527532e-03	4.998766e+00
6.969394019527532e-03	4.997789e+00
6.979159644527532e-03	4.996813e+00
6.988925269527531e-03	4.995837e+00
6.998690894527531e-03	4.994861e+00
7.008456519527531e-03	4.993885e+00
7.018222144527531e-03	4.992909e+00
7.027987769527531e-03	4.991934e+00
7.037753394527530e-03	4.990959e+00
7.047519019527530e-03	4.989985e+00
7.057284644527530e-03	4.989010e+00
7.067050269527530e-03	4.988035e+00
7.076815894527529e-03	4.987061e+00
7.086581519527529e-03	4.986087e+00
7.096347144527529e-03	4.985113e+00
7.106112769527529e-03	4.984140e+00
7.115878394527529e-03	4.983166e+00
7.125644019527528e-03	4.982193e+00
7.135409644527528e-03	4.981220e+00
7.145175269527528e-03	4.980247e+00
7.154940894527528e-03	4.979275e+00
7.164706519527528e-03	4.978302e+00
7.174472144527527e-03	4.977330e+00
7.184237769527527e-03	4.976360e+00
7.194003394527527e-03	4.975407e+00
7.200316533228786e-03	4.974836e+00
7.206130370909646e-03	4.974430e+00
7.210942991046218e-03	4.974306e+00
7.215872907324194e-03	4.974588e+00
7.221611190479975e-03	4.975844e+00
7.229398416612569e-03	4.979977e+00
7.236319980238960e-03	4.986189e+00
7.243148731292543e-03	4.993852e+00
7.250448722093381e-03	5.002042e+00
7.260214347093381e-03	5.010384e+00
7.266352044662291e-03	5.013571e+00
7.272729418757094e-03	5.015333e+00
7.279560710597792e-03	5.015967e+00
7.287755422501963e-03	5.015780e+00
7.290665916870881e-03	5.015571e+00
7.294019424006088e-03	5.015289e+00
7.297051504036388e-03	5.015012e+00
7.300398237508575e-03	5.014692e+00
7.303613702145468e-03	5.014377e+00
7.306809227235143e-03	5.014060e+00
7.310754333845251e-03	5.013667e+00
7.315480657717000e-03	5.013193e+00
7.321980073792031e-03	5.012542e+00
7.331717662016345e-03	5.011565e+00
7.341483287016345e-03	5.010586e+00
7.351248912016345e-03	5.009607e+00
7.361014537016345e-03	5.008628e+00
7.370780162016344e-03	5.007649e+00
7.380545787016344e-03	5.006671e+00
7.390311412016344e-03	5.005692e+00
7.400077037016344e-03	5.004714e+00
7.409842662016343e-03	5.003737e+00
7.419608287016343e-03	5.002759e+00
7.429373912016343e-03	5.001782e+00
7.439139537016343e-03	5.000804e+00
7.448905162016343e-03	4.999827e+00
7.458670787016342e-03	4.998851e+00
7.468436412016342e-03	4.997874e+00
7.478202037016342e-03	4.996898e+00
7.487967662016342e-03	4.995922e+00
7.497733287016342e-03	4.994946e+00
7.507498912016341e-03	4.993970e+00
7.517264537016341e-03	4.992995e+00
7.527030162016341e-03	4.992019e+00
7.536795787016341e-03	4.991044e+00
7.546561412016341e-03	4.990069e+00
7.556327037016340e-03	4.989095e+00
7.566092662016340e-03	4.988120e+00
7.575858287016340e-03	4.987146e+00
7.585623912016340e-03	4.986172e+00
7.595389537016340e-03	4.985198e+00
7.605155162016339e-03	4.984225e+00
7.614920787016339e-03	4.983251e+00
7.624686412016339e-03	4.982278e+00
7.634452037016339e-03	4.981305e+00
7.644217662016338e-03	4.980332e+00
7.653983287016338e-03	4.979360e+00
7.663748912016338e-03	4.978387e+00
7.673514537016338e-03	4.977415e+00
7.683280162016338e-03	4.976444e+00
7.693045787016337e-03	4.975487e+00
7.700261772816602e-03	4.974831e+00
7.704790429670042e-03	4.974493e+00
7.709553965442922e-03	4.974298e+00
7.714205156029978e-03	4.974414e+00
7.719580488906137e-03	4.975240e+00
7.726411308777995e-03	4.978003e+00
7.734259502972777e-03	4.984093e+00
7.740821454004219e-03	4.991142e+00
7.748214508721059e-03	4.999615e+00
7.756627264320473e-03	5.007765e+00
7.763279178640649e-03	5.012192e+00
7.769526473516601e-03	5.014634e+00
7.776521062203313e-03	5.015827e+00
7.783629249309986e-03	5.015974e+00
7.789281688313682e-03	5.015675e+00
7.792519800940119e-03	5.015419e+00
7.796711053751341e-03	5.015045e+00
7.800547237786289e-03	5.014679e+00
7.804268816450625e-03	5.014314e+00
7.808805657997070e-03	5.013863e+00
7.814342002865616e-03	5.013309e+00
7.822115934011184e-03	5.012529e+00
7.831881559011183e-03	5.011550e+00
7.841647184011183e-03	5.010571e+00
7.851412809011183e-03	5.009592e+00
7.861178434011183e-03	5.008613e+00
7.870944059011183e-03	5.007634e+00
7.880709684011182e-03	5.006656e+00
7.890475309011182e-03	5.005678e+00
7.900240934011182e-03	5.004700e+00
7.910006559011182e-03	5.003722e+00
7.919772184011182e-03	5.002744e+00
7.929537809011181e-03	5.001767e+00
7.939303434011181e-03	5.000790e+00
7.949069059011181e-03	4.999813e+00
7.958834684011181e-03	4.998836e+00
7.968600309011181e-03	4.997859e+00
7.978365934011180e-03	4.996883e+00
7.988131559011180e-03	4.995907e+00
7.997897184011180e-03	4.994931e+00
8.007662809011180e-03	4.993955e+00
8.017428434011179e-03	4.992980e+00
8.027194059011179e-03	4.992004e+00
8.036959684011179e-03	4.991029e+00
8.046725309011179e-03	4.990054e+00
8.056490934011179e-03	4.989079e+00
8.066256559011178e-03	4.988105e+00
8.076022184011178e-03	4.987131e+00
8.085787809011178e-03	4.986157e+00
8.095553434011178e-03	4.985183e+00
8.105319059011178e-03	4.984210e+00
8.115084684011177e-03	4.983236e+00
8.124850309011177e-03	4.982263e+00
8.134615934011177e-03	4.981290e+00
8.144381559011177e-03	4.980317e+00
8.154147184011177e-03	4.979344e+00
8.163912809011176e-03	4.978372e+00
8.173678434011176e-03	4.977400e+00
8.183444059011176e-03	4.976429e+00
8.193209684011176e-03	4.975472e+00
8.200547939561879e-03	4.974809e+00
8.205111102125804e-03	4.974475e+00
8.209909502289130e-03	4.974295e+00
8.214608846157653e-03	4.974448e+00
8.220063071070902e-03	4.975366e+00
8.227096732084794e-03	4.978413e+00
8.234656156149541e-03	4.984482e+00
8.241263144139137e-03	4.991652e+00
8.248607427812325e-03	5.000052e+00
8.257345576943239e-03	5.008331e+00
8.263858856942207e-03	5.012480e+00
8.270112657973982e-03	5.014783e+00
8.277064352495618e-03	5.015862e+00
8.284319121842037e-03	5.015948e+00
8.289663183436951e-03	5.015643e+00
8.292894009619616e-03	5.015383e+00
8.296967324248943e-03	5.015017e+00
8.300784144003604e-03	5.014651e+00
8.304515971780337e-03	5.014285e+00
8.309074870680845e-03	5.013831e+00
8.314653362546120e-03	5.013273e+00
8.322517544584953e-03	5.012485e+00
8.332283169584953e-03	5.011505e+00
8.342048794584953e-03	5.010526e+00
8.351814419584953e-03	5.009547e+00
8.361580044584952e-03	5.008568e+00
8.371345669584952e-03	5.007589e+00
8.381111294584952e-03	5.006611e+00
8.390876919584952e-03	5.005633e+00
8.400642544584952e-03	5.004655e+00
8.410408169584951e-03	5.003677e+00
8.420173794584951e-03	5.002699e+00
8.429939419584951e-03	5.001722e+00
8.439705044584951e-03	5.000745e+00
8.449470669584951e-03	4.999768e+00
8.459236294584950e-03	4.998791e+00
8.469001919584950e-03	4.997815e+00
8.478767544584950e-03	4.996838e+00
8.488533169584950e-03	4.995862e+00
8.498298794584950e-03	4.994886e+00
8.508064419584949e-03	4.993911e+00
8.517830044584949e-03	4.992935e+00
8.527595669584949e-03	4.991960e+00
8.537361294584949e-03	4.990985e+00
8.547126919584948e-03	4.990010e+00
8.556892544584948e-03	4.989035e+00
8.566658169584948e-03	4.988061e+00
8.576423794584948e-03	4.987087e+00
8.586189419584948e-03	4.986113e+00
8.595955044584947e-03	4.985139e+00
8.605720669584947e-03	4.984165e+00
8.615486294584947e-03	4.983192e+00
8.625251919584947e-03	4.982219e+00
8.635017544584947e-03	4.981246e+00
8.644783169584946e-03	4.980273e+00
8.654548794584946e-03	4.979300e+00
8.664314419584946e-03	4.978328e+00
8.674080044584946e-03	4.977355e+00
8.683845669584946e-03	4.976385e+00
8.693611294584945e-03	4.975430e+00
8.702337702382597e-03	4.974669e+00
8.707231281457135e-03	4.974370e+00
8.712333712553621e-03	4.974326e+00
8.717417906327879e-03	4.974803e+00
8.723526798715769e-03	4.976567e+00
8.732775595091551e-03	4.982733e+00
8.739276436794967e-03	4.989407e+00
8.747013908555722e-03	4.998273e+00
8.754558737531780e-03	5.006021e+00
8.761695535531265e-03	5.011340e+00
8.767946610623295e-03	5.014180e+00
8.775100976619477e-03	5.015714e+00
8.781873603824850e-03	5.016026e+00
8.787760092812342e-03	5.015795e+00
8.791085475420218e-03	5.015553e+00
8.794219440805339e-03	5.015286e+00
8.797202467349175e-03	5.015013e+00
8.799988824903515e-03	5.014747e+00
8.802639591127259e-03	5.014488e+00
8.805457572970738e-03	5.014209e+00
8.808017425797851e-03	5.013954e+00
8.810540792338860e-03	5.013702e+00
8.813043175174624e-03	5.013452e+00
8.815591250306053e-03	5.013196e+00
8.818295047856611e-03	5.012925e+00
8.821463872210793e-03	5.012608e+00
8.825720249840312e-03	5.012180e+00
8.831610011401861e-03	5.011590e+00
8.841036587319927e-03	5.010644e+00
8.850802212319927e-03	5.009665e+00
8.860567837319927e-03	5.008687e+00
8.870333462319926e-03	5.007708e+00
8.880099087319926e-03	5.006730e+00
8.889864712319926e-03	5.005752e+00
8.899630337319926e-03	5.004773e+00
8.909395962319926e-03	5.003796e+00
8.919161587319925e-03	5.002818e+00
8.928927212319925e-03	5.001841e+00
8.938692837319925e-03	5.000863e+00
8.948458462319925e-03	4.999887e+00
8.958224087319925e-03	4.998909e+00
8.967989712319924e-03	4.997933e+00
8.977755337319924e-03	4.996956e+00
8.987520962319924e-03	4.995980e+00
8.997286587319924e-03	4.995005e+00
9.007052212319924e-03	4.994029e+00
9.016817837319923e-03	4.993053e+00
9.026583462319923e-03	4.992078e+00
9.036349087319923e-03	4.991103e+00
9.046114712319923e-03	4.990128e+00
9.055880337319923e-03	4.989153e+00
9.065645962319922e-03	4.988179e+00
9.075411587319922e-03	4.987205e+00
9.085177212319922e-03	4.986230e+00
9.094942837319922e-03	4.985257e+00
9.104708462319921e-03	4.984283e+00
9.114474087319921e-03	4.983310e+00
9.124239712319921e-03	4.982337e+00
9.134005337319921e-03	4.981363e+00
9.143770962319921e-03	4.980391e+00
9.153536587319920e-03	4.979418e+00
9.163302212319920e-03	4.978446e+00
9.173067837319920e-03	4.977473e+00
9.182833462319920e-03	4.976502e+00
9.192599087319920e-03	4.975544e+00
9.200080278101807e-03	4.974860e+00
9.206422560176357e-03	4.974423e+00
9.211362073041669e-03	4.974318e+00
9.216448716227451e-03	4.974670e+00
9.222308255334728e-03	4.976097e+00
9.230528338967115e-03	4.980847e+00
9.237257367686602e-03	4.987194e+00
9.244260479340917e-03	4.995150e+00
9.251611844944071e-03	5.003241e+00
9.260092228601391e-03	5.010348e+00
9.266248100937133e-03	5.013572e+00
9.272739252509951e-03	5.015375e+00
9.279615280819777e-03	5.016009e+00
9.287709582289645e-03	5.015822e+00
9.290762278955854e-03	5.015602e+00
9.294748223761817e-03	5.015264e+00
9.298706779580394e-03	5.014895e+00
9.302389919443675e-03	5.014538e+00
9.306753394331296e-03	5.014106e+00
9.311846901529246e-03	5.013597e+00
9.318770859879946e-03	5.012904e+00
9.328536484879945e-03	5.011924e+00
9.338302109879945e-03	5.010945e+00
9.348067734879945e-03	5.009966e+00
9.357833359879945e-03	5.008987e+00
9.367598984879945e-03	5.008008e+00
9.377364609879944e-03	5.007030e+00
9.387130234879944e-03	5.006052e+00
9.396895859879944e-03	5.005074e+00
9.406661484879944e-03	5.004096e+00
9.416427109879943e-03	5.003118e+00
9.426192734879943e-03	5.002141e+00
9.435958359879943e-03	5.001163e+00
9.445723984879943e-03	5.000186e+00
9.455489609879943e-03	4.999209e+00
9.465255234879942e-03	4.998233e+00
9.475020859879942e-03	4.997256e+00
9.484786484879942e-03	4.996280e+00
9.494552109879942e-03	4.995304e+00
9.504317734879942e-03	4.994328e+00
9.514083359879941e-03	4.993352e+00
9.523848984879941e-03	4.992377e+00
9.533614609879941e-03	4.991402e+00
9.543380234879941e-03	4.990427e+00
9.553145859879941e-03	4.989452e+00
9.562911484879940e-03	4.988478e+00
9.572677109879940e-03	4.987504e+00
9.582442734879940e-03	4.986529e+00
9.592208359879940e-03	4.985556e+00
9.601973984879940e-03	4.984582e+00
9.611739609879939e-03	4.983608e+00
9.621505234879939e-03	4.982635e+00
9.631270859879939e-03	4.981662e+00
9.641036484879939e-03	4.980689e+00
9.650802109879938e-03	4.979716e+00
9.660567734879938e-03	4.978744e+00
9.670333359879938e-03	4.977772e+00
9.680098984879938e-03	4.976800e+00
9.687690565024339e-03	4.976048e+00
9.692027953720194e-03	4.975623e+00
9.695794124301981e-03	4.975263e+00
9.699707547098724e-03	4.974910e+00
9.703422299074579e-03	4.974615e+00
9.707441637752192e-03	4.974385e+00
9.711765115183704e-03	4.974329e+00
9.716658807214540e-03	4.974702e+00
9.722544811439504e-03	4.976187e+00
9.731044069561838e-03	4.981265e+00
9.737709787828697e-03	4.987686e+00
9.745575609260001e-03	4.996635e+00
9.752683932956401e-03	5.004282e+00
9.760525609158011e-03	5.010626e+00
9.766738953200986e-03	5.013758e+00
9.773319827063242e-03	5.015470e+00
9.780201177527353e-03	5.016018e+00
9.788590210620935e-03	5.015768e+00
9.791444760912446e-03	5.015551e+00
9.794760114123433e-03	5.015266e+00
9.797751195452564e-03	5.014989e+00
9.801005114357013e-03	5.014676e+00
9.804330249543523e-03	5.014349e+00
9.807731657934788e-03	5.014011e+00
9.811971511363881e-03	5.013587e+00
9.817200050766218e-03	5.013063e+00
9.824621312809726e-03	5.012319e+00
9.834386937809726e-03	5.011340e+00
9.844152562809726e-03	5.010361e+00
9.853918187809726e-03	5.009382e+00
9.863683812809726e-03	5.008403e+00
9.873449437809725e-03	5.007424e+00
9.883215062809725e-03	5.006446e+00
9.892980687809725e-03	5.005468e+00
9.902746312809725e-03	5.004490e+00
9.912511937809725e-03	5.003512e+00
9.922277562809724e-03	5.002534e+00
9.932043187809724e-03	5.001557e+00
9.941808812809724e-03	5.000580e+00
9.951574437809724e-03	4.999603e+00
9.961340062809724e-03	4.998626e+00
9.971105687809723e-03	4.997650e+00
9.980871312809723e-03	4.996674e+00
9.990636937809723e-03	4.995697e+00
1.000000000000000e-02	4.994762e+00
