time	V(v_out)	V(n001)
0.000000000000000e+00	8.015566e-18	0.000000e+00
4.882812487672084e-10	8.017840e-18	1.718058e-05
9.765624975344167e-10	6.971910e-15	3.436117e-05
1.953124995068833e-09	3.491023e-14	6.872234e-05
3.906249990137667e-09	1.469255e-13	1.374447e-04
7.812499980275334e-09	5.955899e-13	2.748893e-04
1.562499996055067e-08	2.394257e-12	5.497787e-04
3.124999992110133e-08	9.617315e-12	1.099557e-03
6.249999984220267e-08	3.873299e-11	2.199115e-03
1.249999996844053e-07	1.569993e-10	4.398229e-03
2.499999993688107e-07	6.449557e-10	8.796455e-03
4.999999987376214e-07	2.724277e-09	1.759289e-02
8.399320766587510e-07	8.274355e-09	2.955358e-02
1.320602657521373e-06	2.284413e-08	4.646598e-02
1.914327443662622e-06	5.553944e-08	6.735559e-02
2.641733224018936e-06	1.285127e-07	9.294733e-02
3.467286486131144e-06	2.820469e-07	1.219897e-01
4.384880790812197e-06	6.063836e-07	1.542662e-01
5.363365236459717e-06	1.281202e-06	1.886788e-01
6.389498234727656e-06	2.694069e-06	2.247595e-01
7.444243753266933e-06	5.645780e-06	2.618365e-01
8.518826441053252e-06	1.183492e-05	2.995989e-01
9.604648514825525e-06	2.481111e-05	3.377425e-01
1.069796498966925e-05	5.205239e-05	3.761335e-01
1.179588491813947e-05	1.092283e-04	4.146682e-01
1.289771476714414e-05	2.292214e-04	4.533203e-01
1.400383758006727e-05	4.807643e-04	4.921012e-01
1.511681394801095e-05	1.006953e-03	5.310984e-01
1.624258193926352e-05	2.102827e-03	5.705173e-01
1.739418168573910e-05	4.367475e-03	6.108112e-01
1.859946445498485e-05	9.001100e-03	6.529492e-01
1.991494457126561e-05	1.836693e-02	6.988969e-01
2.147977209610130e-05	3.754460e-02	7.534915e-01
2.368509267982915e-05	8.031666e-02	8.303071e-01
2.598287712727655e-05	1.402970e-01	9.101737e-01
2.843069647908326e-05	2.145323e-01	9.950460e-01
3.243686041673740e-05	3.461712e-01	1.133433e+00
3.737763878992221e-05	5.142553e-01	1.303107e+00
4.200713141158291e-05	6.722811e-01	1.460955e+00
4.850050547128809e-05	8.922479e-01	1.680240e+00
5.944905709806391e-05	1.257011e+00	2.043461e+00
8.134616035161553e-05	1.956811e+00	2.739231e+00
1.251403668587188e-04	3.193507e+00	3.963289e+00
1.739684918587188e-04	4.228373e+00	4.973054e+00
2.227966168587188e-04	4.820273e+00	5.518397e+00
2.548059024383328e-04	4.967688e+00	5.597447e+00
2.728250811232082e-04	4.987908e+00	5.542509e+00
2.870892195722232e-04	4.990163e+00	5.448627e+00
2.928821729813455e-04	4.989841e+00	5.397958e+00
2.972437608891304e-04	4.989478e+00	5.355085e+00
3.016540171329713e-04	4.989069e+00	5.307645e+00
3.072271681643914e-04	4.988527e+00	5.241872e+00
3.142041541060629e-04	4.987835e+00	5.150483e+00
3.242658650374923e-04	4.986832e+00	5.001310e+00
3.414998816422863e-04	4.985112e+00	4.699749e+00
3.759679148518745e-04	4.981675e+00	3.935643e+00
4.247960398518745e-04	4.976810e+00	2.548739e+00
4.736241648518745e-04	4.971951e+00	9.238136e-01
5.224522898518745e-04	4.967097e+00	-7.873849e-01
5.712804148518745e-04	4.962248e+00	-2.425051e+00
6.201085398518745e-04	4.957404e+00	-3.836247e+00
6.689366648518746e-04	4.952565e+00	-4.889184e+00
6.908791304089573e-04	4.950419e+00	-5.218056e+00
7.031125316021619e-04	4.949464e+00	-5.358738e+00
7.099691479518907e-04	4.949405e+00	-5.423796e+00
7.158851719385669e-04	4.950231e+00	-5.471844e+00
7.218691027281707e-04	4.952674e+00	-5.512753e+00
7.303004329666432e-04	4.960156e+00	-5.557158e+00
7.362114885542931e-04	4.968117e+00	-5.578997e+00
7.439716076544767e-04	4.980075e+00	-5.595984e+00
7.511885478778839e-04	4.990530e+00	-5.599844e+00
7.574363284407734e-04	4.997701e+00	-5.593888e+00
7.637549404987246e-04	5.002713e+00	-5.579099e+00
7.706689571813151e-04	5.005836e+00	-5.552843e+00
7.779119627803852e-04	5.007158e+00	-5.514102e+00
7.857492820305156e-04	5.007283e+00	-5.459322e+00
7.885519743497420e-04	5.007133e+00	-5.436512e+00
7.926685508941161e-04	5.006832e+00	-5.399953e+00
7.961497934986730e-04	5.006529e+00	-5.366218e+00
7.996772634059908e-04	5.006199e+00	-5.329415e+00
8.036947962865210e-04	5.005809e+00	-5.284311e+00
8.080243955891020e-04	5.005381e+00	-5.231936e+00
8.135527805999230e-04	5.004829e+00	-5.159437e+00
8.209179072061880e-04	5.004093e+00	-5.053196e+00
8.325049023602450e-04	5.002933e+00	-4.864251e+00
8.550271459772933e-04	5.000679e+00	-4.424283e+00
9.000716332113897e-04	4.996173e+00	-3.289558e+00
9.488997582113897e-04	4.991294e+00	-1.767272e+00
9.977278832113898e-04	4.986421e+00	-7.994362e-02
1.046556008211390e-03	4.981553e+00	1.614850e+00
1.095384133211390e-03	4.976690e+00	3.158837e+00
1.144212258211390e-03	4.971832e+00	4.407826e+00
1.193040383211390e-03	4.967047e+00	5.245177e+00
1.214005087556467e-03	4.966835e+00	5.457391e+00
1.228576033909854e-03	4.973233e+00	5.549340e+00
1.239136537460659e-03	4.984108e+00	5.586960e+00
1.245102907891297e-03	4.991698e+00	5.597349e+00
1.253394621092847e-03	5.001269e+00	5.598726e+00
1.259086200686062e-03	5.006347e+00	5.590877e+00
1.265033155168597e-03	5.009996e+00	5.575037e+00
1.272599763791040e-03	5.012478e+00	5.543637e+00
1.279452871186543e-03	5.013207e+00	5.504384e+00
1.287203966695380e-03	5.013084e+00	5.447694e+00
1.292980967179754e-03	5.012666e+00	5.397031e+00
1.299255966423019e-03	5.012097e+00	5.333948e+00
1.305705949112990e-03	5.011468e+00	5.260467e+00
1.313480038431231e-03	5.010693e+00	5.160431e+00
1.324957365804695e-03	5.009543e+00	4.990317e+00
1.345912902503141e-03	5.007443e+00	4.613520e+00
1.387823975900035e-03	5.003246e+00	3.628233e+00
1.436652100900035e-03	4.998360e+00	2.170560e+00
1.485480225900035e-03	4.993480e+00	5.101820e-01
1.534308350900035e-03	4.988605e+00	-1.197841e+00
1.583136475900035e-03	4.983735e+00	-2.793999e+00
1.631964600900035e-03	4.978870e+00	-4.129232e+00
1.680792725900035e-03	4.974012e+00	-5.078845e+00
1.704178892511173e-03	4.972028e+00	-5.369513e+00
1.718713941509266e-03	4.973066e+00	-5.492150e+00
1.729483251746917e-03	4.978380e+00	-5.553534e+00
1.738431717871926e-03	4.987004e+00	-5.585214e+00
1.745024248150176e-03	4.994789e+00	-5.597263e+00
1.752750025184135e-03	5.003302e+00	-5.599164e+00
1.758804060266822e-03	5.008545e+00	-5.591434e+00
1.764819664058707e-03	5.012120e+00	-5.575740e+00
1.771383968092170e-03	5.014311e+00	-5.549529e+00
1.778399954665474e-03	5.015192e+00	-5.511080e+00
1.785991291718123e-03	5.015146e+00	-5.457419e+00
1.790419305829844e-03	5.014857e+00	-5.420378e+00
1.793567334827348e-03	5.014597e+00	-5.391490e+00
1.796844004036166e-03	5.014300e+00	-5.359182e+00
1.800103397076120e-03	5.013989e+00	-5.324791e+00
1.803091014977821e-03	5.013698e+00	-5.291306e+00
1.806637469573004e-03	5.013346e+00	-5.249137e+00
1.810535558196790e-03	5.012958e+00	-5.199782e+00
1.815567059797192e-03	5.012454e+00	-5.131469e+00
1.822222249919611e-03	5.011786e+00	-5.033246e+00
1.832558952418449e-03	5.010750e+00	-4.863308e+00
1.852021049675487e-03	5.008799e+00	-4.488332e+00
1.890945244189562e-03	5.004900e+00	-3.543885e+00
1.939773369189562e-03	5.000012e+00	-2.068910e+00
1.988601494189562e-03	4.995130e+00	-4.007232e-01
2.037429619189561e-03	4.990253e+00	1.304886e+00
2.086257744189561e-03	4.985382e+00	2.888634e+00
2.135085869189561e-03	4.980515e+00	4.202620e+00
2.183913994189561e-03	4.975660e+00	5.124131e+00
2.205436875181392e-03	4.973908e+00	5.381913e+00
2.222425064306991e-03	4.976392e+00	5.516158e+00
2.238544734872402e-03	4.988624e+00	5.585501e+00
2.244215402514658e-03	4.995159e+00	5.596302e+00
2.253910527191647e-03	5.005392e+00	5.598310e+00
2.261522780833233e-03	5.011200e+00	5.585330e+00
2.267566889425062e-03	5.014016e+00	5.565923e+00
2.274806727447069e-03	5.015646e+00	5.532115e+00
2.281505569019734e-03	5.015995e+00	5.490636e+00
2.287316995807817e-03	5.015788e+00	5.446771e+00
2.291159095455193e-03	5.015512e+00	5.413779e+00
2.294318716494535e-03	5.015244e+00	5.384283e+00
2.297398149815396e-03	5.014960e+00	5.353494e+00
2.300190520899325e-03	5.014693e+00	5.323841e+00
2.303185965940114e-03	5.014400e+00	5.290211e+00
2.306479498684281e-03	5.014074e+00	5.251071e+00
2.309974447289120e-03	5.013725e+00	5.207079e+00
2.314395481095693e-03	5.013282e+00	5.147836e+00
2.320020590060376e-03	5.012719e+00	5.066723e+00
2.328297189629850e-03	5.011889e+00	4.935900e+00
2.342338218264379e-03	5.010480e+00	4.683644e+00
2.370420275533439e-03	5.007666e+00	4.072087e+00
2.419248400533439e-03	5.002776e+00	2.720965e+00
2.468076525533439e-03	4.997891e+00	1.115737e+00
2.516904650533439e-03	4.993011e+00	-5.936865e-01
2.565732775533439e-03	4.988137e+00	-2.247667e+00
2.614560900533438e-03	4.983268e+00	-3.691743e+00
2.663389025533438e-03	4.978404e+00	-4.791055e+00
2.696686751811458e-03	4.975183e+00	-5.288740e+00
2.710413393848321e-03	4.974474e+00	-5.427665e+00
2.720050093787052e-03	4.975667e+00	-5.501139e+00
2.728934441936542e-03	4.979942e+00	-5.551019e+00
2.736372335878340e-03	4.986497e+00	-5.579484e+00
2.742905039289883e-03	4.993797e+00	-5.594437e+00
2.750401024275457e-03	5.002176e+00	-5.599982e+00
2.759434259791850e-03	5.010037e+00	-5.590164e+00
2.765502008501218e-03	5.013390e+00	-5.573457e+00
2.771839070413467e-03	5.015323e+00	-5.547361e+00
2.778721566099564e-03	5.016094e+00	-5.509060e+00
2.786548913344298e-03	5.015997e+00	-5.452986e+00
2.791197622996245e-03	5.015676e+00	-5.413433e+00
2.794414865630179e-03	5.015401e+00	-5.383352e+00
2.798076723788514e-03	5.015062e+00	-5.346439e+00
2.801889405133747e-03	5.014694e+00	-5.304998e+00
2.805762581686284e-03	5.014312e+00	-5.259783e+00
2.810550468988110e-03	5.013834e+00	-5.199587e+00
2.816540448112938e-03	5.013235e+00	-5.117659e+00
2.825235594621019e-03	5.012362e+00	-4.985868e+00
2.839770973239614e-03	5.010905e+00	-4.732550e+00
2.868841730476805e-03	5.007991e+00	-4.110014e+00
2.917669855476805e-03	5.003100e+00	-2.769376e+00
2.966497980476805e-03	4.998215e+00	-1.170110e+00
3.015326105476805e-03	4.993335e+00	5.384288e-01
3.064154230476805e-03	4.988461e+00	2.196685e+00
3.112982355476804e-03	4.983591e+00	3.649798e+00
3.161810480476804e-03	4.978726e+00	4.762064e+00
3.194876766605788e-03	4.975496e+00	5.267462e+00
3.208593929030981e-03	4.974610e+00	5.411551e+00
3.218065167883337e-03	4.975306e+00	5.487646e+00
3.226780187355067e-03	4.978642e+00	5.540507e+00
3.235888559460460e-03	4.986059e+00	5.578002e+00
3.242266540563708e-03	4.993115e+00	5.593390e+00
3.249938119355525e-03	5.001728e+00	5.599999e+00
3.259284081205893e-03	5.009953e+00	5.590475e+00
3.265277285838134e-03	5.013311e+00	5.574220e+00
3.271553509206569e-03	5.015282e+00	5.548727e+00
3.278445425403863e-03	5.016099e+00	5.510796e+00
3.286220500355861e-03	5.016030e+00	5.455605e+00
3.291534675976412e-03	5.015665e+00	5.410385e+00
3.295454114713645e-03	5.015325e+00	5.373165e+00
3.299465300968841e-03	5.014948e+00	5.331700e+00
3.304100603436527e-03	5.014495e+00	5.279568e+00
3.309335451446236e-03	5.013974e+00	5.215311e+00
3.316253073128582e-03	5.013282e+00	5.121757e+00
3.326248080675717e-03	5.012280e+00	4.969546e+00
3.344008514443406e-03	5.010499e+00	4.651170e+00
3.379529381978784e-03	5.006939e+00	3.845518e+00
3.428357506978784e-03	5.002049e+00	2.436528e+00
3.477185631978784e-03	4.997165e+00	7.999963e-01
3.526013756978784e-03	4.992286e+00	-9.112457e-01
3.574841881978783e-03	4.987413e+00	-2.537388e+00
3.623670006978783e-03	4.982544e+00	-3.926570e+00
3.672498131978783e-03	4.977681e+00	-4.949057e+00
3.693917003259570e-03	4.975583e+00	-5.255902e+00
3.709561395781742e-03	4.974649e+00	-5.420207e+00
3.717114938162780e-03	4.975134e+00	-5.480884e+00
3.724559940169898e-03	4.977422e+00	-5.528611e+00
3.733032871995789e-03	4.983297e+00	-5.568208e+00
3.738950246919715e-03	4.989346e+00	-5.586509e+00
3.746953763240434e-03	4.998445e+00	-5.598974e+00
3.754408308239346e-03	5.006093e+00	-5.597852e+00
3.760208206587176e-03	5.010615e+00	-5.588485e+00
3.766267732207312e-03	5.013758e+00	-5.570772e+00
3.773706367784884e-03	5.015713e+00	-5.537992e+00
3.780405016876228e-03	5.016199e+00	-5.498120e+00
3.788626232261364e-03	5.015938e+00	-5.435884e+00
3.791460276098449e-03	5.015723e+00	-5.411060e+00
3.794939656224952e-03	5.015422e+00	-5.378237e+00
3.798020553290571e-03	5.015136e+00	-5.347027e+00
3.801193658199780e-03	5.014830e+00	-5.312788e+00
3.804797836209554e-03	5.014475e+00	-5.271338e+00
3.808628978630453e-03	5.014094e+00	-5.224313e+00
3.813475204750672e-03	5.013609e+00	-5.160497e+00
3.819719009737724e-03	5.012983e+00	-5.071233e+00
3.829098742029490e-03	5.012043e+00	-4.922516e+00
3.845718164253011e-03	5.010376e+00	-4.617401e+00
3.878957008700053e-03	5.007045e+00	-3.860133e+00
3.927785133700053e-03	5.002155e+00	-2.454646e+00
3.976613258700053e-03	4.997271e+00	-8.199239e-01
4.025441383700053e-03	4.992392e+00	8.913689e-01
4.074269508700053e-03	4.987519e+00	2.519419e+00
4.123097633700053e-03	4.982650e+00	3.912185e+00
4.171925758700052e-03	4.977787e+00	4.939601e+00
4.192680329505859e-03	4.975745e+00	5.240726e+00
4.210256216584335e-03	4.974761e+00	5.426301e+00
4.217980020537205e-03	4.975403e+00	5.487048e+00
4.225775670168825e-03	4.978155e+00	5.535258e+00
4.234886096402216e-03	4.985135e+00	5.574769e+00
4.241244024207501e-03	4.992008e+00	5.591527e+00
4.248910846398704e-03	5.000687e+00	5.599869e+00
4.257402846645214e-03	5.008642e+00	5.593943e+00
4.262960135294292e-03	5.012267e+00	5.581443e+00
4.269125295394620e-03	5.014749e+00	5.559616e+00
4.276250717280590e-03	5.016026e+00	5.524000e+00
4.283364872599619e-03	5.016199e+00	5.477396e+00
4.288548249714013e-03	5.015939e+00	5.436543e+00
4.291779071088576e-03	5.015693e+00	5.408160e+00
4.294879347587558e-03	5.015424e+00	5.378828e+00
4.297820624540124e-03	5.015151e+00	5.349113e+00
4.300726983823216e-03	5.014871e+00	5.317956e+00
4.303627126831746e-03	5.014586e+00	5.285099e+00
4.306404783967542e-03	5.014311e+00	5.251984e+00
4.309777381555113e-03	5.013975e+00	5.209627e+00
4.313579470017440e-03	5.013594e+00	5.159071e+00
4.318560232726175e-03	5.013095e+00	5.088394e+00
4.325308512548856e-03	5.012418e+00	4.984699e+00
4.336079841750366e-03	5.011338e+00	4.800704e+00
4.357309774532466e-03	5.009210e+00	4.374592e+00
4.399769640096667e-03	5.004955e+00	3.298151e+00
4.448597765096667e-03	5.000068e+00	1.777351e+00
4.497425890096667e-03	4.995186e+00	9.056827e-02
4.546254015096667e-03	4.990309e+00	-1.604673e+00
4.595082140096666e-03	4.985438e+00	-3.150057e+00
4.643910265096666e-03	4.980572e+00	-4.401264e+00
4.692738390096666e-03	4.975763e+00	-5.241446e+00
4.715568640487401e-03	4.975632e+00	-5.469464e+00
4.728566587395926e-03	4.980652e+00	-5.549296e+00
4.741056810406353e-03	4.992152e+00	-5.591161e+00
4.747493156954086e-03	4.999486e+00	-5.599305e+00
4.755652806430572e-03	5.007530e+00	-5.596468e+00
4.760983100471561e-03	5.011425e+00	-5.586671e+00
4.767032459545516e-03	5.014343e+00	-5.567963e+00
4.774393549566410e-03	5.016090e+00	-5.534353e+00
4.781183738954604e-03	5.016480e+00	-5.492852e+00
4.787635208034085e-03	5.016255e+00	-5.444159e+00
4.791241771615806e-03	5.015992e+00	-5.413035e+00
4.794365553486116e-03	5.015725e+00	-5.383830e+00
4.797336119578628e-03	5.015451e+00	-5.354134e+00
4.800121228530459e-03	5.015185e+00	-5.324597e+00
4.802834583848785e-03	5.014919e+00	-5.294253e+00
4.805610839378345e-03	5.014645e+00	-5.261613e+00
4.808247512121523e-03	5.014382e+00	-5.229132e+00
4.811474692426644e-03	5.014060e+00	-5.187424e+00
4.815137787257933e-03	5.013692e+00	-5.137498e+00
4.819956121248374e-03	5.013209e+00	-5.067688e+00
4.826499407195766e-03	5.012553e+00	-4.965464e+00
4.836952210576132e-03	5.011505e+00	-4.784828e+00
4.857542313260781e-03	5.009440e+00	-4.369479e+00
4.898722518630078e-03	5.005314e+00	-3.327856e+00
4.947550643630078e-03	5.000427e+00	-1.812252e+00
4.996378768630078e-03	4.995544e+00	-1.274051e-01
5.045206893630078e-03	4.990667e+00	1.569340e+00
5.094035018630078e-03	4.985795e+00	3.119527e+00
5.142863143630078e-03	4.980929e+00	4.378388e+00
5.191691268630077e-03	4.976108e+00	5.228361e+00
5.213758204153807e-03	4.975503e+00	5.455436e+00
5.226464234579643e-03	4.979378e+00	5.538880e+00
5.238728954934302e-03	4.989700e+00	5.585963e+00
5.244102315964381e-03	4.995805e+00	5.596156e+00
5.252905415945591e-03	5.005140e+00	5.599067e+00
5.260205103514009e-03	5.010996e+00	5.588492e+00
5.266248398002851e-03	5.014107e+00	5.570842e+00
5.272782678728540e-03	5.015893e+00	5.542722e+00
5.279688362958291e-03	5.016509e+00	5.502853e+00
5.287823123381114e-03	5.016307e+00	5.442606e+00
5.292199467677068e-03	5.015979e+00	5.404302e+00
5.295483708880482e-03	5.015690e+00	5.372871e+00
5.298881970374664e-03	5.015371e+00	5.337941e+00
5.302799710519980e-03	5.014990e+00	5.294653e+00
5.306916204023581e-03	5.014582e+00	5.245712e+00
5.312073091071499e-03	5.014067e+00	5.179455e+00
5.318711995615679e-03	5.013402e+00	5.086162e+00
5.328740752769200e-03	5.012396e+00	4.928509e+00
5.346793846435756e-03	5.010586e+00	4.595880e+00
5.382900033768866e-03	5.006967e+00	3.758447e+00
5.431728158768865e-03	5.002078e+00	2.329205e+00
5.480556283768865e-03	4.997193e+00	6.824429e-01
5.529384408768865e-03	4.992314e+00	-1.028051e+00
5.578212533768865e-03	4.987441e+00	-2.642538e+00
5.627040658768865e-03	4.982573e+00	-4.010243e+00
5.675868783768865e-03	4.977710e+00	-5.003440e+00
5.702735778788286e-03	4.975309e+00	-5.354875e+00
5.716555938144754e-03	4.975623e+00	-5.476815e+00
5.726421968854305e-03	4.979011e+00	-5.538661e+00
5.735536673304531e-03	4.986203e+00	-5.576892e+00
5.741220199819647e-03	4.992367e+00	-5.591481e+00
5.749387793921403e-03	5.001496e+00	-5.599958e+00
5.757917386501173e-03	5.009288e+00	-5.593072e+00
5.763560898282794e-03	5.012809e+00	-5.579684e+00
5.769755967824058e-03	5.015142e+00	-5.556912e+00
5.776818612679612e-03	5.016282e+00	-5.520684e+00
5.784052990957644e-03	5.016387e+00	-5.472306e+00
5.789191433043253e-03	5.016104e+00	-5.431071e+00
5.792399156273676e-03	5.015851e+00	-5.402457e+00
5.795839908617384e-03	5.015546e+00	-5.369325e+00
5.799258083162223e-03	5.015224e+00	-5.333925e+00
5.802358264571780e-03	5.014922e+00	-5.299691e+00
5.806018182801469e-03	5.014560e+00	-5.256689e+00
5.810042830182801e-03	5.014158e+00	-5.206193e+00
5.815245664942031e-03	5.013638e+00	-5.135987e+00
5.822166359156523e-03	5.012944e+00	-5.034108e+00
5.833007072352679e-03	5.011856e+00	-4.855472e+00
5.853790482462240e-03	5.009772e+00	-4.450824e+00
5.895357302681361e-03	5.005607e+00	-3.422337e+00
5.944185427681361e-03	5.000720e+00	-1.923874e+00
5.993013552681361e-03	4.995837e+00	-2.457451e-01
6.041841677681361e-03	4.990959e+00	1.455334e+00
6.090669802681361e-03	4.986087e+00	3.020502e+00
6.139497927681360e-03	4.981220e+00	4.303592e+00
6.188326052681360e-03	4.976376e+00	5.184779e+00
6.203195481068484e-03	4.975080e+00	5.359585e+00
6.214771019821962e-03	4.975090e+00	5.463371e+00
6.222480086262606e-03	4.976786e+00	5.516492e+00
6.230089375271578e-03	4.981065e+00	5.556236e+00
6.235761321336287e-03	4.986140e+00	5.577604e+00
6.242305551736322e-03	4.993338e+00	5.593457e+00
6.249657196759993e-03	5.001595e+00	5.599987e+00
6.259883927284703e-03	5.010464e+00	5.589205e+00
6.265913063778205e-03	5.013674e+00	5.572032e+00
6.272195825389053e-03	5.015500e+00	5.545630e+00
6.279044107585064e-03	5.016210e+00	5.507012e+00
6.287011964576381e-03	5.016076e+00	5.449255e+00
6.290127736458240e-03	5.015861e+00	5.422946e+00
6.293562754702288e-03	5.015578e+00	5.391534e+00
6.296620715040734e-03	5.015301e+00	5.361456e+00
6.300020592591649e-03	5.014977e+00	5.325693e+00
6.303254785428869e-03	5.014661e+00	5.289416e+00
6.306447496771138e-03	5.014345e+00	5.251462e+00
6.310379285840759e-03	5.013952e+00	5.201821e+00
6.315068730327931e-03	5.013483e+00	5.138465e+00
6.321490107140883e-03	5.012839e+00	5.044486e+00
6.331037345916118e-03	5.011881e+00	4.889629e+00
6.348539855585102e-03	5.010127e+00	4.560503e+00
6.383544874923069e-03	5.006618e+00	3.741597e+00
6.432372999923069e-03	5.001729e+00	2.308552e+00
6.481201124923069e-03	4.996846e+00	6.599172e-01
6.530029249923069e-03	4.991967e+00	-1.050346e+00
6.578857374923069e-03	4.987094e+00	-2.662520e+00
6.627685499923069e-03	4.982226e+00	-4.026047e+00
6.676513624923068e-03	4.977364e+00	-5.013589e+00
6.704621961601836e-03	4.974979e+00	-5.373919e+00
6.718805284989995e-03	4.975910e+00	-5.492777e+00
6.729557073256994e-03	4.980950e+00	-5.553867e+00
6.738451160901894e-03	4.989151e+00	-5.585263e+00
6.745008427815924e-03	4.996597e+00	-5.597246e+00
6.752738705239582e-03	5.004833e+00	-5.599171e+00
6.759047548148227e-03	5.010098e+00	-5.590954e+00
6.765020362127614e-03	5.013486e+00	-5.575079e+00
6.771571156287122e-03	5.015561e+00	-5.548643e+00
6.778568550467576e-03	5.016373e+00	-5.510024e+00
6.786104550424344e-03	5.016297e+00	-5.456524e+00
6.788805534231394e-03	5.016128e+00	-5.434365e+00
6.792930573946539e-03	5.015803e+00	-5.397504e+00
6.796434028432407e-03	5.015489e+00	-5.363349e+00
6.799981083885519e-03	5.015152e+00	-5.326122e+00
6.804032005354028e-03	5.014755e+00	-5.280372e+00
6.808431719794685e-03	5.014318e+00	-5.226809e+00
6.814083685904243e-03	5.013752e+00	-5.152145e+00
6.821694177594164e-03	5.012989e+00	-5.041364e+00
6.833840076990573e-03	5.011771e+00	-4.840803e+00
6.858087756558511e-03	5.009340e+00	-4.357450e+00
6.906583115694388e-03	5.004481e+00	-3.101441e+00
6.955411240694388e-03	4.999595e+00	-1.548450e+00
7.004239365694388e-03	4.994713e+00	1.491480e-01
7.053067490694388e-03	4.989837e+00	1.832817e+00
7.101895615694387e-03	4.984966e+00	3.345323e+00
7.150723740694387e-03	4.980100e+00	4.545416e+00
7.199551865694387e-03	4.975486e+00	5.321023e+00
7.219892570370900e-03	4.976907e+00	5.500099e+00
7.234997172486090e-03	4.986282e+00	5.575138e+00
7.242189221473111e-03	4.993959e+00	5.593257e+00
7.249814240706782e-03	5.002385e+00	5.599996e+00
7.258115512887903e-03	5.009819e+00	5.592721e+00
7.263910602897863e-03	5.013336e+00	5.578624e+00
7.270077288510486e-03	5.015560e+00	5.555501e+00
7.277057089240784e-03	5.016621e+00	5.519270e+00
7.284646463223142e-03	5.016689e+00	5.467834e+00
7.292560187572847e-03	5.016183e+00	5.400962e+00
7.299090661494959e-03	5.015591e+00	5.335717e+00
7.305618939474506e-03	5.014953e+00	5.261516e+00
7.313782833731877e-03	5.014139e+00	5.156284e+00
7.326010961498246e-03	5.012913e+00	4.973387e+00
7.348921169669133e-03	5.010615e+00	4.552703e+00
7.394741586010906e-03	5.006023e+00	3.439460e+00
7.443569711010906e-03	5.001135e+00	1.944206e+00
7.492397836010906e-03	4.996252e+00	2.673868e-01
7.541225961010906e-03	4.991374e+00	-1.434403e+00
7.590054086010906e-03	4.986502e+00	-3.002237e+00
7.638882211010905e-03	4.981634e+00	-4.289698e+00
7.687710336010905e-03	4.976787e+00	-5.176553e+00
7.715533849845532e-03	4.976500e+00	-5.469201e+00
7.729844493730828e-03	4.982411e+00	-5.555154e+00
7.741074886034704e-03	4.992939e+00	-5.591197e+00
7.747352310288528e-03	4.999999e+00	-5.599225e+00
7.755632318799212e-03	5.008074e+00	-5.596494e+00
7.760951372086869e-03	5.011922e+00	-5.586748e+00
7.766950744420209e-03	5.014798e+00	-5.568269e+00
7.774310740387595e-03	5.016540e+00	-5.534797e+00
7.781108747948361e-03	5.016932e+00	-5.493365e+00
7.788748125788243e-03	5.016643e+00	-5.434852e+00
7.791793233141395e-03	5.016408e+00	-5.408031e+00
7.795604635743928e-03	5.016074e+00	-5.371670e+00
7.799394658338496e-03	5.015717e+00	-5.332460e+00
7.802999802104902e-03	5.015366e+00	-5.292356e+00
7.807298918788411e-03	5.014939e+00	-5.240983e+00
7.812331288084820e-03	5.014436e+00	-5.175994e+00
7.819178947339602e-03	5.013750e+00	-5.079265e+00
7.829326984004840e-03	5.012732e+00	-4.918682e+00
7.847945795549077e-03	5.010865e+00	-4.572601e+00
7.885183418637550e-03	5.007133e+00	-3.698503e+00
7.934011543637551e-03	5.002243e+00	-2.255904e+00
7.982839668637552e-03	4.997359e+00	-6.026314e-01
8.031667793637553e-03	4.992480e+00	1.106920e+00
8.080495918637553e-03	4.987606e+00	2.713098e+00
8.129324043637554e-03	4.982738e+00	4.065906e+00
8.178152168637555e-03	4.977875e+00	5.039008e+00
8.205602671119888e-03	4.975624e+00	5.383522e+00
8.224795238561513e-03	4.979363e+00	5.529923e+00
8.243143630487797e-03	4.994626e+00	5.594804e+00
8.249521116002276e-03	5.001762e+00	5.599975e+00
8.258704690263435e-03	5.009947e+00	5.591626e+00
8.263435925967852e-03	5.012825e+00	5.580057e+00
8.269532077966185e-03	5.015156e+00	5.557882e+00
8.276711899568296e-03	5.016346e+00	5.521312e+00
8.283959592819825e-03	5.016462e+00	5.473003e+00
8.287963538573867e-03	5.016255e+00	5.441441e+00
8.291900376441490e-03	5.015960e+00	5.407051e+00
8.295063979944345e-03	5.015684e+00	5.377016e+00
8.298677609394340e-03	5.015346e+00	5.340111e+00
8.302168727884737e-03	5.015007e+00	5.301842e+00
8.305617417894881e-03	5.014667e+00	5.261534e+00
8.309855621223850e-03	5.014244e+00	5.208616e+00
8.314979606086802e-03	5.013731e+00	5.139711e+00
8.322107770397465e-03	5.013017e+00	5.035011e+00
8.333068427058245e-03	5.011917e+00	4.854396e+00
8.354336993502038e-03	5.009785e+00	4.439128e+00
8.396874126389621e-03	5.005522e+00	3.379938e+00
8.445702251389622e-03	5.000635e+00	1.873665e+00
8.494530376389623e-03	4.995752e+00	1.924154e-01
8.543358501389623e-03	4.990875e+00	-1.506804e+00
8.592186626389624e-03	4.986002e+00	-3.065306e+00
8.641014751389625e-03	4.981136e+00	-4.337545e+00
8.689842876389626e-03	4.976300e+00	-5.204710e+00
8.714248708307745e-03	4.975729e+00	-5.459306e+00
8.727460868150514e-03	4.980175e+00	-5.543938e+00
8.740093488892750e-03	4.991295e+00	-5.589155e+00
8.745933327652984e-03	4.997956e+00	-5.598172e+00
8.754448139550416e-03	5.006643e+00	-5.597813e+00
8.759966580727025e-03	5.010929e+00	-5.589024e+00
8.765934586189000e-03	5.014064e+00	-5.571956e+00
8.772569840869297e-03	5.015935e+00	-5.543786e+00
8.779557950941735e-03	5.016584e+00	-5.503702e+00
8.787511342781659e-03	5.016401e+00	-5.445179e+00
8.791912426221193e-03	5.016077e+00	-5.406940e+00
8.795137815405847e-03	5.015795e+00	-5.376290e+00
8.798631471164638e-03	5.015469e+00	-5.340600e+00
8.802471123556144e-03	5.015096e+00	-5.298407e+00
8.806443645012693e-03	5.014703e+00	-5.251509e+00
8.811388718513188e-03	5.014209e+00	-5.188562e+00
8.817662063621225e-03	5.013581e+00	-5.101509e+00
8.826942118306111e-03	5.012650e+00	-4.958242e+00
8.843002795264026e-03	5.011039e+00	-4.670785e+00
8.875124149179856e-03	5.007820e+00	-3.956708e+00
8.923952274179857e-03	5.002929e+00	-2.575139e+00
8.972780399179857e-03	4.998044e+00	-9.530823e-01
9.021608524179858e-03	4.993165e+00	7.579803e-01
9.070436649179859e-03	4.988290e+00	2.398257e+00
9.119264774179859e-03	4.983421e+00	3.814565e+00
9.168092899179860e-03	4.978557e+00	4.874639e+00
9.188460155931640e-03	4.976537e+00	5.186560e+00
9.205298178243899e-03	4.975165e+00	5.380562e+00
9.212853823054040e-03	4.975064e+00	5.448164e+00
9.219917466791067e-03	4.976063e+00	5.500264e+00
9.226695669828028e-03	4.978857e+00	5.540074e+00
9.233821463086949e-03	4.984292e+00	5.571092e+00
9.240156052981953e-03	4.990926e+00	5.589292e+00
9.247603806457580e-03	4.999393e+00	5.599365e+00
9.255751611775187e-03	5.007432e+00	5.596344e+00
9.261098115330808e-03	5.011327e+00	5.586390e+00
9.267123535547926e-03	5.014219e+00	5.567619e+00
9.274467275277478e-03	5.015949e+00	5.533956e+00
9.281308016732506e-03	5.016335e+00	5.491999e+00
9.288672440935968e-03	5.016052e+00	5.435493e+00
9.291742148967025e-03	5.015817e+00	5.408497e+00
9.295557368212783e-03	5.015484e+00	5.372140e+00
9.299351349502792e-03	5.015127e+00	5.332925e+00
9.302948625648486e-03	5.014776e+00	5.292944e+00
9.307237014563553e-03	5.014351e+00	5.241750e+00
9.312250316015428e-03	5.013851e+00	5.177081e+00
9.319063886677404e-03	5.013168e+00	5.080968e+00
9.329136836092855e-03	5.012157e+00	4.921876e+00
9.347548394150610e-03	5.010311e+00	4.580659e+00
9.384371510266120e-03	5.006621e+00	3.719905e+00
9.433199635266121e-03	5.001732e+00	2.282022e+00
9.482027760266121e-03	4.996848e+00	6.310252e-01
9.530855885266122e-03	4.991970e+00	-1.078902e+00
9.579684010266123e-03	4.987096e+00	-2.688072e+00
9.628512135266123e-03	4.982228e+00	-4.046209e+00
9.677340260266124e-03	4.977366e+00	-5.026479e+00
9.706182697044064e-03	4.975061e+00	-5.389106e+00
9.720497851722890e-03	4.976547e+00	-5.504064e+00
9.733717023969734e-03	4.984600e+00	-5.570718e+00
9.740733780792824e-03	4.991912e+00	-5.590511e+00
9.747981390142954e-03	5.000101e+00	-5.599550e+00
9.755928732477114e-03	5.007836e+00	-5.596115e+00
9.761301573845541e-03	5.011685e+00	-5.585887e+00
9.767315895858992e-03	5.014507e+00	-5.566888e+00
9.774601796634400e-03	5.016175e+00	-5.533229e+00
9.781529750634647e-03	5.016540e+00	-5.490469e+00
9.790293907609084e-03	5.016160e+00	-5.421484e+00
9.795488048039815e-03	5.015720e+00	-5.372828e+00
9.800852941035646e-03	5.015213e+00	-5.316566e+00
9.806841914472347e-03	5.014623e+00	-5.246626e+00
9.814455767634971e-03	5.013862e+00	-5.147001e+00
9.825746344251915e-03	5.012731e+00	-4.977660e+00
9.846150837929024e-03	5.010684e+00	-4.608770e+00
9.886959825283242e-03	5.006594e+00	-3.651341e+00
9.935787950283242e-03	5.001705e+00	-2.198557e+00
9.984616075283243e-03	4.996821e+00	-5.404538e-01
1.003344420028324e-02	4.991943e+00	1.168121e+00
1.008227232528324e-02	4.987070e+00	2.767607e+00
1.013110045028325e-02	4.982202e+00	4.108633e+00
1.017992857528325e-02	4.977341e+00	5.065961e+00
1.020369531739833e-02	4.975272e+00	5.364656e+00
1.021813784695208e-02	4.975995e+00	5.488155e+00
1.022839290245327e-02	4.980328e+00	5.548472e+00
1.023813118104095e-02	4.988943e+00	5.584435e+00
1.024456285782752e-02	4.996212e+00	5.596733e+00
1.025235200066569e-02	5.004560e+00	5.599389e+00
1.025933613742098e-02	5.010379e+00	5.590368e+00
1.026539180165509e-02	5.013723e+00	5.573833e+00
1.027187219542832e-02	5.015693e+00	5.547202e+00
1.027880673150625e-02	5.016451e+00	5.508522e+00
1.028654192810140e-02	5.016345e+00	5.453043e+00
1.029127446843237e-02	5.016016e+00	5.412740e+00
1.029459505880395e-02	5.015731e+00	5.381602e+00
1.029818349113773e-02	5.015399e+00	5.345320e+00
1.030210791197433e-02	5.015019e+00	5.302531e+00
1.030616449825995e-02	5.014618e+00	5.254912e+00
1.031121227536591e-02	5.014114e+00	5.190895e+00
1.031763621008058e-02	5.013471e+00	5.101884e+00
1.032718238863053e-02	5.012513e+00	4.954307e+00
1.034387018829890e-02	5.010840e+00	4.653879e+00
1.037724578763565e-02	5.007494e+00	3.903530e+00
1.042607391263565e-02	5.002604e+00	2.508621e+00
1.047490203763565e-02	4.997720e+00	8.794373e-01
1.052373016263565e-02	4.992840e+00	-8.318754e-01
1.057255828763565e-02	4.987966e+00	-2.465501e+00
1.062138641263565e-02	4.983098e+00	-3.868879e+00
1.067021453763566e-02	4.978233e+00	-4.910950e+00
1.070288224170719e-02	4.975318e+00	-5.356380e+00
1.072277696595382e-02	4.978064e+00	-5.518280e+00
1.074202966386088e-02	4.993210e+00	-5.592979e+00
1.074911442043301e-02	5.001188e+00	-5.599913e+00
1.075808988963249e-02	5.009385e+00	-5.592767e+00
1.076291233348932e-02	5.012447e+00	-5.581580e+00
1.076904685047082e-02	5.014921e+00	-5.559946e+00
1.077629415336434e-02	5.016218e+00	-5.523748e+00
1.078331514896804e-02	5.016384e+00	-5.477759e+00
1.078906665727794e-02	5.016090e+00	-5.432139e+00
1.079507146600844e-02	5.015601e+00	-5.376943e+00
1.080104727518372e-02	5.015038e+00	-5.314414e+00
1.080706797907227e-02	5.014444e+00	-5.243840e+00
1.081495004375906e-02	5.013657e+00	-5.140124e+00
1.082673873004525e-02	5.012475e+00	-4.961565e+00
1.084880423936521e-02	5.010262e+00	-4.555098e+00
1.089293525800513e-02	5.005840e+00	-3.489393e+00
1.094176338300513e-02	5.000951e+00	-2.003683e+00
1.099059150800513e-02	4.996068e+00	-3.308529e-01
1.103941963300513e-02	4.991191e+00	1.372875e+00
1.108824775800513e-02	4.986319e+00	2.948393e+00
1.113707588300513e-02	4.981451e+00	4.248567e+00
1.118590400800513e-02	4.976598e+00	5.151976e+00
1.120457709329637e-02	4.975028e+00	5.373474e+00
1.121725695311996e-02	4.975530e+00	5.481907e+00
1.122642958316858e-02	4.978799e+00	5.538700e+00
1.123529653568989e-02	4.985782e+00	5.576119e+00
1.124116783867805e-02	4.992144e+00	5.591379e+00
1.124915858334447e-02	5.001123e+00	5.599922e+00
1.125764809298093e-02	5.008976e+00	5.593535e+00
1.126327293935200e-02	5.012563e+00	5.580537e+00
1.126943285053952e-02	5.014961e+00	5.558308e+00
1.127651197314582e-02	5.016168e+00	5.522483e+00
1.128372528120643e-02	5.016309e+00	5.474742e+00
1.128992287838213e-02	5.015967e+00	5.424740e+00
1.129392838609850e-02	5.015637e+00	5.388042e+00
1.129813148890980e-02	5.015251e+00	5.345865e+00
1.130276988231672e-02	5.014802e+00	5.294994e+00
1.130786191984533e-02	5.014297e+00	5.233972e+00
1.131446978432263e-02	5.013637e+00	5.146807e+00
1.132375972986553e-02	5.012705e+00	5.009297e+00
1.133958697716548e-02	5.011118e+00	4.736007e+00
1.137124147176539e-02	5.007945e+00	4.052198e+00
1.142006959676539e-02	5.003054e+00	2.695674e+00
1.146889772176539e-02	4.998169e+00	1.087407e+00
1.151772584676539e-02	4.993289e+00	-6.224101e-01
1.156655397176539e-02	4.988414e+00	-2.274102e+00
1.161538209676539e-02	4.983545e+00	-3.713421e+00
1.166421022176539e-02	4.978681e+00	-4.805950e+00
1.171303834676539e-02	4.976673e+00	-5.449662e+00
1.173764135576168e-02	4.990399e+00	-5.583125e+00
1.175054309179548e-02	5.003738e+00	-5.599967e+00
1.176216905062239e-02	5.012830e+00	-5.583639e+00
1.176827295039183e-02	5.015429e+00	-5.563131e+00
1.177556114304485e-02	5.016861e+00	-5.527932e+00
1.178306871879848e-02	5.017096e+00	-5.479555e+00
1.179431834780913e-02	5.016442e+00	-5.384287e+00
1.180389336903965e-02	5.015542e+00	-5.281994e+00
1.181338605067660e-02	5.014597e+00	-5.161715e+00
1.182665020334714e-02	5.013268e+00	-4.963008e+00
1.185317850868822e-02	5.010607e+00	-4.463859e+00
1.190200663368822e-02	5.005714e+00	-3.234217e+00
1.195083475868822e-02	5.000826e+00	-1.702537e+00
1.199966288368822e-02	4.995944e+00	-1.186171e-02
1.204849100868823e-02	4.991066e+00	1.679922e+00
1.209731913368823e-02	4.986194e+00	3.214821e+00
1.214614725868823e-02	4.981327e+00	4.449494e+00
1.219497538368823e-02	4.976553e+00	5.268639e+00
1.221962142906724e-02	4.977911e+00	5.498297e+00
1.223339924041676e-02	4.985709e+00	5.569564e+00
1.224147563266989e-02	4.993897e+00	5.591969e+00
1.224852459221520e-02	5.001678e+00	5.599760e+00
1.225661191547872e-02	5.009233e+00	5.595168e+00
1.226184422854824e-02	5.012778e+00	5.584500e+00
1.226786531863628e-02	5.015421e+00	5.564756e+00
1.227510392874434e-02	5.016931e+00	5.530481e+00
1.228207101808615e-02	5.017220e+00	5.486689e+00
1.229008945946781e-02	5.016842e+00	5.423282e+00
1.229482438131152e-02	5.016445e+00	5.379365e+00
1.229975732045011e-02	5.015983e+00	5.328549e+00
1.230521497097331e-02	5.015448e+00	5.266366e+00
1.231179821468646e-02	5.014791e+00	5.183125e+00
1.232104087749060e-02	5.013865e+00	5.051330e+00
1.233615341513879e-02	5.012349e+00	4.799370e+00
1.236637849043518e-02	5.009318e+00	4.168389e+00
1.241520661543518e-02	5.004426e+00	2.844372e+00
1.246403474043518e-02	4.999540e+00	1.254725e+00
1.251286286543518e-02	4.994658e+00	-4.520982e-01
1.256169099043518e-02	4.989783e+00	-2.116701e+00
1.261051911543518e-02	4.984912e+00	-3.583629e+00
1.265934724043519e-02	4.980046e+00	-4.715890e+00
1.270817536543519e-02	4.976467e+00	-5.407743e+00
1.274212204867697e-02	4.995757e+00	-5.593141e+00
1.275862472622303e-02	5.010635e+00	-5.591779e+00
1.277447769140116e-02	5.017062e+00	-5.533900e+00
1.278418305262468e-02	5.017427e+00	-5.471333e+00
1.279297069491865e-02	5.016875e+00	-5.397128e+00
1.280709688301494e-02	5.015569e+00	-5.243484e+00
1.282092897453187e-02	5.014187e+00	-5.053028e+00
1.284226693064223e-02	5.012046e+00	-4.685019e+00
1.288494284286295e-02	5.007768e+00	-3.704855e+00
1.293377096786295e-02	5.002878e+00	-2.263649e+00
1.298259909286295e-02	4.997993e+00	-6.110464e-01
1.303142721786295e-02	4.993114e+00	1.098621e+00
1.308025534286295e-02	4.988239e+00	2.705690e+00
1.312908346786295e-02	4.983370e+00	4.060081e+00
1.317791159286296e-02	4.978507e+00	5.035309e+00
1.321102004027449e-02	4.976652e+00	5.432880e+00
1.322557830049140e-02	4.980222e+00	5.534201e+00
1.323900609460144e-02	4.991021e+00	5.586645e+00
1.324544202201572e-02	4.998189e+00	5.597703e+00
1.325384000802620e-02	5.006758e+00	5.598370e+00
1.326048905937445e-02	5.011853e+00	5.587843e+00
1.326659007945789e-02	5.014868e+00	5.569603e+00
1.327311846696176e-02	5.016551e+00	5.541024e+00
1.327999768921167e-02	5.017102e+00	5.500824e+00
1.328886993963344e-02	5.016832e+00	5.433817e+00
1.329521880695947e-02	5.016315e+00	5.375492e+00
1.330151092909350e-02	5.015720e+00	5.309248e+00
1.330760237206826e-02	5.015119e+00	5.237212e+00
1.331584548628473e-02	5.014294e+00	5.127539e+00
1.332849891405406e-02	5.013025e+00	4.932544e+00
1.335309256093794e-02	5.010559e+00	4.465684e+00
1.340192068593794e-02	5.005666e+00	3.236685e+00
1.345074881093794e-02	5.000778e+00	1.705418e+00
1.349957693593794e-02	4.995895e+00	1.488585e-02
1.354840506093794e-02	4.991018e+00	-1.677037e+00
1.359723318593794e-02	4.986146e+00	-3.212344e+00
1.364606131093794e-02	4.981279e+00	-4.447658e+00
1.369488943593795e-02	4.976503e+00	-5.267613e+00
1.374371756093795e-02	5.000912e+00	-5.595638e+00
1.376266390878214e-02	5.015323e+00	-5.582282e+00
1.378561248362681e-02	5.020431e+00	-5.460392e+00
1.380615476784128e-02	5.018890e+00	-5.255030e+00
1.382521276820111e-02	5.016986e+00	-4.986233e+00
1.384660576236243e-02	5.014838e+00	-4.599658e+00
1.388939175068507e-02	5.010547e+00	-3.586039e+00
1.393821987568507e-02	5.005654e+00	-2.119604e+00
1.398704800068507e-02	5.000766e+00	-4.552241e-01
1.403587612568507e-02	4.995884e+00	1.251668e+00
1.408470425068507e-02	4.991007e+00	2.841670e+00
1.413353237568507e-02	4.986135e+00	4.166294e+00
1.418236050068507e-02	4.981272e+00	5.101837e+00
1.421609887323358e-02	4.980855e+00	5.473438e+00
1.423047487378269e-02	4.986611e+00	5.557912e+00
1.424389005608724e-02	4.998738e+00	5.595874e+00
1.425090953052017e-02	5.005987e+00	5.599908e+00
1.425933594694827e-02	5.012819e+00	5.590368e+00
1.426462613544077e-02	5.015672e+00	5.576370e+00
1.427087965815783e-02	5.017653e+00	5.551878e+00
1.427790483300903e-02	5.018517e+00	5.514145e+00
1.428523884847879e-02	5.018481e+00	5.463295e+00
1.428924125893596e-02	5.018231e+00	5.430643e+00
1.429424061145008e-02	5.017822e+00	5.385038e+00
1.429922301683520e-02	5.017358e+00	5.334301e+00
1.430398416224383e-02	5.016892e+00	5.280932e+00
1.430982285621042e-02	5.016311e+00	5.209040e+00
1.431745820657183e-02	5.015546e+00	5.104463e+00
1.432924074777992e-02	5.014364e+00	4.920132e+00
1.435144255599514e-02	5.012137e+00	4.500475e+00
1.439584617242556e-02	5.007686e+00	3.408705e+00
1.444467429742556e-02	5.002796e+00	1.907711e+00
1.449350242242556e-02	4.997911e+00	2.285592e-01
1.454233054742556e-02	4.993032e+00	-1.471937e+00
1.459115867242556e-02	4.988158e+00	-3.034972e+00
1.463998679742556e-02	4.983289e+00	-4.314578e+00
1.468881492242556e-02	4.978444e+00	-5.191254e+00
1.473764304742557e-02	4.998006e+00	-5.583130e+00
1.476039935156111e-02	5.014704e+00	-5.588050e+00
1.478192880833740e-02	5.020706e+00	-5.487688e+00
1.479589349954916e-02	5.019928e+00	-5.368789e+00
1.480931181309554e-02	5.018638e+00	-5.215613e+00
1.482795108207263e-02	5.016771e+00	-4.941641e+00
1.485696646037750e-02	5.013859e+00	-4.382123e+00
1.490579458537750e-02	5.008963e+00	-3.124504e+00
1.495462271037750e-02	5.004071e+00	-1.575094e+00
1.500345083537750e-02	4.999186e+00	1.214110e-01
1.505227896037750e-02	4.994305e+00	1.806578e+00
1.510110708537750e-02	4.989430e+00	3.323032e+00
1.514993521037751e-02	4.984560e+00	4.529155e+00
1.519876333537751e-02	4.979886e+00	5.312310e+00
1.522307085402553e-02	4.982699e+00	5.520030e+00
1.524695327117561e-02	5.000538e+00	5.598974e+00
1.525548217258309e-02	5.008757e+00	5.596678e+00
1.526470850726592e-02	5.014591e+00	5.576103e+00
1.527038750467402e-02	5.016476e+00	5.554117e+00
1.527733148626634e-02	5.017451e+00	5.517629e+00
1.528556298021000e-02	5.017459e+00	5.460779e+00
1.529490871368403e-02	5.016799e+00	5.378540e+00
1.530424031264830e-02	5.015915e+00	5.277927e+00
1.531291497863252e-02	5.015052e+00	5.168120e+00
1.532534898324953e-02	5.013805e+00	4.984050e+00
1.534976225314728e-02	5.011356e+00	4.535407e+00
1.539858879294278e-02	5.006463e+00	3.331639e+00
1.544741691794278e-02	5.001574e+00	1.816703e+00
1.549624504294278e-02	4.996690e+00	1.321090e-01
1.554507316794278e-02	4.991812e+00	-1.564822e+00
1.559390129294278e-02	4.986939e+00	-3.115618e+00
1.564272941794279e-02	4.982071e+00	-4.375453e+00
1.569155754294279e-02	4.977247e+00	-5.226673e+00
1.574038566794279e-02	4.999324e+00	-5.589786e+00
1.576142285754966e-02	5.015155e+00	-5.585583e+00
1.578359389033722e-02	5.020743e+00	-5.475713e+00
1.580021043477156e-02	5.019645e+00	-5.323624e+00
1.581613593820136e-02	5.018074e+00	-5.123422e+00
1.583696586776107e-02	5.015982e+00	-4.784578e+00
1.587862572688050e-02	5.011802e+00	-3.868570e+00
1.592745385188050e-02	5.006908e+00	-2.465117e+00
1.597628197688050e-02	5.002019e+00	-8.314530e-01
1.602511010188050e-02	4.997136e+00	8.798591e-01
1.607393822688050e-02	4.992257e+00	2.509003e+00
1.612276635188050e-02	4.987384e+00	3.903836e+00
1.617159447688050e-02	4.982516e+00	4.934099e+00
1.622042260188051e-02	4.984548e+00	5.503575e+00
1.625389984223735e-02	5.005208e+00	5.598319e+00
1.627134994018424e-02	5.015040e+00	5.549689e+00
1.628273489732104e-02	5.016095e+00	5.481966e+00
1.629379448010060e-02	5.015487e+00	5.389324e+00
1.631010543187104e-02	5.013965e+00	5.205381e+00
1.632581615082923e-02	5.012392e+00	4.976534e+00
1.635163696808945e-02	5.009803e+00	4.496401e+00
1.640046509308945e-02	5.004910e+00	3.278344e+00
1.644929321808945e-02	5.000023e+00	1.754130e+00
1.649812134308945e-02	4.995141e+00	6.610058e-02
1.654694946808945e-02	4.990264e+00	-1.628101e+00
1.659577759308946e-02	4.985393e+00	-3.170258e+00
1.664460571808946e-02	4.980527e+00	-4.416351e+00
1.669343384308946e-02	4.975729e+00	-5.250011e+00
1.674226196808946e-02	4.999582e+00	-5.593382e+00
1.676212200166646e-02	5.014845e+00	-5.583765e+00
1.678473111811934e-02	5.020224e+00	-5.467190e+00
1.680623613899099e-02	5.018691e+00	-5.254040e+00
1.682691305349687e-02	5.016625e+00	-4.958718e+00
1.685221931810928e-02	5.014085e+00	-4.484157e+00
1.690104744310928e-02	5.009188e+00	-3.261710e+00
1.694987556810928e-02	5.004297e+00	-1.734659e+00
1.699870369310929e-02	4.999411e+00	-4.561114e-02
1.704753181810929e-02	4.994530e+00	1.647696e+00
1.709635994310929e-02	4.989655e+00	3.187128e+00
1.714518806810929e-02	4.984784e+00	4.428921e+00
1.719401619310929e-02	4.979985e+00	5.257106e+00
1.724284431810929e-02	5.002765e+00	5.594341e+00
1.725949304908968e-02	5.015863e+00	5.590041e+00
1.727610234374309e-02	5.021332e+00	5.524855e+00
1.728644125849426e-02	5.021358e+00	5.453847e+00
1.729642523258818e-02	5.020590e+00	5.363438e+00
1.731199084582081e-02	5.019086e+00	5.180555e+00
1.732714848575668e-02	5.017566e+00	4.954863e+00
1.735453143364081e-02	5.014817e+00	4.434954e+00
1.740335955864081e-02	5.009920e+00	3.195238e+00
1.745218768364082e-02	5.005028e+00	1.657126e+00
1.750101580864082e-02	5.000141e+00	-3.574184e-02
1.754984393364082e-02	4.995259e+00	-1.725272e+00
1.759867205864082e-02	4.990383e+00	-3.253682e+00
1.764750018364082e-02	4.985512e+00	-4.478238e+00
1.769632830864082e-02	4.980757e+00	-5.284580e+00
1.774441567006612e-02	5.003761e+00	-5.596553e+00
1.776292368814082e-02	5.017161e+00	-5.581548e+00
1.778603496006893e-02	5.021930e+00	-5.457075e+00
1.781662261629119e-02	5.019588e+00	-5.116485e+00
1.784708345985108e-02	5.016531e+00	-4.590050e+00
1.788201622831364e-02	5.013025e+00	-3.781443e+00
1.793084435331364e-02	5.008130e+00	-2.357449e+00
1.797967247831364e-02	5.003240e+00	-7.132978e-01
1.802850060331364e-02	4.998355e+00	9.974665e-01
1.807732872831364e-02	4.993475e+00	2.615080e+00
1.812615685331364e-02	4.988601e+00	3.988476e+00
1.817498497831364e-02	4.983732e+00	4.989397e+00
1.822381310331364e-02	4.988388e+00	5.524368e+00
1.825519267576583e-02	5.007923e+00	5.597020e+00
1.826594644298974e-02	5.014591e+00	5.571915e+00
1.827161346671765e-02	5.016246e+00	5.548441e+00
1.827939286316196e-02	5.017071e+00	5.504772e+00
1.828716442652703e-02	5.016905e+00	5.448016e+00
1.829454466933694e-02	5.016345e+00	5.382092e+00
1.830180862720681e-02	5.015663e+00	5.305908e+00
1.830862189282030e-02	5.014988e+00	5.224403e+00
1.831782267071767e-02	5.014068e+00	5.099176e+00
1.833283178544589e-02	5.012562e+00	4.858542e+00
1.836285001490234e-02	5.009552e+00	4.250265e+00
1.841167813990234e-02	5.004660e+00	2.950609e+00
1.846050626490234e-02	4.999774e+00	1.375403e+00
1.850933438990234e-02	4.994892e+00	-3.282501e-01
1.855816251490234e-02	4.990016e+00	-2.001248e+00
1.860699063990234e-02	4.985145e+00	-3.487354e+00
1.865581876490234e-02	4.980277e+00	-4.647783e+00
1.870464688990234e-02	4.976089e+00	-5.374165e+00
1.874775898781750e-02	5.000566e+00	-5.599445e+00
1.876416701077108e-02	5.013293e+00	-5.577829e+00
1.878036008156133e-02	5.017093e+00	-5.498420e+00
1.879686186526541e-02	5.016398e+00	-5.359000e+00
1.881611961060604e-02	5.014540e+00	-5.123653e+00
1.883591576381356e-02	5.012555e+00	-4.803673e+00
1.887137151232468e-02	5.009000e+00	-4.049038e+00
1.892019963732468e-02	5.004108e+00	-2.691663e+00
1.896902776232468e-02	4.999222e+00	-1.082919e+00
1.901785588732468e-02	4.994341e+00	6.269572e-01
1.906668401232468e-02	4.989465e+00	2.278283e+00
1.911551213732468e-02	4.984595e+00	3.716844e+00
1.916434026232468e-02	4.979730e+00	4.808297e+00
1.921316838732469e-02	4.977720e+00	5.450714e+00
1.922953399878771e-02	4.983664e+00	5.553763e+00
1.924518110552352e-02	4.998066e+00	5.597433e+00
1.925214726017036e-02	5.005383e+00	5.599490e+00
1.926095040712493e-02	5.012278e+00	5.586751e+00
1.926649073809328e-02	5.014962e+00	5.569966e+00
1.927299104525976e-02	5.016656e+00	5.541672e+00
1.927994440233591e-02	5.017225e+00	5.501175e+00
1.928802014595603e-02	5.016997e+00	5.440970e+00
1.929408529258950e-02	5.016523e+00	5.386535e+00
1.930048609468478e-02	5.015927e+00	5.320606e+00
1.930724376247714e-02	5.015262e+00	5.241667e+00
1.931576937777263e-02	5.014409e+00	5.128614e+00
1.932894644768790e-02	5.013088e+00	4.925068e+00
1.935491151818380e-02	5.010484e+00	4.426775e+00
1.940373964318380e-02	5.005591e+00	3.184246e+00
1.945256776818380e-02	5.000703e+00	1.644347e+00
1.950139589318380e-02	4.995821e+00	-4.911504e-02
1.955022401818380e-02	4.990943e+00	-1.737990e+00
1.959905214318380e-02	4.986071e+00	-3.264558e+00
1.964788026818380e-02	4.981204e+00	-4.486255e+00
1.969670839318381e-02	4.976473e+00	-5.288990e+00
1.974457029749872e-02	5.001001e+00	-5.596741e+00
1.976298121845077e-02	5.015067e+00	-5.581383e+00
1.978612851810008e-02	5.020099e+00	-5.456335e+00
1.981358859003557e-02	5.018004e+00	-5.158947e+00
1.984151499033810e-02	5.015203e+00	-4.699460e+00
1.987221840914714e-02	5.012123e+00	-4.028396e+00
1.992104653414714e-02	5.007228e+00	-2.665494e+00
1.996987465914714e-02	5.002339e+00	-1.053667e+00
2.001870278414714e-02	4.997455e+00	6.565596e-01
2.006753090914714e-02	4.992577e+00	2.305472e+00
2.011635903414714e-02	4.987703e+00	3.739080e+00
2.016518715914714e-02	4.982835e+00	4.823504e+00
2.021401528414714e-02	4.981017e+00	5.457471e+00
2.023072280698217e-02	4.987326e+00	5.558972e+00
2.024439946518097e-02	4.999653e+00	5.596533e+00
2.025109645844483e-02	5.006498e+00	5.599867e+00
2.025985546717972e-02	5.013430e+00	5.589267e+00
2.026528223881147e-02	5.016208e+00	5.574203e+00
2.027157537398213e-02	5.018044e+00	5.548623e+00
2.027854129249422e-02	5.018784e+00	5.510195e+00
2.028603868127094e-02	5.018682e+00	5.457045e+00
2.029071105581546e-02	5.018363e+00	5.417789e+00
2.029645237357119e-02	5.017864e+00	5.363163e+00
2.030191019393391e-02	5.017341e+00	5.304764e+00
2.030767659258503e-02	5.016770e+00	5.236287e+00
2.031526101481973e-02	5.016011e+00	5.135772e+00
2.032656623687651e-02	5.014877e+00	4.964376e+00
2.034736491782176e-02	5.012791e+00	4.584370e+00
2.038896227971227e-02	5.008620e+00	3.597632e+00
2.043779040471227e-02	5.003729e+00	2.133583e+00
2.048661852971227e-02	4.998843e+00	4.702837e-01
2.053544665471227e-02	4.993963e+00	-1.236935e+00
2.058427477971227e-02	4.989088e+00	-2.828639e+00
2.063310290471227e-02	4.984218e+00	-4.156181e+00
2.068193102971227e-02	4.979355e+00	-5.095587e+00
2.073075915471227e-02	4.991877e+00	-5.559127e+00
2.075781910752703e-02	5.010674e+00	-5.593243e+00
2.077773002158639e-02	5.018239e+00	-5.515215e+00
2.079562821180836e-02	5.017862e+00	-5.371436e+00
2.081193081216951e-02	5.016302e+00	-5.181356e+00
2.083921356336946e-02	5.013567e+00	-4.743006e+00
2.088016886116779e-02	5.009460e+00	-3.829130e+00
2.092899698616780e-02	5.004569e+00	-2.416250e+00
2.097782511116780e-02	4.999682e+00	-7.777201e-01
2.102665323616780e-02	4.994801e+00	9.334390e-01
2.107548136116780e-02	4.989925e+00	2.557426e+00
2.112430948616780e-02	4.985054e+00	3.942581e+00
2.117313761116780e-02	4.980188e+00	4.959546e+00
2.121002724041096e-02	4.977835e+00	5.424304e+00
2.122525017166484e-02	4.981210e+00	5.532425e+00
2.123932031900906e-02	4.992245e+00	5.587397e+00
2.124596075050584e-02	4.999524e+00	5.598197e+00
2.125436410375475e-02	5.007865e+00	5.597895e+00
2.126076181345484e-02	5.012601e+00	5.587203e+00
2.126686300290481e-02	5.015509e+00	5.568596e+00
2.127340096886924e-02	5.017113e+00	5.539577e+00
2.128027149951815e-02	5.017612e+00	5.499011e+00
2.128966594567690e-02	5.017285e+00	5.426977e+00
2.129632948644164e-02	5.016725e+00	5.364406e+00
2.130292511812435e-02	5.016092e+00	5.293214e+00
2.130965900408448e-02	5.015424e+00	5.211153e+00
2.131920125357665e-02	5.014469e+00	5.078934e+00
2.133496410504706e-02	5.012887e+00	4.820798e+00
2.136648980798789e-02	5.009726e+00	4.165772e+00
2.141531793298789e-02	5.004834e+00	2.840997e+00
2.146414605798789e-02	4.999947e+00	1.250907e+00
2.151297418298789e-02	4.995065e+00	-4.560021e-01
2.156180230798789e-02	4.990189e+00	-2.120327e+00
2.161063043298789e-02	4.985318e+00	-3.586638e+00
2.165945855798789e-02	4.980444e+00	-4.718001e+00
2.170828668298789e-02	4.976867e+00	-5.408760e+00
2.174919689890489e-02	5.000782e+00	-5.599929e+00
2.176470150006359e-02	5.012681e+00	-5.576126e+00
2.177960780368969e-02	5.016182e+00	-5.503378e+00
2.179474787663190e-02	5.015666e+00	-5.380113e+00
2.181480178031075e-02	5.013772e+00	-5.142192e+00
2.183462663689147e-02	5.011785e+00	-4.826829e+00
2.186812845505984e-02	5.008426e+00	-4.127020e+00
2.191695658005984e-02	5.003535e+00	-2.791161e+00
2.196578470505984e-02	4.998650e+00	-1.194642e+00
2.201461283005984e-02	4.993769e+00	5.134426e-01
2.206344095505984e-02	4.988894e+00	2.173578e+00
2.211226908005984e-02	4.984024e+00	3.630727e+00
2.216109720505985e-02	4.979159e+00	4.748810e+00
2.220992533005985e-02	4.976043e+00	5.423412e+00
2.222631980855747e-02	4.980279e+00	5.538129e+00
2.224166300119939e-02	4.993406e+00	5.592319e+00
2.224891083971763e-02	5.001486e+00	5.599869e+00
2.225703427248769e-02	5.009047e+00	5.594531e+00
2.226257390659302e-02	5.012701e+00	5.582532e+00
2.226885984735350e-02	5.015276e+00	5.560728e+00
2.227607630355894e-02	5.016593e+00	5.525004e+00
2.228289062202180e-02	5.016778e+00	5.480844e+00
2.229086254182509e-02	5.016358e+00	5.416439e+00
2.229843784417473e-02	5.015695e+00	5.342645e+00
2.230596111629288e-02	5.014962e+00	5.257381e+00
2.231464424699191e-02	5.014095e+00	5.144384e+00
2.232803011409155e-02	5.012753e+00	4.940332e+00
2.235470366765537e-02	5.010078e+00	4.431251e+00
2.240353179265537e-02	5.005186e+00	3.190259e+00
2.245235991765537e-02	5.000298e+00	1.651336e+00
2.250118804265537e-02	4.995416e+00	-4.180189e-02
2.255001616765537e-02	4.990539e+00	-1.731036e+00
2.259884429265538e-02	4.985668e+00	-3.258613e+00
2.264767241765538e-02	4.980801e+00	-4.481874e+00
2.269650054265538e-02	4.976066e+00	-5.286582e+00
2.274448576226370e-02	5.000735e+00	-5.596639e+00
2.276294976687974e-02	5.014905e+00	-5.581473e+00
2.278607737046167e-02	5.019972e+00	-5.456739e+00
2.281418305706551e-02	5.017837e+00	-5.150774e+00
2.284274705869905e-02	5.014972e+00	-4.675743e+00
2.287437860871707e-02	5.011798e+00	-3.975228e+00
2.292320673371707e-02	5.006904e+00	-2.598405e+00
2.297203485871707e-02	5.002015e+00	-9.789215e-01
2.302086298371707e-02	4.997132e+00	7.319810e-01
2.306969110871707e-02	4.992253e+00	2.374525e+00
2.311851923371707e-02	4.987380e+00	3.795318e+00
2.316734735871707e-02	4.982512e+00	4.861673e+00
2.321617548371707e-02	4.981771e+00	5.474007e+00
2.323282577005470e-02	4.989287e+00	5.567428e+00
2.324387398938431e-02	4.999654e+00	5.595852e+00
2.325077921963506e-02	5.006674e+00	5.599933e+00
2.325942620921005e-02	5.013572e+00	5.590181e+00
2.326498727530698e-02	5.016476e+00	5.575189e+00
2.327124356692870e-02	5.018349e+00	5.550189e+00
2.327819889554608e-02	5.019131e+00	5.512331e+00
2.328558685739395e-02	5.019058e+00	5.460592e+00
2.328952206672852e-02	5.018804e+00	5.428223e+00
2.329447728438566e-02	5.018393e+00	5.382747e+00
2.329941775889608e-02	5.017931e+00	5.332211e+00
2.330418432439587e-02	5.017464e+00	5.278585e+00
2.331004575554990e-02	5.016880e+00	5.206155e+00
2.331773715938788e-02	5.016109e+00	5.100419e+00
2.332965045210075e-02	5.014914e+00	4.913231e+00
2.335226322778642e-02	5.012645e+00	4.483231e+00
2.339748877915775e-02	5.008111e+00	3.362669e+00
2.344631690415775e-02	5.003221e+00	1.853271e+00
2.349514502915775e-02	4.998336e+00	1.707997e-01
2.354397315415776e-02	4.993456e+00	-1.527622e+00
2.359280127915776e-02	4.988581e+00	-3.083382e+00
2.364162940415776e-02	4.983712e+00	-4.351192e+00
2.369045752915776e-02	4.978877e+00	-5.212653e+00
2.373928565415776e-02	4.999561e+00	-5.587315e+00
2.376101259241289e-02	5.015546e+00	-5.586599e+00
2.378292648811911e-02	5.021233e+00	-5.480585e+00
2.380314658560018e-02	5.019955e+00	-5.290665e+00
2.382266731299309e-02	5.018013e+00	-5.026361e+00
2.384971489805333e-02	5.015297e+00	-4.536384e+00
2.389854302305333e-02	5.010399e+00	-3.332933e+00
2.394737114805333e-02	5.005507e+00	-1.818226e+00
2.399619927305333e-02	5.000619e+00	-1.337191e-01
2.404502739805333e-02	4.995738e+00	1.563276e+00
2.409385552305333e-02	4.990861e+00	3.114280e+00
2.414268364805333e-02	4.985989e+00	4.374447e+00
2.419151177305334e-02	4.981158e+00	5.226095e+00
2.421060501808380e-02	4.980039e+00	5.429321e+00
2.422383411333646e-02	4.982432e+00	5.524489e+00
2.423668593883600e-02	4.991238e+00	5.580417e+00
2.424200806916316e-02	4.996721e+00	5.592941e+00
2.425021737065843e-02	5.005260e+00	5.599995e+00
2.425872428240461e-02	5.012362e+00	5.591588e+00
2.426447343801529e-02	5.015557e+00	5.576860e+00
2.427067683232502e-02	5.017564e+00	5.552807e+00
2.427763919834697e-02	5.018459e+00	5.515768e+00
2.428496797988208e-02	5.018448e+00	5.465380e+00
2.428964627534830e-02	5.018158e+00	5.427147e+00
2.429283652483666e-02	5.017899e+00	5.398385e+00
2.429603202520208e-02	5.017612e+00	5.367401e+00
2.429891385767145e-02	5.017339e+00	5.337602e+00
2.430203744433039e-02	5.017035e+00	5.303328e+00
2.430533253012428e-02	5.016709e+00	5.264957e+00
2.430875972942251e-02	5.016368e+00	5.222655e+00
2.431305887946639e-02	5.015937e+00	5.166168e+00
2.431842997355680e-02	5.015399e+00	5.090306e+00
2.432616494855956e-02	5.014623e+00	4.970894e+00
2.433879139533648e-02	5.013356e+00	4.750886e+00
2.436404428889033e-02	5.010823e+00	4.222785e+00
2.441287241389033e-02	5.005930e+00	2.914811e+00
2.446170053889033e-02	5.001042e+00	1.334630e+00
2.451052866389033e-02	4.996159e+00	-3.701897e-01
2.455935678889033e-02	4.991282e+00	-2.040438e+00
2.460818491389033e-02	4.986409e+00	-3.520134e+00
2.465701303889033e-02	4.981540e+00	-4.671093e+00
2.470584116389033e-02	4.977502e+00	-5.385827e+00
2.474823235387832e-02	5.001263e+00	-5.599655e+00
2.476434297585887e-02	5.013562e+00	-5.577275e+00
2.478834273983688e-02	5.018292e+00	-5.438273e+00
2.481151370153672e-02	5.016369e+00	-5.186906e+00
2.485130270836017e-02	5.012383e+00	-4.503401e+00
2.488977710405217e-02	5.008525e+00	-3.575614e+00
2.493860522905217e-02	5.003634e+00	-2.107048e+00
2.498743335405217e-02	4.998749e+00	-4.417087e-01
2.503626147905217e-02	4.993868e+00	1.264881e+00
2.508508960405217e-02	4.988993e+00	2.853345e+00
2.513391772905217e-02	4.984123e+00	4.175342e+00
2.518274585405218e-02	4.979262e+00	5.107412e+00
2.519793410013030e-02	4.977809e+00	5.303006e+00
2.520953839515313e-02	4.977133e+00	5.420004e+00
2.521667531203826e-02	4.977490e+00	5.477690e+00
2.522314754395085e-02	4.979100e+00	5.520484e+00
2.523125009078877e-02	4.983836e+00	5.561184e+00
2.523659666855671e-02	4.988682e+00	5.580153e+00
2.524330715930457e-02	4.995941e+00	5.595049e+00
2.525071551713218e-02	5.003932e+00	5.599944e+00
2.525914952862149e-02	5.011085e+00	5.590749e+00
2.526513491700131e-02	5.014388e+00	5.574698e+00
2.527147081058426e-02	5.016347e+00	5.549119e+00
2.527838474936382e-02	5.017148e+00	5.511175e+00
2.528595860028476e-02	5.017078e+00	5.457677e+00
2.528969227177044e-02	5.016835e+00	5.426748e+00
2.529291116048388e-02	5.016574e+00	5.397686e+00
2.529597937479319e-02	5.016300e+00	5.367929e+00
2.529883898051748e-02	5.016030e+00	5.338398e+00
2.530154431569007e-02	5.015767e+00	5.308875e+00
2.530444318625938e-02	5.015481e+00	5.275537e+00
2.530735059821327e-02	5.015193e+00	5.240343e+00
2.531035450808099e-02	5.014893e+00	5.202144e+00
2.531412060541785e-02	5.014515e+00	5.151636e+00
2.531871549918030e-02	5.014055e+00	5.086110e+00
2.532513404443871e-02	5.013411e+00	4.987494e+00
2.533498362281569e-02	5.012423e+00	4.820449e+00
2.535384463039711e-02	5.010531e+00	4.449667e+00
2.539156664555995e-02	5.006751e+00	3.526928e+00
2.544039477055995e-02	5.001862e+00	2.048576e+00
2.548922289555995e-02	4.996978e+00	3.789117e-01
2.553805102055995e-02	4.992099e+00	-1.326139e+00
2.558687914555995e-02	4.987226e+00	-2.907344e+00
2.563570727055995e-02	4.982358e+00	-4.217038e+00
2.568453539555995e-02	4.977501e+00	-5.132912e+00
2.573336352055995e-02	4.993276e+00	-5.569434e+00
2.575879750340920e-02	5.011687e+00	-5.591447e+00
2.577932232333119e-02	5.018725e+00	-5.505227e+00
2.580204204242137e-02	5.017896e+00	-5.303276e+00
2.582249434802299e-02	5.015868e+00	-5.029042e+00
2.585502955187378e-02	5.012603e+00	-4.424231e+00
2.590385767687379e-02	5.007708e+00	-3.180829e+00
2.595268580187379e-02	5.002818e+00	-1.640376e+00
2.600151392687379e-02	4.997933e+00	5.326798e-02
2.605034205187379e-02	4.993053e+00	1.741938e+00
2.609917017687379e-02	4.988180e+00	3.267931e+00
2.614799830187379e-02	4.983311e+00	4.488739e+00
2.619682642687379e-02	4.978576e+00	5.290354e+00
2.621841133697482e-02	4.979266e+00	5.490060e+00
2.623164959324909e-02	4.985668e+00	5.562819e+00
2.624042032559543e-02	4.993923e+00	5.589859e+00
2.624695056175282e-02	5.001030e+00	5.598972e+00
2.625498785555894e-02	5.008788e+00	5.597250e+00
2.626052238871312e-02	5.012815e+00	5.587765e+00
2.626646000771578e-02	5.015699e+00	5.570078e+00
2.627386146014578e-02	5.017511e+00	5.537180e+00
2.628059395108143e-02	5.017939e+00	5.496854e+00
2.628870404453287e-02	5.017651e+00	5.435226e+00
2.629329709179827e-02	5.017286e+00	5.394053e+00
2.629830161938530e-02	5.016828e+00	5.344079e+00
2.630356175742571e-02	5.016316e+00	5.285859e+00
2.630956963510311e-02	5.015719e+00	5.212304e+00
2.631769217288184e-02	5.014906e+00	5.101072e+00
2.633017025549315e-02	5.013654e+00	4.904428e+00
2.635451275408057e-02	5.011213e+00	4.435355e+00
2.640319775125541e-02	5.006333e+00	3.199912e+00
2.645202587625541e-02	5.001445e+00	1.662563e+00
2.650085400125541e-02	4.996562e+00	-3.004861e-02
2.654968212625541e-02	4.991683e+00	-1.719854e+00
2.659851025125541e-02	4.986811e+00	-3.249047e+00
2.664733837625542e-02	4.981943e+00	-4.474817e+00
2.669616650125542e-02	4.977195e+00	-5.282694e+00
2.674434978578095e-02	5.001409e+00	-5.596471e+00
2.676289917439176e-02	5.015447e+00	-5.581617e+00
2.678599509453298e-02	5.020472e+00	-5.457389e+00
2.682294189142881e-02	5.017688e+00	-5.022095e+00
2.686474716813450e-02	5.013492e+00	-4.206500e+00
2.691357529313450e-02	5.008596e+00	-2.893666e+00
2.696240341813451e-02	5.003706e+00	-1.310598e+00
2.701123154313451e-02	4.998820e+00	3.948633e-01
2.706005966813451e-02	4.993940e+00	2.063449e+00
2.710888779313451e-02	4.989065e+00	3.539334e+00
2.715771591813451e-02	4.984196e+00	4.684688e+00
2.720654404313451e-02	4.980220e+00	5.392549e+00
2.722442439334948e-02	4.983224e+00	5.527850e+00
2.724100131019954e-02	4.995695e+00	5.591051e+00
2.724837288238980e-02	5.003484e+00	5.599707e+00
2.725675405452111e-02	5.011011e+00	5.594958e+00
2.726243234283647e-02	5.014639e+00	5.582923e+00
2.726861805963119e-02	5.017103e+00	5.561727e+00
2.727583349885922e-02	5.018395e+00	5.526391e+00
2.728253734904491e-02	5.018578e+00	5.483381e+00
2.729088756913274e-02	5.018139e+00	5.416215e+00
2.729860346925125e-02	5.017460e+00	5.340896e+00
2.730625808549865e-02	5.016712e+00	5.253773e+00
2.731510288572179e-02	5.015829e+00	5.137987e+00
2.732891057453105e-02	5.014443e+00	4.925669e+00
2.735652595214957e-02	5.011673e+00	4.391757e+00
2.740535407714957e-02	5.006779e+00	3.137355e+00
2.745418220214958e-02	5.001890e+00	1.589962e+00
2.750301032714958e-02	4.997006e+00	-1.059146e-01
2.755183845214958e-02	4.992128e+00	-1.791900e+00
2.760066657714958e-02	4.987255e+00	-3.310543e+00
2.764949470214958e-02	4.982387e+00	-4.520022e+00
2.769832282714958e-02	4.977705e+00	-5.307385e+00
2.774522501444709e-02	5.001940e+00	-5.597480e+00
2.776322477627879e-02	5.015508e+00	-5.580678e+00
2.778652458947826e-02	5.020343e+00	-5.453181e+00
2.781515257003198e-02	5.018124e+00	-5.137291e+00
2.785440367820073e-02	5.014186e+00	-4.437697e+00
2.789627746836348e-02	5.009986e+00	-3.396653e+00
2.794510559336348e-02	5.005094e+00	-1.893436e+00
2.799393371836348e-02	5.000207e+00	-2.133955e-01
2.804276184336348e-02	4.995326e+00	1.486574e+00
2.809158996836348e-02	4.990449e+00	3.047715e+00
2.814041809336348e-02	4.985578e+00	4.324236e+00
2.818924621836348e-02	4.980732e+00	5.196927e+00
2.822435684325510e-02	4.985159e+00	5.527470e+00
2.825539929301164e-02	5.005792e+00	5.596778e+00
2.826556897240116e-02	5.012444e+00	5.573227e+00
2.827237769329599e-02	5.014507e+00	5.544737e+00
2.827948413307222e-02	5.015228e+00	5.504181e+00
2.828681336353161e-02	5.015094e+00	5.450861e+00
2.829419928659270e-02	5.014552e+00	5.385437e+00
2.830189853344164e-02	5.013834e+00	5.304895e+00
2.830996589074017e-02	5.013036e+00	5.207190e+00
2.832067288073704e-02	5.011964e+00	5.056906e+00
2.833917971988301e-02	5.010108e+00	4.743639e+00
2.837619339817493e-02	5.006399e+00	3.929995e+00
2.842502152317494e-02	5.001510e+00	2.541672e+00
2.847384964817494e-02	4.996626e+00	9.159876e-01
2.852267777317494e-02	4.991748e+00	-7.952391e-01
2.857150589817494e-02	4.986875e+00	-2.432200e+00
2.862033402317494e-02	4.982007e+00	-3.842023e+00
2.866916214817494e-02	4.977144e+00	-4.893047e+00
2.871799027317494e-02	4.978013e+00	-5.487120e+00
2.875296725961677e-02	5.000831e+00	-5.599027e+00
2.876983153581354e-02	5.011812e+00	-5.556582e+00
2.879059356978044e-02	5.013976e+00	-5.418834e+00
2.881059122003145e-02	5.012227e+00	-5.199054e+00
2.885058652053347e-02	5.008225e+00	-4.518334e+00
2.889558283125017e-02	5.003718e+00	-3.416053e+00
2.894441095625017e-02	4.998832e+00	-1.916420e+00
2.899323908125017e-02	4.993951e+00	-2.378170e-01
2.904206720625017e-02	4.989076e+00	1.462995e+00
2.909089533125017e-02	4.984205e+00	3.027181e+00
2.913972345625017e-02	4.979340e+00	4.308665e+00
2.918855158125017e-02	4.974500e+00	5.187772e+00
2.922400019430646e-02	4.979535e+00	5.525443e+00
2.925526379036505e-02	5.002098e+00	5.596938e+00
2.926544318205673e-02	5.009320e+00	5.573658e+00
2.927223469759458e-02	5.011572e+00	5.545440e+00
2.927930717965577e-02	5.012396e+00	5.505324e+00
2.928683078121209e-02	5.012305e+00	5.450720e+00
2.929427173619984e-02	5.011769e+00	5.384737e+00
2.930201919596465e-02	5.011049e+00	5.303534e+00
2.931016160432979e-02	5.010244e+00	5.204652e+00
2.932104400810500e-02	5.009156e+00	5.051282e+00
2.934000000054074e-02	5.007256e+00	4.728236e+00
2.937791198541221e-02	5.003459e+00	3.886689e+00
2.942674011041221e-02	4.998573e+00	2.487642e+00
2.947556823541221e-02	4.993692e+00	8.562798e-01
2.952439636041221e-02	4.988817e+00	-8.550487e-01
2.957322448541221e-02	4.983947e+00	-2.486526e+00
2.962205261041221e-02	4.979082e+00	-3.885792e+00
2.967088073541221e-02	4.974222e+00	-4.922172e+00
2.971970886041221e-02	4.976647e+00	-5.498880e+00
2.975362664865225e-02	5.000110e+00	-5.598546e+00
2.977090514201093e-02	5.011144e+00	-5.551761e+00
2.978737748573482e-02	5.012696e+00	-5.446276e+00
2.980321575940014e-02	5.011466e+00	-5.289867e+00
2.983489230673077e-02	5.008327e+00	-4.822083e+00
2.986738099192741e-02	5.005073e+00	-4.144751e+00
2.991620911692741e-02	5.000185e+00	-2.813931e+00
2.996503724192741e-02	4.995302e+00	-1.220323e+00
3.001386536692741e-02	4.990425e+00	4.872477e-01
3.006269349192741e-02	4.985553e+00	2.149316e+00
3.011152161692741e-02	4.980687e+00	3.610663e+00
3.016034974192741e-02	4.975825e+00	4.734819e+00
3.020917786692741e-02	4.972608e+00	5.416800e+00
3.022455227621528e-02	4.976105e+00	5.528568e+00
3.024043252097215e-02	4.989607e+00	5.589885e+00
3.024820594008092e-02	4.998679e+00	5.599644e+00
3.025607080708283e-02	5.006532e+00	5.595927e+00
3.026235289690846e-02	5.010993e+00	5.583141e+00
3.026905310084728e-02	5.013849e+00	5.559920e+00
3.027612947616310e-02	5.015168e+00	5.524699e+00
3.028342676709771e-02	5.015368e+00	5.476942e+00
3.029326233428003e-02	5.014801e+00	5.394382e+00
3.030364596115155e-02	5.013842e+00	5.284880e+00
3.031314187270322e-02	5.012898e+00	5.165040e+00
3.032607428668594e-02	5.011602e+00	4.972363e+00
3.035182876568456e-02	5.009020e+00	4.492375e+00
3.040065689068456e-02	5.004128e+00	3.272870e+00
3.044948501568456e-02	4.999242e+00	1.747719e+00
3.049831314068456e-02	4.994360e+00	5.935245e-02
3.054714126568456e-02	4.989485e+00	-1.634557e+00
3.059596939068456e-02	4.984614e+00	-3.175819e+00
3.064479751568456e-02	4.979749e+00	-4.420498e+00
3.069362564068456e-02	4.974955e+00	-5.252356e+00
3.074245376568456e-02	4.999153e+00	-5.593707e+00
3.076219342818451e-02	5.014476e+00	-5.583573e+00
3.078484729236535e-02	5.019897e+00	-5.466303e+00
3.082156796820487e-02	5.017313e+00	-5.043295e+00
3.085627531562133e-02	5.013829e+00	-4.397223e+00
3.090155370804248e-02	5.009289e+00	-3.247214e+00
3.095038183304248e-02	5.004397e+00	-1.717713e+00
3.099920995804248e-02	4.999511e+00	-2.779817e-02
3.104803808304248e-02	4.994630e+00	1.664712e+00
3.109686620804248e-02	4.989755e+00	3.201759e+00
3.114569433304248e-02	4.984884e+00	4.439800e+00
3.119452245804248e-02	4.980093e+00	5.263217e+00
3.122231818719265e-02	4.982697e+00	5.515509e+00
3.125269923985522e-02	5.003567e+00	5.599195e+00
3.126577192910927e-02	5.012716e+00	5.572526e+00
3.127621320056533e-02	5.015306e+00	5.524216e+00
3.128659174517422e-02	5.015443e+00	5.452643e+00
3.130018559355775e-02	5.014412e+00	5.323895e+00
3.131603455808247e-02	5.012853e+00	5.124861e+00
3.133320996209765e-02	5.011130e+00	4.851911e+00
3.136756077012800e-02	5.007687e+00	4.140495e+00
3.141638889512800e-02	5.002797e+00	2.808460e+00
3.146521702012799e-02	4.997912e+00	1.214149e+00
3.151404514512799e-02	4.993032e+00	-4.935490e-01
3.156287327012799e-02	4.988158e+00	-2.155155e+00
3.161170139512798e-02	4.983289e+00	-3.615496e+00
3.166052952012798e-02	4.978413e+00	-4.738194e+00
3.170935764512798e-02	4.975162e+00	-5.418401e+00
3.174961735375499e-02	4.999433e+00	-5.599984e+00
3.176485777724982e-02	5.011386e+00	-5.575616e+00
3.178917964023473e-02	5.016222e+00	-5.431172e+00
3.181351271033371e-02	5.014165e+00	-5.159985e+00
3.186217885053166e-02	5.009289e+00	-4.265604e+00
3.191100697553166e-02	5.004397e+00	-2.970654e+00
3.195983510053166e-02	4.999511e+00	-1.398282e+00
3.200866322553166e-02	4.994629e+00	3.046723e-01
3.205749135053165e-02	4.989753e+00	1.979174e+00
3.210631947553165e-02	4.984882e+00	3.468846e+00
3.215514760053165e-02	4.980016e+00	4.634568e+00
3.220397572553164e-02	4.975752e+00	5.367478e+00
3.224142286841189e-02	4.995849e+00	5.591870e+00
3.225249468427909e-02	5.007003e+00	5.599312e+00
3.226727171457270e-02	5.016225e+00	5.567057e+00
3.227604228401474e-02	5.018005e+00	5.525199e+00
3.228406096551146e-02	5.018154e+00	5.472246e+00
3.229556171801479e-02	5.017408e+00	5.372097e+00
3.230991162964516e-02	5.016036e+00	5.207892e+00
3.232331324584974e-02	5.014694e+00	5.016300e+00
3.234529775316840e-02	5.012488e+00	4.625754e+00
3.238926676780573e-02	5.008080e+00	3.589415e+00
3.243809489280573e-02	5.003190e+00	2.123674e+00
3.248692301780572e-02	4.998304e+00	4.596070e-01
3.253575114280572e-02	4.993425e+00	-1.247382e+00
3.258457926780572e-02	4.988550e+00	-2.837880e+00
3.263340739280571e-02	4.983681e+00	-4.163354e+00
3.268223551780571e-02	4.978818e+00	-5.100022e+00
3.273106364280571e-02	4.991667e+00	-5.560409e+00
3.275793365451996e-02	5.010587e+00	-5.593044e+00
3.277791645245939e-02	5.018182e+00	-5.514074e+00
3.280053176734511e-02	5.017630e+00	-5.320105e+00
3.282122158142029e-02	5.015589e+00	-5.048582e+00
3.285621577637463e-02	5.012076e+00	-4.398520e+00
3.290504390137462e-02	5.007181e+00	-3.146389e+00
3.295387202637462e-02	5.002292e+00	-1.600423e+00
3.300270015137462e-02	4.997408e+00	9.500253e-02
3.305152827637461e-02	4.992529e+00	1.781556e+00
3.310035640137461e-02	4.987656e+00	3.301734e+00
3.314918452637461e-02	4.982787e+00	4.513570e+00
3.319801265137461e-02	4.978092e+00	5.303894e+00
3.324509948368133e-02	5.002066e+00	5.597346e+00
3.326317808238274e-02	5.015642e+00	5.580814e+00
3.328537042015484e-02	5.020365e+00	5.462276e+00
3.330731552552210e-02	5.018743e+00	5.240777e+00
3.332753201724392e-02	5.016721e+00	4.948560e+00
3.334891711224477e-02	5.014575e+00	4.552786e+00
3.339168730224649e-02	5.010285e+00	3.523630e+00
3.344051542724649e-02	5.005392e+00	2.044625e+00
3.348934355224648e-02	5.000505e+00	3.746759e-01
3.353817167724648e-02	4.995623e+00	-1.330263e+00
3.358699980224648e-02	4.990746e+00	-2.910971e+00
3.363582792724647e-02	4.985875e+00	-4.219830e+00
3.368465605224647e-02	4.981003e+00	-5.134608e+00
3.373348417724647e-02	4.995764e+00	-5.569875e+00
3.375884276007059e-02	5.013410e+00	-5.591359e+00
3.377939597193676e-02	5.020207e+00	-5.504751e+00
3.380288529762136e-02	5.019280e+00	-5.293671e+00
3.382427979612723e-02	5.017153e+00	-5.001090e+00
3.385905678156735e-02	5.013662e+00	-4.335953e+00
3.390788490656735e-02	5.008766e+00	-3.063199e+00
3.395671303156735e-02	5.003875e+00	-1.504380e+00
3.400554115656734e-02	4.998990e+00	1.949309e-01
3.405436928156734e-02	4.994109e+00	1.876037e+00
3.410319740656734e-02	4.989234e+00	3.381944e+00
3.415202553156733e-02	4.984364e+00	4.572019e+00
3.420085365656733e-02	4.979796e+00	5.335122e+00
3.424624479743504e-02	5.003090e+00	5.598441e+00
3.426360404187778e-02	5.015917e+00	5.579555e+00
3.428714130868599e-02	5.020600e+00	5.448204e+00
3.430995838773421e-02	5.018768e+00	5.207287e+00
3.433887040430161e-02	5.015872e+00	4.749414e+00
3.436734563753435e-02	5.013014e+00	4.145587e+00
3.441617376253435e-02	5.008119e+00	2.815006e+00
3.446500188753435e-02	5.003229e+00	1.221537e+00
3.451383001253434e-02	4.998344e+00	-4.860084e-01
3.456265813753434e-02	4.993464e+00	-2.148167e+00
3.461148626253434e-02	4.988590e+00	-3.609712e+00
3.466031438753434e-02	4.983711e+00	-4.734155e+00
3.470914251253433e-02	4.980253e+00	-5.416484e+00
3.474953298642887e-02	5.002769e+00	-5.599976e+00
3.476482641928862e-02	5.014018e+00	-5.575718e+00
3.478912866509718e-02	5.018511e+00	-5.431609e+00
3.481474862640926e-02	5.016332e+00	-5.142932e+00
3.486357675140926e-02	5.011436e+00	-4.233571e+00
3.491240487640926e-02	5.006542e+00	-2.928845e+00
3.496123300140926e-02	5.001654e+00	-1.350601e+00
3.501006112640925e-02	4.996770e+00	3.537734e-01
3.505888925140925e-02	4.991892e+00	2.025110e+00
3.510771737640925e-02	4.987019e+00	3.507325e+00
3.515654550140924e-02	4.982150e+00	4.661998e+00
3.520537362640924e-02	4.978030e+00	5.381298e+00
3.524804722525825e-02	5.001756e+00	5.599578e+00
3.526427415902964e-02	5.014045e+00	5.577493e+00
3.527847127599216e-02	5.017496e+00	5.510634e+00
3.529300804463253e-02	5.017133e+00	5.396777e+00
3.530810876613231e-02	5.015735e+00	5.230877e+00
3.532453485847564e-02	5.014092e+00	4.997046e+00
3.534756998126433e-02	5.011782e+00	4.580222e+00
3.539364022684170e-02	5.007164e+00	3.469959e+00
3.544246835184169e-02	5.002274e+00	1.980501e+00
3.549129647684169e-02	4.997390e+00	3.060881e-01
3.554012460184169e-02	4.992511e+00	-1.396909e+00
3.558895272684168e-02	4.987637e+00	-2.969453e+00
3.563778085184168e-02	4.982769e+00	-4.264685e+00
3.568660897684168e-02	4.977916e+00	-5.161647e+00
3.573543710184168e-02	4.995473e+00	-5.576573e+00
3.575957447769738e-02	5.013158e+00	-5.589870e+00
3.578058667155878e-02	5.019745e+00	-5.496903e+00
3.580738671212928e-02	5.018477e+00	-5.239894e+00
3.583233987966215e-02	5.015981e+00	-4.867126e+00
3.587190276718153e-02	5.012012e+00	-4.036103e+00
3.592073089218153e-02	5.007117e+00	-2.675256e+00
3.596955901718153e-02	5.002228e+00	-1.064573e+00
3.601838714218152e-02	4.997344e+00	6.455288e-01
3.606721526718152e-02	4.992465e+00	2.295346e+00
3.611604339218152e-02	4.987592e+00	3.730805e+00
3.616487151718151e-02	4.982724e+00	4.817852e+00
3.621369964218151e-02	4.980783e+00	5.454971e+00
3.625131059131472e-02	5.002851e+00	5.599810e+00
3.626713405081741e-02	5.013701e+00	5.567580e+00
3.628305142990713e-02	5.016328e+00	5.479680e+00
3.629871665034632e-02	5.015393e+00	5.339697e+00
3.632262276038974e-02	5.013059e+00	5.027053e+00
3.634546191138162e-02	5.010767e+00	4.622496e+00
3.639114021336536e-02	5.006190e+00	3.538570e+00
3.643996833836536e-02	5.001301e+00	2.062533e+00
3.648879646336536e-02	4.996418e+00	3.938803e-01
3.653762458836535e-02	4.991540e+00	-1.311556e+00
3.658645271336535e-02	4.986667e+00	-2.894509e+00
3.663528083836535e-02	4.981800e+00	-4.207150e+00
3.668410896336535e-02	4.976934e+00	-5.126894e+00
3.673293708836534e-02	4.992254e+00	-5.567848e+00
3.675863750622333e-02	5.011030e+00	-5.591755e+00
3.677906194771684e-02	5.018302e+00	-5.506898e+00
3.680274374016058e-02	5.017486e+00	-5.295294e+00
3.682440791885148e-02	5.015335e+00	-4.999060e+00
3.685983700523844e-02	5.011779e+00	-4.318528e+00
3.690866513023844e-02	5.006885e+00	-3.040181e+00
3.695749325523844e-02	5.001996e+00	-1.477918e+00
3.700632138023843e-02	4.997112e+00	2.223646e-01
3.705514950523843e-02	4.992234e+00	1.901881e+00
3.710397763023843e-02	4.987360e+00	3.403785e+00
3.715280575523842e-02	4.982492e+00	4.587816e+00
3.720163388023842e-02	4.977990e+00	5.343401e+00
3.724655761648590e-02	5.001861e+00	5.598690e+00
3.726372036119945e-02	5.014849e+00	5.579204e+00
3.728733044447742e-02	5.019639e+00	5.446661e+00
3.731250773686254e-02	5.017616e+00	5.173621e+00
3.734954153138259e-02	5.013904e+00	4.539958e+00
3.738559626829286e-02	5.010288e+00	3.687583e+00
3.743442439329286e-02	5.005395e+00	2.242601e+00
3.748325251829285e-02	5.000508e+00	5.881873e-01
3.753208064329285e-02	4.995626e+00	-1.121156e+00
3.758090876829285e-02	4.990749e+00	-2.725797e+00
3.762973689329285e-02	4.985878e+00	-4.075881e+00
3.767856501829284e-02	4.981012e+00	-5.045328e+00
3.772739314329284e-02	4.989672e+00	-5.543602e+00
3.775654973354297e-02	5.008959e+00	-5.595259e+00
3.777566389099055e-02	5.017246e+00	-5.527352e+00
3.779938654869500e-02	5.017276e+00	-5.332547e+00
3.782161660577437e-02	5.015094e+00	-5.042552e+00
3.786162718634549e-02	5.011077e+00	-4.278154e+00
3.791045531134549e-02	5.006183e+00	-2.987091e+00
3.795928343634548e-02	5.001295e+00	-1.417070e+00
3.800811156134548e-02	4.996412e+00	2.852885e-01
3.805693968634548e-02	4.991534e+00	1.961004e+00
3.810576781134548e-02	4.986661e+00	3.453586e+00
3.815459593634547e-02	4.981793e+00	4.623645e+00
3.820342406134547e-02	4.977444e+00	5.361911e+00
3.824727266330388e-02	5.001532e+00	5.599178e+00
3.826398621562118e-02	5.014267e+00	5.578391e+00
3.828268786356671e-02	5.018332e+00	5.482304e+00
3.830165737047082e-02	5.017204e+00	5.307608e+00
3.832593723503458e-02	5.014802e+00	4.974579e+00
3.835019752981283e-02	5.012367e+00	4.526406e+00
3.839871811936932e-02	5.007503e+00	3.327980e+00
3.844754624436932e-02	5.002613e+00	1.812398e+00
3.849637436936931e-02	4.997729e+00	1.275598e-01
3.854520249436931e-02	4.992849e+00	-1.569191e+00
3.859403061936931e-02	4.987976e+00	-3.119398e+00
3.864285874436930e-02	4.983107e+00	-4.378292e+00
3.869168686936930e-02	4.978281e+00	-5.228305e+00
3.874051499436930e-02	5.000259e+00	-5.590058e+00
3.876147107202038e-02	5.015795e+00	-5.585461e+00
3.878367232053182e-02	5.021217e+00	-5.475134e+00
3.881967177984954e-02	5.018862e+00	-5.071938e+00
3.885502068516270e-02	5.015314e+00	-4.424422e+00
3.890384881016270e-02	5.010416e+00	-3.181086e+00
3.895267693516270e-02	5.005523e+00	-1.640674e+00
3.900150506016269e-02	5.000636e+00	5.295601e-02
3.905033318516269e-02	4.995754e+00	1.741641e+00
3.909916131016269e-02	4.990877e+00	3.267678e+00
3.914798943516268e-02	4.986005e+00	4.488553e+00
3.919681756016268e-02	4.981261e+00	5.290251e+00
3.924461467452040e-02	5.004095e+00	5.596795e+00
3.926299772865990e-02	5.017335e+00	5.581336e+00
3.928615536744896e-02	5.022056e+00	5.456122e+00
3.931665876325901e-02	5.019704e+00	5.115968e+00
3.934818738959515e-02	5.016540e+00	4.567688e+00
3.938409559805382e-02	5.012936e+00	3.727157e+00
3.943292372305381e-02	5.008041e+00	2.290884e+00
3.948175184805381e-02	5.003151e+00	6.406707e-01
3.953057997305381e-02	4.998266e+00	-1.069374e+00
3.957940809805380e-02	4.993387e+00	-2.679552e+00
3.962823622305380e-02	4.988513e+00	-4.039492e+00
3.967706434805380e-02	4.983644e+00	-5.022192e+00
3.972589247305380e-02	4.990309e+00	-5.535880e+00
3.975598182300367e-02	5.009278e+00	-5.596045e+00
3.977473942841737e-02	5.017684e+00	-5.532482e+00
3.979942273945370e-02	5.017959e+00	-5.332158e+00
3.982290924160126e-02	5.015653e+00	-5.022603e+00
3.986659444722855e-02	5.011266e+00	-4.163311e+00
3.991542257222855e-02	5.006372e+00	-2.837824e+00
3.996425069722855e-02	5.001484e+00	-1.247318e+00
4.001307882222854e-02	4.996601e+00	4.596716e-01
4.006190694722854e-02	4.991723e+00	2.123734e+00
4.011073507222854e-02	4.986850e+00	3.589465e+00
4.015956319722853e-02	4.981976e+00	4.719983e+00
4.020839132222853e-02	4.978383e+00	5.409712e+00
4.024923803103363e-02	5.001758e+00	5.599936e+00
4.026471678842609e-02	5.013410e+00	5.576076e+00
4.027950512676492e-02	5.016824e+00	5.504045e+00
4.029453705219222e-02	5.016314e+00	5.382166e+00
4.031408185687999e-02	5.014471e+00	5.152171e+00
4.033359831152573e-02	5.012515e+00	4.845074e+00
4.036595004220742e-02	5.009271e+00	4.178441e+00
4.041477816720742e-02	5.004379e+00	2.857347e+00
4.046360629220742e-02	4.999492e+00	1.269413e+00
4.051243441720741e-02	4.994611e+00	-4.370704e-01
4.056126254220741e-02	4.989735e+00	-2.102736e+00
4.061009066720741e-02	4.984864e+00	-3.572032e+00
4.065891879220741e-02	4.979993e+00	-4.707743e+00
4.070774691720740e-02	4.976326e+00	-5.403808e+00
4.074898454650716e-02	5.000255e+00	-5.599886e+00
4.076462257042499e-02	5.012364e+00	-5.576381e+00
4.078879728198203e-02	5.017172e+00	-5.434435e+00
4.081825750223831e-02	5.014711e+00	-5.092833e+00
4.086708562723831e-02	5.009815e+00	-4.151732e+00
4.091591375223830e-02	5.004922e+00	-2.822911e+00
4.096474187723830e-02	5.000035e+00	-1.230464e+00
4.101357000223830e-02	4.995153e+00	4.768936e-01
4.106239812723830e-02	4.990277e+00	2.139715e+00
4.111122625223829e-02	4.985406e+00	3.602713e+00
4.116005437723829e-02	4.980540e+00	4.729261e+00
4.120888250223829e-02	4.977105e+00	5.414154e+00
4.124943095772942e-02	5.000865e+00	5.599964e+00
4.126321817291057e-02	5.011899e+00	5.580698e+00
4.127459600751742e-02	5.015513e+00	5.533260e+00
4.128626660090574e-02	5.015893e+00	5.455239e+00
4.129730255811692e-02	5.015077e+00	5.354479e+00
4.131238657845140e-02	5.013617e+00	5.175251e+00
4.132618156595017e-02	5.012235e+00	4.970625e+00
4.135129785168380e-02	5.009716e+00	4.503503e+00
4.140012597668379e-02	5.004824e+00	3.288010e+00
4.144895410168379e-02	4.999937e+00	1.765457e+00
4.149778222668379e-02	4.995055e+00	7.803169e-02
4.154661035168378e-02	4.990179e+00	-1.616681e+00
4.159543847668378e-02	4.985307e+00	-3.160415e+00
4.164426660168378e-02	4.980441e+00	-4.409005e+00
4.169309472668378e-02	4.975621e+00	-5.245847e+00
4.174192285168377e-02	4.999499e+00	-5.592790e+00
4.176199569540185e-02	5.014900e+00	-5.584101e+00
4.178452567897731e-02	5.020252e+00	-5.468750e+00
4.182104905938301e-02	5.017742e+00	-5.051205e+00
4.186472808169252e-02	5.013359e+00	-4.206943e+00
4.191355620669252e-02	5.008463e+00	-2.894241e+00
4.196238433169252e-02	5.003572e+00	-1.311251e+00
4.201121245669252e-02	4.998687e+00	3.941934e-01
4.206004058169251e-02	4.993807e+00	2.062825e+00
4.210886870669251e-02	4.988933e+00	3.538814e+00
4.215769683169251e-02	4.984063e+00	4.684320e+00
4.220652495669251e-02	4.980088e+00	5.392367e+00
4.224850268711724e-02	5.002938e+00	5.599752e+00
4.226444346266985e-02	5.014706e+00	5.576956e+00
4.228175611142020e-02	5.018397e+00	5.488895e+00
4.229909748853398e-02	5.017464e+00	5.335644e+00
4.231911363857194e-02	5.015502e+00	5.080232e+00
4.233916519443141e-02	5.013489e+00	4.743910e+00
4.237926830615035e-02	5.009467e+00	3.852191e+00
4.242809643115035e-02	5.004575e+00	2.444796e+00
4.247692455615035e-02	4.999689e+00	8.090872e-01
4.252575268115034e-02	4.994808e+00	-9.021808e-01
4.257458080615034e-02	4.989932e+00	-2.529196e+00
4.262340893115034e-02	4.985061e+00	-3.920015e+00
4.267223705615034e-02	4.980195e+00	-4.944752e+00
4.272106518115033e-02	4.982958e+00	-5.507708e+00
4.275414547946366e-02	5.004272e+00	-5.598101e+00
4.277174986652083e-02	5.014276e+00	-5.547790e+00
4.279307342231878e-02	5.015562e+00	-5.396163e+00
4.281333670697757e-02	5.013693e+00	-5.162388e+00
4.285386327629515e-02	5.009633e+00	-4.449269e+00
4.290269140129515e-02	5.004741e+00	-3.214517e+00
4.295151952629515e-02	4.999854e+00	-1.679568e+00
4.300034765129514e-02	4.994972e+00	1.223239e-02
4.304917577629514e-02	4.990096e+00	1.702891e+00
4.309800390129514e-02	4.985224e+00	3.234519e+00
4.314683202629514e-02	4.980358e+00	4.464083e+00
4.319566015129513e-02	4.975603e+00	5.276755e+00
4.324414338954089e-02	5.000429e+00	5.596209e+00
4.326282237599922e-02	5.014813e+00	5.581836e+00
4.328587019974393e-02	5.019939e+00	5.458373e+00
4.331401317158037e-02	5.017824e+00	5.153117e+00
4.334064931011192e-02	5.015152e+00	4.715955e+00
4.337052562442298e-02	5.012155e+00	4.069542e+00
4.341935374942298e-02	5.007260e+00	2.717725e+00
4.346818187442297e-02	5.002371e+00	1.112105e+00
4.351700999942297e-02	4.997487e+00	-5.973723e-01
4.356583812442297e-02	4.992608e+00	-2.251062e+00
4.361466624942296e-02	4.987734e+00	-3.694530e+00
4.366349437442296e-02	4.982866e+00	-4.792973e+00
4.371232249942296e-02	4.980392e+00	-5.443810e+00
4.375077546667241e-02	5.002600e+00	-5.599934e+00
4.376626270482477e-02	5.013557e+00	-5.570790e+00
4.379146309147597e-02	5.017554e+00	-5.411034e+00
4.381768034551637e-02	5.015199e+00	-5.101244e+00
4.386650847051637e-02	5.010303e+00	-4.165334e+00
4.391533659551636e-02	5.005410e+00	-2.840431e+00
4.396416472051636e-02	5.000522e+00	-1.250267e+00
4.401299284551636e-02	4.995640e+00	4.566565e-01
4.406182097051636e-02	4.990763e+00	2.120934e+00
4.411064909551635e-02	4.985891e+00	3.587142e+00
4.415947722051635e-02	4.981018e+00	4.718355e+00
4.420830534551635e-02	4.977431e+00	5.408930e+00
4.424920423568703e-02	5.001134e+00	5.599930e+00
4.426470422706770e-02	5.012947e+00	5.576117e+00
4.427760568151880e-02	5.016180e+00	5.515972e+00
4.429081664620484e-02	5.016019e+00	5.416848e+00
4.430584457368322e-02	5.014688e+00	5.258792e+00
4.432200873355167e-02	5.013076e+00	5.036535e+00
4.434291669807629e-02	5.010979e+00	4.672455e+00
4.438473262712551e-02	5.006788e+00	3.710398e+00
4.443356075212550e-02	5.001899e+00	2.270413e+00
4.448238887712550e-02	4.997015e+00	6.183983e-01
4.453121700212550e-02	4.992136e+00	-1.091367e+00
4.458004512712550e-02	4.987263e+00	-2.699212e+00
4.462887325212549e-02	4.982394e+00	-4.054983e+00
4.467770137712549e-02	4.977532e+00	-5.032068e+00
4.472652950212549e-02	4.985854e+00	-5.539218e+00
4.475622305802621e-02	5.006457e+00	-5.595720e+00
4.477513212445555e-02	5.015403e+00	-5.530325e+00
4.479770145762049e-02	5.015628e+00	-5.350352e+00
4.481879637063949e-02	5.013579e+00	-5.084918e+00
4.485740059333067e-02	5.009701e+00	-4.372596e+00
4.490622871833067e-02	5.004809e+00	-3.111816e+00
4.495505684333067e-02	4.999922e+00	-1.560429e+00
4.500388496833067e-02	4.995040e+00	1.366823e-01
4.505271309333066e-02	4.990164e+00	1.821030e+00
4.510154121833066e-02	4.985292e+00	3.335315e+00
4.515036934333066e-02	4.980426e+00	4.538122e+00
4.519919746833066e-02	4.975792e+00	5.317123e+00
4.524557833886492e-02	5.000557e+00	5.597839e+00
4.526335619311453e-02	5.014324e+00	5.580293e+00
4.528673829021168e-02	5.019316e+00	5.451466e+00
4.530954530277364e-02	5.017527e+00	5.212616e+00
4.533568120662267e-02	5.014910e+00	4.807910e+00
4.536201911845438e-02	5.012268e+00	4.269243e+00
4.541084724345438e-02	5.007373e+00	2.975417e+00
4.545967536845438e-02	5.002483e+00	1.403724e+00
4.550850349345437e-02	4.997599e+00	-2.990602e-01
4.555733161845437e-02	4.992720e+00	-1.973916e+00
4.560615974345437e-02	4.987846e+00	-3.464432e+00
4.565498786845437e-02	4.982977e+00	-4.631411e+00
4.570381599345436e-02	4.978660e+00	-5.365873e+00
4.574742871985830e-02	5.002095e+00	-5.599269e+00
4.576404423253914e-02	5.014601e+00	-5.578211e+00
4.578785703652336e-02	5.019327e+00	-5.442325e+00
4.582055022136506e-02	5.016665e+00	-5.058758e+00
4.586937834636506e-02	5.011766e+00	-4.097167e+00
4.591820647136505e-02	5.006872e+00	-2.752949e+00
4.596703459636505e-02	5.001983e+00	-1.151639e+00
4.601586272136505e-02	4.997099e+00	5.572195e-01
4.606469084636505e-02	4.992220e+00	2.214041e+00
4.611351897136504e-02	4.987348e+00	3.664098e+00
4.616234709636504e-02	4.982480e+00	4.771972e+00
4.621117522136504e-02	4.979614e+00	5.434201e+00
4.625032832384025e-02	5.002322e+00	5.599988e+00
4.626553461564684e-02	5.013399e+00	5.573345e+00
4.627639592511232e-02	5.016066e+00	5.523159e+00
4.628755817571280e-02	5.016144e+00	5.444793e+00
4.630065740839555e-02	5.015100e+00	5.318723e+00
4.631502982119459e-02	5.013683e+00	5.139009e+00
4.633072264382326e-02	5.012109e+00	4.895018e+00
4.636210828908060e-02	5.008963e+00	4.267211e+00
4.641093641408060e-02	5.004071e+00	2.972759e+00
4.645976453908059e-02	4.999185e+00	1.400687e+00
4.650859266408059e-02	4.994304e+00	-3.021932e-01
4.655742078908059e-02	4.989428e+00	-1.976852e+00
4.660624891408058e-02	4.984558e+00	-3.466896e+00
4.665507703908058e-02	4.979691e+00	-4.633174e+00
4.670390516408058e-02	4.975411e+00	-5.366770e+00
4.674746420086073e-02	5.000266e+00	-5.599289e+00
4.676405742303964e-02	5.013227e+00	-5.578170e+00
4.678787848258278e-02	5.018035e+00	-5.442147e+00
4.681536945476051e-02	5.015808e+00	-5.134249e+00
4.686419757976051e-02	5.010912e+00	-4.219240e+00
4.691302570476050e-02	5.006019e+00	-2.910204e+00
4.696185382976050e-02	5.001131e+00	-1.329391e+00
4.701068195476050e-02	4.996248e+00	3.755714e-01
4.705951007976050e-02	4.991370e+00	2.045460e+00
4.710833820476049e-02	4.986498e+00	3.524327e+00
4.715716632976049e-02	4.981628e+00	4.674065e+00
4.720599445476049e-02	4.977610e+00	5.387302e+00
4.724829300017010e-02	5.001358e+00	5.599678e+00
4.726436551923217e-02	5.013605e+00	5.577204e+00
4.728214423016964e-02	5.017497e+00	5.486173e+00
4.729994473730974e-02	5.016508e+00	5.326517e+00
4.732112494683237e-02	5.014425e+00	5.050052e+00
4.734204317648822e-02	5.012326e+00	4.689327e+00
4.738387963579993e-02	5.008132e+00	3.732825e+00
4.743270776079993e-02	5.003241e+00	2.297816e+00
4.748153588579992e-02	4.998355e+00	6.482190e-01
4.753036401079992e-02	4.993475e+00	-1.061914e+00
4.757919213579992e-02	4.988601e+00	-2.672877e+00
4.762802026079992e-02	4.983731e+00	-4.034225e+00
4.767684838579991e-02	4.978868e+00	-5.018826e+00
4.772567651079991e-02	4.986070e+00	-5.534729e+00
4.775589998622051e-02	5.006528e+00	-5.596153e+00
4.777460620788637e-02	5.015553e+00	-5.533206e+00
4.779474847041422e-02	5.015900e+00	-5.380107e+00
4.781352646851916e-02	5.014126e+00	-5.159796e+00
4.784909671647182e-02	5.010561e+00	-4.549104e+00
4.789792484147182e-02	5.005669e+00	-3.350387e+00
4.794675296647181e-02	5.000781e+00	-1.838785e+00
4.799558109147181e-02	4.995898e+00	-1.554630e-01
4.804440921647181e-02	4.991020e+00	1.542378e+00
4.809323734147181e-02	4.986148e+00	3.096179e+00
4.814206546647180e-02	4.981281e+00	4.360835e+00
4.819089359147180e-02	4.976452e+00	5.218241e+00
4.823972171647180e-02	4.998294e+00	5.588326e+00
4.826117526440707e-02	5.014574e+00	5.586201e+00
4.828319112172837e-02	5.020343e+00	5.478665e+00
4.830095259085154e-02	5.019209e+00	5.315464e+00
4.831802670468582e-02	5.017520e+00	5.096204e+00
4.834096299273065e-02	5.015218e+00	4.709994e+00
4.838683556882032e-02	5.010616e+00	3.654655e+00
4.843566369382032e-02	5.005723e+00	2.202577e+00
4.848449181882031e-02	5.000835e+00	5.448053e-01
4.853331994382031e-02	4.995953e+00	-1.163845e+00
4.858214806882031e-02	4.991076e+00	-2.763806e+00
4.863097619382031e-02	4.986204e+00	-4.105660e+00
4.867980431882030e-02	4.981339e+00	-5.064096e+00
4.872863244382030e-02	4.991062e+00	-5.549606e+00
4.875701777936414e-02	5.010051e+00	-5.594557e+00
4.877642575146922e-02	5.018045e+00	-5.522985e+00
4.879618138076344e-02	5.017869e+00	-5.365900e+00
4.881430755881302e-02	5.016123e+00	-5.149054e+00
4.884666416825320e-02	5.012871e+00	-4.598486e+00
4.889549229325320e-02	5.007976e+00	-3.418576e+00
4.894432041825320e-02	5.003086e+00	-1.919413e+00
4.899314854325319e-02	4.998201e+00	-2.409998e-01
4.904197666825319e-02	4.993321e+00	1.459920e+00
4.909080479325319e-02	4.988447e+00	3.024501e+00
4.913963291825318e-02	4.983577e+00	4.306630e+00
4.918846104325318e-02	4.978731e+00	5.186572e+00
4.923728916825318e-02	4.997812e+00	5.582150e+00
4.926026713203743e-02	5.014612e+00	5.588352e+00
4.928171368787461e-02	5.020702e+00	5.489192e+00
4.929763742924369e-02	5.019823e+00	5.351017e+00
4.931306049069756e-02	5.018319e+00	5.166146e+00
4.933554101742076e-02	5.016061e+00	4.810437e+00
4.937520185628093e-02	5.012082e+00	3.954772e+00
4.942402998128093e-02	5.007187e+00	2.572710e+00
4.947285810628092e-02	5.002298e+00	9.503879e-01
4.952168623128092e-02	4.997414e+00	-7.606892e-01
4.957051435628092e-02	4.992536e+00	-2.400727e+00
4.961934248128091e-02	4.987662e+00	-3.816566e+00
4.966817060628091e-02	4.982794e+00	-4.875984e+00
4.971699873128091e-02	4.982475e+00	-5.480044e+00
4.975258577224252e-02	5.003923e+00	-5.599261e+00
4.976921038938383e-02	5.014348e+00	-5.559256e+00
4.978463014795731e-02	5.016181e+00	-5.467958e+00
4.979972756705081e-02	5.015158e+00	-5.328871e+00
4.982687518478431e-02	5.012496e+00	-4.959337e+00
4.985350003657206e-02	5.009825e+00	-4.457019e+00
4.990232816157206e-02	5.004932e+00	-3.224974e+00
4.995115628657205e-02	5.000045e+00	-1.691756e+00
4.999998441157205e-02	4.995163e+00	-5.484919e-04
5.000000000000000e-02	4.995162e+00	1.100057e-14
