V1	V(n002)	I(D1)
Step Information: Temp=-25  (Step: 1/3)
0.000000000000000e+00	0.000000e+00	0.000000e+00
1.000000000000000e-01	9.999993e-02	1.442216e-10
2.000000000000000e-01	1.999989e-01	2.223673e-09
3.000000000000000e-01	2.999845e-01	3.221261e-08
4.000000000000000e-01	3.997770e-01	4.623323e-07
5.000000000000000e-01	4.970112e-01	6.195580e-06
6.000000000000001e-01	5.756624e-01	5.045101e-05
7.000000000000001e-01	6.201803e-01	1.654638e-04
8.000000000000000e-01	6.452513e-01	3.207893e-04
9.000000000000000e-01	6.613927e-01	4.946253e-04
1.000000000000000e+00	6.734758e-01	6.768744e-04
1.100000000000000e+00	6.826577e-01	8.651374e-04
1.200000000000000e+00	6.901839e-01	1.056833e-03
1.300000000000000e+00	6.965882e-01	1.250854e-03
1.400000000000000e+00	7.021402e-01	1.446642e-03
1.500000000000000e+00	7.070346e-01	1.643792e-03
1.600000000000000e+00	7.114106e-01	1.842018e-03
1.700000000000000e+00	7.153675e-01	2.041112e-03
1.800000000000000e+00	7.189792e-01	2.240922e-03
1.900000000000000e+00	7.223016e-01	2.441332e-03
2.000000000000000e+00	7.253784e-01	2.642250e-03
2.100000000000000e+00	7.282440e-01	2.843607e-03
2.200000000000000e+00	7.309263e-01	3.045344e-03
2.300000000000000e+00	7.334479e-01	3.247413e-03
2.400000000000000e+00	7.358275e-01	3.449777e-03
2.500000000000000e+00	7.380809e-01	3.652403e-03
2.600000000000000e+00	7.402212e-01	3.855263e-03
2.700000000000000e+00	7.422597e-01	4.058334e-03
2.800000000000000e+00	7.442061e-01	4.261596e-03
2.900000000000000e+00	7.460687e-01	4.465032e-03
3.000000000000000e+00	7.478548e-01	4.668626e-03
3.100000000000000e+00	7.495708e-01	4.872366e-03
3.200000000000000e+00	7.512223e-01	5.076239e-03
3.300000000000000e+00	7.528142e-01	5.280236e-03
3.400000000000000e+00	7.543511e-01	5.484347e-03
3.500000000000000e+00	7.558368e-01	5.688564e-03
3.600000000000000e+00	7.572749e-01	5.892880e-03
3.700000000000000e+00	7.586685e-01	6.097287e-03
3.800000000000000e+00	7.600206e-01	6.301782e-03
3.900000000000000e+00	7.613336e-01	6.506356e-03
4.000000000000000e+00	7.626101e-01	6.711007e-03
4.100000000000001e+00	7.638522e-01	6.915729e-03
4.200000000000000e+00	7.650618e-01	7.120518e-03
4.300000000000000e+00	7.662408e-01	7.325372e-03
4.400000000000000e+00	7.673908e-01	7.530285e-03
4.500000000000000e+00	7.685133e-01	7.735254e-03
4.600000000000001e+00	7.696099e-01	7.940278e-03
4.700000000000000e+00	7.706817e-01	8.145353e-03
4.800000000000001e+00	7.717299e-01	8.350477e-03
4.900000000000000e+00	7.727559e-01	8.555647e-03
5.000000000000000e+00	7.737604e-01	8.760861e-03
5.100000000000001e+00	7.747446e-01	8.966118e-03
5.200000000000000e+00	7.757094e-01	9.171415e-03
5.300000000000001e+00	7.766556e-01	9.376750e-03
5.400000000000000e+00	7.775840e-01	9.582123e-03
5.500000000000000e+00	7.784953e-01	9.787531e-03
5.600000000000001e+00	7.793902e-01	9.992972e-03
5.700000000000000e+00	7.802694e-01	1.019845e-02
5.800000000000001e+00	7.811336e-01	1.040395e-02
5.900000000000000e+00	7.819833e-01	1.060949e-02
6.000000000000000e+00	7.828190e-01	1.081505e-02
6.100000000000001e+00	7.836412e-01	1.102064e-02
6.200000000000000e+00	7.844506e-01	1.122626e-02
6.300000000000001e+00	7.852474e-01	1.143191e-02
6.400000000000000e+00	7.860323e-01	1.163758e-02
6.500000000000000e+00	7.868056e-01	1.184327e-02
6.600000000000001e+00	7.875676e-01	1.204899e-02
6.700000000000000e+00	7.883188e-01	1.225473e-02
6.800000000000001e+00	7.890595e-01	1.246049e-02
6.900000000000000e+00	7.897900e-01	1.266627e-02
7.000000000000000e+00	7.905107e-01	1.287208e-02
7.100000000000001e+00	7.912220e-01	1.307790e-02
7.200000000000000e+00	7.919239e-01	1.328374e-02
7.300000000000001e+00	7.926170e-01	1.348960e-02
7.400000000000000e+00	7.933015e-01	1.369548e-02
7.500000000000000e+00	7.939774e-01	1.390137e-02
7.600000000000001e+00	7.946452e-01	1.410729e-02
7.700000000000000e+00	7.953051e-01	1.431321e-02
7.800000000000001e+00	7.959573e-01	1.451916e-02
7.900000000000000e+00	7.966021e-01	1.472512e-02
8.000000000000000e+00	7.972395e-01	1.493110e-02
8.100000000000000e+00	7.978698e-01	1.513709e-02
8.200000000000001e+00	7.984933e-01	1.534309e-02
8.300000000000001e+00	7.991100e-01	1.554911e-02
8.400000000000000e+00	7.997202e-01	1.575514e-02
8.500000000000000e+00	8.003240e-01	1.596119e-02
8.600000000000000e+00	8.009216e-01	1.616724e-02
8.700000000000001e+00	8.015131e-01	1.637331e-02
8.800000000000001e+00	8.020988e-01	1.657940e-02
8.900000000000000e+00	8.026787e-01	1.678549e-02
9.000000000000000e+00	8.032530e-01	1.699160e-02
9.100000000000000e+00	8.038218e-01	1.719772e-02
9.200000000000001e+00	8.043852e-01	1.740384e-02
9.300000000000001e+00	8.049435e-01	1.760998e-02
9.400000000000000e+00	8.054966e-01	1.781613e-02
9.500000000000000e+00	8.060448e-01	1.802230e-02
9.600000000000001e+00	8.065880e-01	1.822847e-02
9.700000000000001e+00	8.071265e-01	1.843465e-02
9.800000000000001e+00	8.076603e-01	1.864084e-02
9.900000000000000e+00	8.081896e-01	1.884704e-02
1.000000000000000e+01	8.087144e-01	1.905324e-02
1.010000000000000e+01	8.092349e-01	1.925946e-02
1.020000000000000e+01	8.097510e-01	1.946569e-02
1.030000000000000e+01	8.102630e-01	1.967193e-02
1.040000000000000e+01	8.107709e-01	1.987817e-02
1.050000000000000e+01	8.112748e-01	2.008442e-02
1.060000000000000e+01	8.117747e-01	2.029068e-02
1.070000000000000e+01	8.122708e-01	2.049695e-02
1.080000000000000e+01	8.127632e-01	2.070323e-02
1.090000000000000e+01	8.132517e-01	2.090951e-02
1.100000000000000e+01	8.137367e-01	2.111580e-02
1.110000000000000e+01	8.142182e-01	2.132210e-02
1.120000000000000e+01	8.146961e-01	2.152841e-02
1.130000000000000e+01	8.151706e-01	2.173472e-02
1.140000000000000e+01	8.156418e-01	2.194104e-02
1.150000000000000e+01	8.161096e-01	2.214737e-02
1.160000000000000e+01	8.165742e-01	2.235370e-02
1.170000000000000e+01	8.170357e-01	2.256004e-02
1.180000000000000e+01	8.174940e-01	2.276639e-02
1.190000000000000e+01	8.179492e-01	2.297274e-02
1.200000000000000e+01	8.184015e-01	2.317910e-02
1.210000000000000e+01	8.188508e-01	2.338547e-02
1.220000000000000e+01	8.192971e-01	2.359184e-02
1.230000000000000e+01	8.197407e-01	2.379822e-02
1.240000000000000e+01	8.201814e-01	2.400460e-02
1.250000000000000e+01	8.206194e-01	2.421099e-02
1.260000000000000e+01	8.210546e-01	2.441738e-02
1.270000000000000e+01	8.214872e-01	2.462378e-02
1.280000000000000e+01	8.219172e-01	2.483019e-02
1.290000000000000e+01	8.223446e-01	2.503660e-02
1.300000000000000e+01	8.227695e-01	2.524302e-02
1.310000000000000e+01	8.231918e-01	2.544944e-02
1.320000000000000e+01	8.236117e-01	2.565586e-02
1.330000000000000e+01	8.240292e-01	2.586230e-02
1.340000000000000e+01	8.244444e-01	2.606873e-02
1.350000000000000e+01	8.248571e-01	2.627517e-02
1.360000000000000e+01	8.252676e-01	2.648162e-02
1.370000000000000e+01	8.256758e-01	2.668807e-02
1.380000000000000e+01	8.260818e-01	2.689452e-02
1.390000000000000e+01	8.264856e-01	2.710098e-02
1.400000000000000e+01	8.268871e-01	2.730745e-02
1.410000000000000e+01	8.272867e-01	2.751392e-02
1.420000000000000e+01	8.276840e-01	2.772039e-02
1.430000000000000e+01	8.280793e-01	2.792687e-02
1.440000000000000e+01	8.284726e-01	2.813335e-02
1.450000000000000e+01	8.288638e-01	2.833983e-02
1.460000000000000e+01	8.292531e-01	2.854632e-02
1.470000000000000e+01	8.296404e-01	2.875282e-02
1.480000000000000e+01	8.300258e-01	2.895932e-02
1.490000000000000e+01	8.304093e-01	2.916582e-02
1.500000000000000e+01	8.307909e-01	2.937232e-02
1.510000000000000e+01	8.311707e-01	2.957883e-02
1.520000000000000e+01	8.315487e-01	2.978535e-02
1.530000000000000e+01	8.319249e-01	2.999186e-02
1.540000000000000e+01	8.322992e-01	3.019838e-02
1.550000000000000e+01	8.326719e-01	3.040491e-02
1.560000000000000e+01	8.330428e-01	3.061144e-02
1.570000000000000e+01	8.334121e-01	3.081797e-02
1.580000000000000e+01	8.337796e-01	3.102450e-02
1.590000000000000e+01	8.341455e-01	3.123104e-02
1.600000000000000e+01	8.345098e-01	3.143758e-02
1.610000000000000e+01	8.348724e-01	3.164413e-02
1.620000000000000e+01	8.352335e-01	3.185068e-02
1.630000000000000e+01	8.355930e-01	3.205723e-02
1.640000000000000e+01	8.359509e-01	3.226378e-02
1.650000000000000e+01	8.363073e-01	3.247034e-02
1.660000000000000e+01	8.366622e-01	3.267690e-02
1.670000000000000e+01	8.370157e-01	3.288347e-02
1.680000000000000e+01	8.373676e-01	3.309003e-02
1.690000000000000e+01	8.377181e-01	3.329660e-02
1.700000000000000e+01	8.380671e-01	3.350318e-02
1.710000000000000e+01	8.384148e-01	3.370975e-02
1.720000000000000e+01	8.387610e-01	3.391633e-02
1.730000000000000e+01	8.391058e-01	3.412291e-02
1.740000000000000e+01	8.394493e-01	3.432950e-02
1.750000000000000e+01	8.397914e-01	3.453609e-02
1.760000000000000e+01	8.401322e-01	3.474268e-02
1.770000000000000e+01	8.404717e-01	3.494927e-02
1.780000000000000e+01	8.408098e-01	3.515587e-02
1.790000000000000e+01	8.411467e-01	3.536247e-02
1.800000000000000e+01	8.414823e-01	3.556907e-02
1.810000000000000e+01	8.418167e-01	3.577567e-02
1.820000000000000e+01	8.421497e-01	3.598228e-02
1.830000000000000e+01	8.424816e-01	3.618889e-02
1.840000000000000e+01	8.428122e-01	3.639550e-02
1.850000000000000e+01	8.431417e-01	3.660211e-02
1.860000000000000e+01	8.434699e-01	3.680873e-02
1.870000000000000e+01	8.437970e-01	3.701534e-02
1.880000000000000e+01	8.441229e-01	3.722197e-02
1.890000000000000e+01	8.444477e-01	3.742859e-02
1.900000000000000e+01	8.447713e-01	3.763522e-02
1.910000000000000e+01	8.450938e-01	3.784185e-02
1.920000000000000e+01	8.454152e-01	3.804848e-02
1.930000000000000e+01	8.457354e-01	3.825511e-02
1.940000000000000e+01	8.460546e-01	3.846174e-02
1.950000000000000e+01	8.463727e-01	3.866838e-02
1.960000000000000e+01	8.466898e-01	3.887502e-02
1.970000000000000e+01	8.470058e-01	3.908166e-02
1.980000000000000e+01	8.473207e-01	3.928831e-02
1.990000000000000e+01	8.476346e-01	3.949495e-02
2.000000000000000e+01	8.479475e-01	3.970160e-02
2.010000000000000e+01	8.482594e-01	3.990825e-02
2.020000000000000e+01	8.485703e-01	4.011491e-02
2.030000000000000e+01	8.488802e-01	4.032156e-02
2.040000000000000e+01	8.491890e-01	4.052822e-02
2.050000000000000e+01	8.494970e-01	4.073487e-02
2.060000000000000e+01	8.498040e-01	4.094153e-02
2.070000000000000e+01	8.501100e-01	4.114820e-02
2.080000000000000e+01	8.504151e-01	4.135486e-02
2.090000000000000e+01	8.507192e-01	4.156153e-02
2.100000000000000e+01	8.510224e-01	4.176820e-02
2.110000000000000e+01	8.513247e-01	4.197486e-02
2.120000000000000e+01	8.516262e-01	4.218154e-02
2.130000000000000e+01	8.519266e-01	4.238821e-02
2.140000000000000e+01	8.522263e-01	4.259489e-02
2.150000000000000e+01	8.525250e-01	4.280157e-02
2.160000000000000e+01	8.528229e-01	4.300825e-02
2.170000000000000e+01	8.531199e-01	4.321492e-02
2.180000000000000e+01	8.534160e-01	4.342161e-02
2.190000000000000e+01	8.537113e-01	4.362829e-02
2.200000000000000e+01	8.540058e-01	4.383498e-02
2.210000000000000e+01	8.542994e-01	4.404167e-02
2.220000000000000e+01	8.545923e-01	4.424836e-02
2.230000000000000e+01	8.548843e-01	4.445505e-02
2.240000000000000e+01	8.551754e-01	4.466174e-02
2.250000000000000e+01	8.554658e-01	4.486844e-02
2.260000000000000e+01	8.557554e-01	4.507513e-02
2.270000000000000e+01	8.560442e-01	4.528183e-02
2.280000000000000e+01	8.563322e-01	4.548853e-02
2.290000000000000e+01	8.566195e-01	4.569523e-02
2.300000000000000e+01	8.569060e-01	4.590194e-02
2.310000000000000e+01	8.571917e-01	4.610864e-02
2.320000000000000e+01	8.574768e-01	4.631535e-02
2.330000000000000e+01	8.577610e-01	4.652205e-02
2.340000000000000e+01	8.580445e-01	4.672876e-02
2.350000000000000e+01	8.583273e-01	4.693547e-02
2.360000000000000e+01	8.586093e-01	4.714219e-02
2.370000000000000e+01	8.588907e-01	4.734890e-02
2.380000000000000e+01	8.591713e-01	4.755561e-02
2.390000000000000e+01	8.594512e-01	4.776233e-02
2.400000000000000e+01	8.597304e-01	4.796905e-02
2.410000000000000e+01	8.600090e-01	4.817577e-02
2.420000000000000e+01	8.602868e-01	4.838249e-02
2.430000000000000e+01	8.605639e-01	4.858921e-02
2.440000000000000e+01	8.608404e-01	4.879593e-02
2.450000000000000e+01	8.611162e-01	4.900266e-02
2.460000000000000e+01	8.613913e-01	4.920939e-02
2.470000000000000e+01	8.616658e-01	4.941612e-02
2.480000000000000e+01	8.619396e-01	4.962284e-02
2.490000000000000e+01	8.622128e-01	4.982958e-02
2.500000000000000e+01	8.624853e-01	5.003631e-02
Step Information: Temp=25  (Step: 2/3)
0.000000000000000e+00	0.000000e+00	0.000000e+00
1.000000000000000e-01	9.999162e-02	1.737566e-08
2.000000000000000e-01	1.999145e-01	1.773031e-07
3.000000000000000e-01	2.992153e-01	1.626725e-06
4.000000000000000e-01	3.936045e-01	1.325759e-05
5.000000000000000e-01	4.672317e-01	6.792762e-05
6.000000000000001e-01	5.118073e-01	1.828206e-04
7.000000000000001e-01	5.390419e-01	3.336610e-04
8.000000000000000e-01	5.575197e-01	5.026541e-04
9.000000000000000e-01	5.715191e-01	6.809306e-04
1.000000000000000e+00	5.823185e-01	8.658405e-04
1.100000000000000e+00	5.912274e-01	1.054670e-03
1.200000000000000e+00	5.988266e-01	1.246214e-03
1.300000000000000e+00	6.054288e-01	1.439824e-03
1.400000000000000e+00	6.112583e-01	1.635037e-03
1.500000000000000e+00	6.164755e-01	1.831518e-03
1.600000000000000e+00	6.211962e-01	2.029029e-03
1.700000000000000e+00	6.255065e-01	2.227391e-03
1.800000000000000e+00	6.294724e-01	2.426467e-03
1.900000000000000e+00	6.331453e-01	2.626150e-03
2.000000000000000e+00	6.365658e-01	2.826356e-03
2.100000000000000e+00	6.397671e-01	3.027017e-03
2.200000000000000e+00	6.427759e-01	3.228077e-03
2.300000000000000e+00	6.456146e-01	3.429489e-03
2.400000000000000e+00	6.483020e-01	3.631215e-03
2.500000000000000e+00	6.508536e-01	3.833222e-03
2.600000000000000e+00	6.532831e-01	4.035483e-03
2.700000000000000e+00	6.556019e-01	4.237973e-03
2.800000000000000e+00	6.578200e-01	4.440672e-03
2.900000000000000e+00	6.599463e-01	4.643561e-03
3.000000000000000e+00	6.619882e-01	4.846625e-03
3.100000000000000e+00	6.639526e-01	5.049849e-03
3.200000000000000e+00	6.658453e-01	5.253223e-03
3.300000000000000e+00	6.676719e-01	5.456734e-03
3.400000000000000e+00	6.694368e-01	5.660371e-03
3.500000000000000e+00	6.711444e-01	5.864128e-03
3.600000000000000e+00	6.727985e-01	6.067996e-03
3.700000000000000e+00	6.744025e-01	6.271968e-03
3.800000000000000e+00	6.759597e-01	6.476037e-03
3.900000000000000e+00	6.774728e-01	6.680197e-03
4.000000000000000e+00	6.789445e-01	6.884444e-03
4.100000000000001e+00	6.803771e-01	7.088771e-03
4.200000000000000e+00	6.817728e-01	7.293174e-03
4.300000000000000e+00	6.831336e-01	7.497650e-03
4.400000000000000e+00	6.844614e-01	7.702195e-03
4.500000000000000e+00	6.857578e-01	7.906804e-03
4.600000000000001e+00	6.870244e-01	8.111475e-03
4.700000000000000e+00	6.882626e-01	8.316205e-03
4.800000000000001e+00	6.894740e-01	8.520991e-03
4.900000000000000e+00	6.906596e-01	8.725830e-03
5.000000000000000e+00	6.918207e-01	8.930719e-03
5.100000000000001e+00	6.929584e-01	9.135658e-03
5.200000000000000e+00	6.940737e-01	9.340643e-03
5.300000000000001e+00	6.951675e-01	9.545673e-03
5.400000000000000e+00	6.962408e-01	9.750744e-03
5.500000000000000e+00	6.972944e-01	9.955858e-03
5.600000000000001e+00	6.983290e-01	1.016101e-02
5.700000000000000e+00	6.993455e-01	1.036620e-02
5.800000000000001e+00	7.003445e-01	1.057142e-02
5.900000000000000e+00	7.013267e-01	1.077669e-02
6.000000000000000e+00	7.022928e-01	1.098198e-02
6.100000000000001e+00	7.032433e-01	1.118731e-02
6.200000000000000e+00	7.041787e-01	1.139266e-02
6.300000000000001e+00	7.050996e-01	1.159805e-02
6.400000000000000e+00	7.060065e-01	1.180347e-02
6.500000000000000e+00	7.069000e-01	1.200891e-02
6.600000000000001e+00	7.077804e-01	1.221439e-02
6.700000000000000e+00	7.086481e-01	1.241988e-02
6.800000000000001e+00	7.095036e-01	1.262541e-02
6.900000000000000e+00	7.103473e-01	1.283095e-02
7.000000000000000e+00	7.111796e-01	1.303653e-02
7.100000000000001e+00	7.120007e-01	1.324212e-02
7.200000000000000e+00	7.128111e-01	1.344774e-02
7.300000000000001e+00	7.136109e-01	1.365338e-02
7.400000000000000e+00	7.144008e-01	1.385904e-02
7.500000000000000e+00	7.151807e-01	1.406472e-02
7.600000000000001e+00	7.159511e-01	1.427042e-02
7.700000000000000e+00	7.167122e-01	1.447614e-02
7.800000000000001e+00	7.174643e-01	1.468187e-02
7.900000000000000e+00	7.182077e-01	1.488763e-02
8.000000000000000e+00	7.189424e-01	1.509340e-02
8.100000000000000e+00	7.196689e-01	1.529919e-02
8.200000000000001e+00	7.203873e-01	1.550500e-02
8.300000000000001e+00	7.210978e-01	1.571083e-02
8.400000000000000e+00	7.218007e-01	1.591667e-02
8.500000000000000e+00	7.224960e-01	1.612252e-02
8.600000000000000e+00	7.231841e-01	1.632839e-02
8.700000000000001e+00	7.238651e-01	1.653428e-02
8.800000000000001e+00	7.245391e-01	1.674018e-02
8.900000000000000e+00	7.252064e-01	1.694609e-02
9.000000000000000e+00	7.258670e-01	1.715202e-02
9.100000000000000e+00	7.265213e-01	1.735796e-02
9.200000000000001e+00	7.271692e-01	1.756391e-02
9.300000000000001e+00	7.278110e-01	1.776988e-02
9.400000000000000e+00	7.284467e-01	1.797586e-02
9.500000000000000e+00	7.290766e-01	1.818185e-02
9.600000000000001e+00	7.297008e-01	1.838785e-02
9.700000000000001e+00	7.303193e-01	1.859386e-02
9.800000000000001e+00	7.309324e-01	1.879989e-02
9.900000000000000e+00	7.315400e-01	1.900593e-02
1.000000000000000e+01	7.321424e-01	1.921198e-02
1.010000000000000e+01	7.327397e-01	1.941803e-02
1.020000000000000e+01	7.333319e-01	1.962410e-02
1.030000000000000e+01	7.339192e-01	1.983018e-02
1.040000000000000e+01	7.345017e-01	2.003627e-02
1.050000000000000e+01	7.350794e-01	2.024237e-02
1.060000000000000e+01	7.356525e-01	2.044848e-02
1.070000000000000e+01	7.362210e-01	2.065460e-02
1.080000000000000e+01	7.367851e-01	2.086073e-02
1.090000000000000e+01	7.373448e-01	2.106686e-02
1.100000000000000e+01	7.379002e-01	2.127301e-02
1.110000000000000e+01	7.384514e-01	2.147916e-02
1.120000000000000e+01	7.389985e-01	2.168533e-02
1.130000000000000e+01	7.395416e-01	2.189150e-02
1.140000000000000e+01	7.400807e-01	2.209768e-02
1.150000000000000e+01	7.406158e-01	2.230386e-02
1.160000000000000e+01	7.411472e-01	2.251006e-02
1.170000000000000e+01	7.416748e-01	2.271626e-02
1.180000000000000e+01	7.421986e-01	2.292247e-02
1.190000000000000e+01	7.427189e-01	2.312869e-02
1.200000000000000e+01	7.432356e-01	2.333492e-02
1.210000000000000e+01	7.437488e-01	2.354115e-02
1.220000000000000e+01	7.442586e-01	2.374739e-02
1.230000000000000e+01	7.447650e-01	2.395364e-02
1.240000000000000e+01	7.452682e-01	2.415989e-02
1.250000000000000e+01	7.457680e-01	2.436615e-02
1.260000000000000e+01	7.462646e-01	2.457242e-02
1.270000000000000e+01	7.467580e-01	2.477869e-02
1.280000000000000e+01	7.472484e-01	2.498497e-02
1.290000000000000e+01	7.477357e-01	2.519126e-02
1.300000000000000e+01	7.482200e-01	2.539755e-02
1.310000000000000e+01	7.487013e-01	2.560385e-02
1.320000000000000e+01	7.491797e-01	2.581016e-02
1.330000000000000e+01	7.496553e-01	2.601647e-02
1.340000000000000e+01	7.501280e-01	2.622279e-02
1.350000000000000e+01	7.505980e-01	2.642911e-02
1.360000000000000e+01	7.510653e-01	2.663544e-02
1.370000000000000e+01	7.515298e-01	2.684177e-02
1.380000000000000e+01	7.519917e-01	2.704811e-02
1.390000000000000e+01	7.524510e-01	2.725445e-02
1.400000000000000e+01	7.529078e-01	2.746080e-02
1.410000000000000e+01	7.533619e-01	2.766716e-02
1.420000000000000e+01	7.538136e-01	2.787352e-02
1.430000000000000e+01	7.542629e-01	2.807989e-02
1.440000000000000e+01	7.547097e-01	2.828626e-02
1.450000000000000e+01	7.551542e-01	2.849263e-02
1.460000000000000e+01	7.555963e-01	2.869901e-02
1.470000000000000e+01	7.560360e-01	2.890540e-02
1.480000000000000e+01	7.564735e-01	2.911179e-02
1.490000000000000e+01	7.569088e-01	2.931818e-02
1.500000000000000e+01	7.573418e-01	2.952458e-02
1.510000000000000e+01	7.577726e-01	2.973098e-02
1.520000000000000e+01	7.582013e-01	2.993739e-02
1.530000000000000e+01	7.586278e-01	3.014381e-02
1.540000000000000e+01	7.590523e-01	3.035022e-02
1.550000000000000e+01	7.594746e-01	3.055665e-02
1.560000000000000e+01	7.598950e-01	3.076307e-02
1.570000000000000e+01	7.603132e-01	3.096950e-02
1.580000000000000e+01	7.607296e-01	3.117593e-02
1.590000000000000e+01	7.611439e-01	3.138237e-02
1.600000000000000e+01	7.615563e-01	3.158882e-02
1.610000000000000e+01	7.619668e-01	3.179526e-02
1.620000000000000e+01	7.623754e-01	3.200171e-02
1.630000000000000e+01	7.627821e-01	3.220816e-02
1.640000000000000e+01	7.631870e-01	3.241462e-02
1.650000000000000e+01	7.635900e-01	3.262108e-02
1.660000000000000e+01	7.639914e-01	3.282755e-02
1.670000000000000e+01	7.643908e-01	3.303402e-02
1.680000000000000e+01	7.647886e-01	3.324049e-02
1.690000000000000e+01	7.651846e-01	3.344696e-02
1.700000000000000e+01	7.655789e-01	3.365344e-02
1.710000000000000e+01	7.659715e-01	3.385993e-02
1.720000000000000e+01	7.663625e-01	3.406641e-02
1.730000000000000e+01	7.667518e-01	3.427290e-02
1.740000000000000e+01	7.671394e-01	3.447939e-02
1.750000000000000e+01	7.675256e-01	3.468589e-02
1.760000000000000e+01	7.679100e-01	3.489239e-02
1.770000000000000e+01	7.682929e-01	3.509890e-02
1.780000000000000e+01	7.686743e-01	3.530540e-02
1.790000000000000e+01	7.690541e-01	3.551191e-02
1.800000000000000e+01	7.694324e-01	3.571842e-02
1.810000000000000e+01	7.698092e-01	3.592494e-02
1.820000000000000e+01	7.701846e-01	3.613146e-02
1.830000000000000e+01	7.705584e-01	3.633798e-02
1.840000000000000e+01	7.709308e-01	3.654451e-02
1.850000000000000e+01	7.713018e-01	3.675103e-02
1.860000000000000e+01	7.716714e-01	3.695756e-02
1.870000000000000e+01	7.720395e-01	3.716410e-02
1.880000000000000e+01	7.724063e-01	3.737063e-02
1.890000000000000e+01	7.727717e-01	3.757717e-02
1.900000000000000e+01	7.731358e-01	3.778372e-02
1.910000000000000e+01	7.734985e-01	3.799026e-02
1.920000000000000e+01	7.738599e-01	3.819681e-02
1.930000000000000e+01	7.742199e-01	3.840336e-02
1.940000000000000e+01	7.745788e-01	3.860991e-02
1.950000000000000e+01	7.749363e-01	3.881647e-02
1.960000000000000e+01	7.752925e-01	3.902303e-02
1.970000000000000e+01	7.756474e-01	3.922959e-02
1.980000000000000e+01	7.760012e-01	3.943615e-02
1.990000000000000e+01	7.763537e-01	3.964272e-02
2.000000000000000e+01	7.767049e-01	3.984929e-02
2.010000000000000e+01	7.770550e-01	4.005586e-02
2.020000000000000e+01	7.774039e-01	4.026243e-02
2.030000000000000e+01	7.777516e-01	4.046901e-02
2.040000000000000e+01	7.780981e-01	4.067558e-02
2.050000000000000e+01	7.784435e-01	4.088217e-02
2.060000000000000e+01	7.787877e-01	4.108875e-02
2.070000000000000e+01	7.791308e-01	4.129533e-02
2.080000000000000e+01	7.794728e-01	4.150192e-02
2.090000000000000e+01	7.798136e-01	4.170851e-02
2.100000000000000e+01	7.801534e-01	4.191510e-02
2.110000000000000e+01	7.804920e-01	4.212170e-02
2.120000000000000e+01	7.808296e-01	4.232830e-02
2.130000000000000e+01	7.811661e-01	4.253490e-02
2.140000000000000e+01	7.815016e-01	4.274150e-02
2.150000000000000e+01	7.818360e-01	4.294810e-02
2.160000000000000e+01	7.821694e-01	4.315471e-02
2.170000000000000e+01	7.825018e-01	4.336131e-02
2.180000000000000e+01	7.828330e-01	4.356793e-02
2.190000000000000e+01	7.831634e-01	4.377454e-02
2.200000000000000e+01	7.834927e-01	4.398115e-02
2.210000000000000e+01	7.838210e-01	4.418777e-02
2.220000000000000e+01	7.841484e-01	4.439439e-02
2.230000000000000e+01	7.844747e-01	4.460100e-02
2.240000000000000e+01	7.848002e-01	4.480763e-02
2.250000000000000e+01	7.851246e-01	4.501425e-02
2.260000000000000e+01	7.854481e-01	4.522088e-02
2.270000000000000e+01	7.857707e-01	4.542751e-02
2.280000000000000e+01	7.860923e-01	4.563414e-02
2.290000000000000e+01	7.864131e-01	4.584077e-02
2.300000000000000e+01	7.867329e-01	4.604740e-02
2.310000000000000e+01	7.870518e-01	4.625404e-02
2.320000000000000e+01	7.873698e-01	4.646068e-02
2.330000000000000e+01	7.876869e-01	4.666732e-02
2.340000000000000e+01	7.880032e-01	4.687396e-02
2.350000000000000e+01	7.883186e-01	4.708060e-02
2.360000000000000e+01	7.886331e-01	4.728724e-02
2.370000000000000e+01	7.889467e-01	4.749389e-02
2.380000000000000e+01	7.892596e-01	4.770054e-02
2.390000000000000e+01	7.895715e-01	4.790719e-02
2.400000000000000e+01	7.898827e-01	4.811384e-02
2.410000000000000e+01	7.901930e-01	4.832049e-02
2.420000000000000e+01	7.905024e-01	4.852715e-02
2.430000000000000e+01	7.908111e-01	4.873381e-02
2.440000000000000e+01	7.911190e-01	4.894046e-02
2.450000000000000e+01	7.914261e-01	4.914713e-02
2.460000000000000e+01	7.917323e-01	4.935379e-02
2.470000000000000e+01	7.920378e-01	4.956045e-02
2.480000000000000e+01	7.923425e-01	4.976712e-02
2.490000000000000e+01	7.926464e-01	4.997379e-02
2.500000000000000e+01	7.929496e-01	5.018045e-02
Step Information: Temp=75  (Step: 3/3)
0.000000000000000e+00	0.000000e+00	0.000000e+00
1.000000000000000e-01	9.973977e-02	5.394490e-07
2.000000000000000e-01	1.980594e-01	4.022856e-06
3.000000000000000e-01	2.888657e-01	2.308113e-05
4.000000000000000e-01	3.582522e-01	8.654191e-05
5.000000000000000e-01	4.028015e-01	2.014895e-04
6.000000000000001e-01	4.316402e-01	3.490046e-04
7.000000000000001e-01	4.520513e-01	5.139899e-04
8.000000000000000e-01	4.677529e-01	6.887377e-04
9.000000000000000e-01	4.800569e-01	8.705288e-04
1.000000000000000e+00	4.902734e-01	1.056647e-03
1.100000000000000e+00	4.990154e-01	1.245822e-03
1.200000000000000e+00	5.066308e-01	1.437332e-03
1.300000000000000e+00	5.133685e-01	1.630662e-03
1.400000000000000e+00	5.194070e-01	1.825441e-03
1.500000000000000e+00	5.248762e-01	2.021401e-03
1.600000000000000e+00	5.298734e-01	2.218339e-03
1.700000000000000e+00	5.344735e-01	2.416100e-03
1.800000000000000e+00	5.387351e-01	2.614562e-03
1.900000000000000e+00	5.427047e-01	2.813630e-03
2.000000000000000e+00	5.464202e-01	3.013225e-03
2.100000000000000e+00	5.499123e-01	3.213283e-03
2.200000000000000e+00	5.532070e-01	3.413750e-03
2.300000000000000e+00	5.563256e-01	3.614582e-03
2.400000000000000e+00	5.592864e-01	3.815741e-03
2.500000000000000e+00	5.621051e-01	4.017195e-03
2.600000000000000e+00	5.647948e-01	4.218916e-03
2.700000000000000e+00	5.673673e-01	4.420881e-03
2.800000000000000e+00	5.698326e-01	4.623067e-03
2.900000000000000e+00	5.721996e-01	4.825457e-03
3.000000000000000e+00	5.744762e-01	5.028035e-03
3.100000000000000e+00	5.766692e-01	5.230785e-03
3.200000000000000e+00	5.787848e-01	5.433696e-03
3.300000000000000e+00	5.808286e-01	5.636757e-03
3.400000000000000e+00	5.828054e-01	5.839956e-03
3.500000000000000e+00	5.847198e-01	6.043284e-03
3.600000000000000e+00	5.865757e-01	6.246733e-03
3.700000000000000e+00	5.883768e-01	6.450297e-03
3.800000000000000e+00	5.901265e-01	6.653967e-03
3.900000000000000e+00	5.918277e-01	6.857737e-03
4.000000000000000e+00	5.934833e-01	7.061602e-03
4.100000000000001e+00	5.950957e-01	7.265556e-03
4.200000000000000e+00	5.966673e-01	7.469595e-03
4.300000000000000e+00	5.982003e-01	7.673714e-03
4.400000000000000e+00	5.996967e-01	7.877909e-03
4.500000000000000e+00	6.011582e-01	8.082177e-03
4.600000000000001e+00	6.025866e-01	8.286512e-03
4.700000000000000e+00	6.039835e-01	8.490914e-03
4.800000000000001e+00	6.053503e-01	8.695377e-03
4.900000000000000e+00	6.066885e-01	8.899899e-03
5.000000000000000e+00	6.079993e-01	9.104479e-03
5.100000000000001e+00	6.092837e-01	9.309113e-03
5.200000000000000e+00	6.105433e-01	9.513799e-03
5.300000000000001e+00	6.117786e-01	9.718535e-03
5.400000000000000e+00	6.129910e-01	9.923318e-03
5.500000000000000e+00	6.141812e-01	1.012815e-02
5.600000000000001e+00	6.153502e-01	1.033302e-02
5.700000000000000e+00	6.164988e-01	1.053794e-02
5.800000000000001e+00	6.176277e-01	1.074289e-02
5.900000000000000e+00	6.187376e-01	1.094789e-02
6.000000000000000e+00	6.198294e-01	1.115292e-02
6.100000000000001e+00	6.209036e-01	1.135799e-02
6.200000000000000e+00	6.219608e-01	1.156310e-02
6.300000000000001e+00	6.230016e-01	1.176824e-02
6.400000000000000e+00	6.240266e-01	1.197341e-02
6.500000000000000e+00	6.250364e-01	1.217861e-02
6.600000000000001e+00	6.260313e-01	1.238385e-02
6.700000000000000e+00	6.270120e-01	1.258911e-02
6.800000000000001e+00	6.279788e-01	1.279441e-02
6.900000000000000e+00	6.289322e-01	1.299973e-02
7.000000000000000e+00	6.298727e-01	1.320507e-02
7.100000000000001e+00	6.308005e-01	1.341045e-02
7.200000000000000e+00	6.317161e-01	1.361585e-02
7.300000000000001e+00	6.326199e-01	1.382127e-02
7.400000000000000e+00	6.335121e-01	1.402672e-02
7.500000000000000e+00	6.343932e-01	1.423219e-02
7.600000000000001e+00	6.352634e-01	1.443768e-02
7.700000000000000e+00	6.361231e-01	1.464319e-02
7.800000000000001e+00	6.369725e-01	1.484873e-02
7.900000000000000e+00	6.378118e-01	1.505429e-02
8.000000000000000e+00	6.386415e-01	1.525986e-02
8.100000000000000e+00	6.394618e-01	1.546546e-02
8.200000000000001e+00	6.402727e-01	1.567108e-02
8.300000000000001e+00	6.410748e-01	1.587671e-02
8.400000000000000e+00	6.418681e-01	1.608236e-02
8.500000000000000e+00	6.426528e-01	1.628803e-02
8.600000000000000e+00	6.434292e-01	1.649372e-02
8.700000000000001e+00	6.441976e-01	1.669942e-02
8.800000000000001e+00	6.449580e-01	1.690515e-02
8.900000000000000e+00	6.457106e-01	1.711088e-02
9.000000000000000e+00	6.464558e-01	1.731663e-02
9.100000000000000e+00	6.471936e-01	1.752240e-02
9.200000000000001e+00	6.479241e-01	1.772818e-02
9.300000000000001e+00	6.486477e-01	1.793398e-02
9.400000000000000e+00	6.493644e-01	1.813979e-02
9.500000000000000e+00	6.500743e-01	1.834562e-02
9.600000000000001e+00	6.507777e-01	1.855146e-02
9.700000000000001e+00	6.514747e-01	1.875731e-02
9.800000000000001e+00	6.521653e-01	1.896317e-02
9.900000000000000e+00	6.528498e-01	1.916905e-02
1.000000000000000e+01	6.535283e-01	1.937494e-02
1.010000000000000e+01	6.542009e-01	1.958084e-02
1.020000000000000e+01	6.548677e-01	1.978676e-02
1.030000000000000e+01	6.555289e-01	1.999268e-02
1.040000000000000e+01	6.561845e-01	2.019862e-02
1.050000000000000e+01	6.568347e-01	2.040457e-02
1.060000000000000e+01	6.574796e-01	2.061053e-02
1.070000000000000e+01	6.581193e-01	2.081650e-02
1.080000000000000e+01	6.587538e-01	2.102248e-02
1.090000000000000e+01	6.593833e-01	2.122848e-02
1.100000000000000e+01	6.600080e-01	2.143448e-02
1.110000000000000e+01	6.606277e-01	2.164049e-02
1.120000000000000e+01	6.612428e-01	2.184651e-02
1.130000000000000e+01	6.618532e-01	2.205254e-02
1.140000000000000e+01	6.624590e-01	2.225858e-02
1.150000000000000e+01	6.630604e-01	2.246463e-02
1.160000000000000e+01	6.636574e-01	2.267069e-02
1.170000000000000e+01	6.642500e-01	2.287676e-02
1.180000000000000e+01	6.648384e-01	2.308284e-02
1.190000000000000e+01	6.654227e-01	2.328892e-02
1.200000000000000e+01	6.660029e-01	2.349502e-02
1.210000000000000e+01	6.665790e-01	2.370112e-02
1.220000000000000e+01	6.671512e-01	2.390723e-02
1.230000000000000e+01	6.677195e-01	2.411335e-02
1.240000000000000e+01	6.682840e-01	2.431948e-02
1.250000000000000e+01	6.688447e-01	2.452561e-02
1.260000000000000e+01	6.694018e-01	2.473175e-02
1.270000000000000e+01	6.699551e-01	2.493790e-02
1.280000000000000e+01	6.705050e-01	2.514406e-02
1.290000000000000e+01	6.710513e-01	2.535023e-02
1.300000000000000e+01	6.715941e-01	2.555640e-02
1.310000000000000e+01	6.721336e-01	2.576257e-02
1.320000000000000e+01	6.726697e-01	2.596876e-02
1.330000000000000e+01	6.732025e-01	2.617495e-02
1.340000000000000e+01	6.737321e-01	2.638115e-02
1.350000000000000e+01	6.742585e-01	2.658736e-02
1.360000000000000e+01	6.747817e-01	2.679357e-02
1.370000000000000e+01	6.753018e-01	2.699979e-02
1.380000000000000e+01	6.758189e-01	2.720601e-02
1.390000000000000e+01	6.763330e-01	2.741225e-02
1.400000000000000e+01	6.768441e-01	2.761848e-02
1.410000000000000e+01	6.773523e-01	2.782473e-02
1.420000000000000e+01	6.778576e-01	2.803097e-02
1.430000000000000e+01	6.783601e-01	2.823723e-02
1.440000000000000e+01	6.788598e-01	2.844349e-02
1.450000000000000e+01	6.793568e-01	2.864976e-02
1.460000000000000e+01	6.798511e-01	2.885603e-02
1.470000000000000e+01	6.803426e-01	2.906231e-02
1.480000000000000e+01	6.808316e-01	2.926859e-02
1.490000000000000e+01	6.813179e-01	2.947488e-02
1.500000000000000e+01	6.818017e-01	2.968117e-02
1.510000000000000e+01	6.822829e-01	2.988747e-02
1.520000000000000e+01	6.827617e-01	3.009378e-02
1.530000000000000e+01	6.832380e-01	3.030009e-02
1.540000000000000e+01	6.837118e-01	3.050640e-02
1.550000000000000e+01	6.841833e-01	3.071272e-02
1.560000000000000e+01	6.846524e-01	3.091905e-02
1.570000000000000e+01	6.851192e-01	3.112537e-02
1.580000000000000e+01	6.855837e-01	3.133171e-02
1.590000000000000e+01	6.860459e-01	3.153805e-02
1.600000000000000e+01	6.865059e-01	3.174439e-02
1.610000000000000e+01	6.869637e-01	3.195074e-02
1.620000000000000e+01	6.874192e-01	3.215709e-02
1.630000000000000e+01	6.878726e-01	3.236345e-02
1.640000000000000e+01	6.883240e-01	3.256981e-02
1.650000000000000e+01	6.887732e-01	3.277617e-02
1.660000000000000e+01	6.892203e-01	3.298254e-02
1.670000000000000e+01	6.896654e-01	3.318892e-02
1.680000000000000e+01	6.901085e-01	3.339530e-02
1.690000000000000e+01	6.905495e-01	3.360168e-02
1.700000000000000e+01	6.909886e-01	3.380807e-02
1.710000000000000e+01	6.914257e-01	3.401446e-02
1.720000000000000e+01	6.918609e-01	3.422085e-02
1.730000000000000e+01	6.922942e-01	3.442725e-02
1.740000000000000e+01	6.927257e-01	3.463366e-02
1.750000000000000e+01	6.931552e-01	3.484006e-02
1.760000000000000e+01	6.935830e-01	3.504647e-02
1.770000000000000e+01	6.940089e-01	3.525288e-02
1.780000000000000e+01	6.944330e-01	3.545930e-02
1.790000000000000e+01	6.948553e-01	3.566572e-02
1.800000000000000e+01	6.952759e-01	3.587215e-02
1.810000000000000e+01	6.956947e-01	3.607858e-02
1.820000000000000e+01	6.961119e-01	3.628501e-02
1.830000000000000e+01	6.965274e-01	3.649144e-02
1.840000000000000e+01	6.969411e-01	3.669788e-02
1.850000000000000e+01	6.973532e-01	3.690433e-02
1.860000000000000e+01	6.977637e-01	3.711077e-02
1.870000000000000e+01	6.981726e-01	3.731722e-02
1.880000000000000e+01	6.985798e-01	3.752367e-02
1.890000000000000e+01	6.989855e-01	3.773013e-02
1.900000000000000e+01	6.993896e-01	3.793659e-02
1.910000000000000e+01	6.997921e-01	3.814305e-02
1.920000000000000e+01	7.001932e-01	3.834952e-02
1.930000000000000e+01	7.005927e-01	3.855598e-02
1.940000000000000e+01	7.009907e-01	3.876246e-02
1.950000000000000e+01	7.013872e-01	3.896893e-02
1.960000000000000e+01	7.017823e-01	3.917541e-02
1.970000000000000e+01	7.021759e-01	3.938189e-02
1.980000000000000e+01	7.025680e-01	3.958837e-02
1.990000000000000e+01	7.029588e-01	3.979486e-02
2.000000000000000e+01	7.033480e-01	4.000135e-02
2.010000000000000e+01	7.037359e-01	4.020784e-02
2.020000000000000e+01	7.041225e-01	4.041434e-02
2.030000000000000e+01	7.045077e-01	4.062084e-02
2.040000000000000e+01	7.048915e-01	4.082734e-02
2.050000000000000e+01	7.052740e-01	4.103384e-02
2.060000000000000e+01	7.056552e-01	4.124035e-02
2.070000000000000e+01	7.060350e-01	4.144686e-02
2.080000000000000e+01	7.064136e-01	4.165337e-02
2.090000000000000e+01	7.067908e-01	4.185989e-02
2.100000000000000e+01	7.071668e-01	4.206640e-02
2.110000000000000e+01	7.075415e-01	4.227293e-02
2.120000000000000e+01	7.079149e-01	4.247945e-02
2.130000000000000e+01	7.082872e-01	4.268597e-02
2.140000000000000e+01	7.086582e-01	4.289250e-02
2.150000000000000e+01	7.090280e-01	4.309903e-02
2.160000000000000e+01	7.093966e-01	4.330556e-02
2.170000000000000e+01	7.097640e-01	4.351210e-02
2.180000000000000e+01	7.101302e-01	4.371864e-02
2.190000000000000e+01	7.104952e-01	4.392518e-02
2.200000000000000e+01	7.108591e-01	4.413172e-02
2.210000000000000e+01	7.112219e-01	4.433826e-02
2.220000000000000e+01	7.115835e-01	4.454481e-02
2.230000000000000e+01	7.119440e-01	4.475136e-02
2.240000000000000e+01	7.123033e-01	4.495791e-02
2.250000000000000e+01	7.126616e-01	4.516447e-02
2.260000000000000e+01	7.130188e-01	4.537102e-02
2.270000000000000e+01	7.133749e-01	4.557758e-02
2.280000000000000e+01	7.137299e-01	4.578414e-02
2.290000000000000e+01	7.140838e-01	4.599071e-02
2.300000000000000e+01	7.144367e-01	4.619727e-02
2.310000000000000e+01	7.147885e-01	4.640384e-02
2.320000000000000e+01	7.151393e-01	4.661041e-02
2.330000000000000e+01	7.154891e-01	4.681698e-02
2.340000000000000e+01	7.158378e-01	4.702355e-02
2.350000000000000e+01	7.161856e-01	4.723013e-02
2.360000000000000e+01	7.165323e-01	4.743671e-02
2.370000000000000e+01	7.168781e-01	4.764329e-02
2.380000000000000e+01	7.172228e-01	4.784987e-02
2.390000000000000e+01	7.175665e-01	4.805645e-02
2.400000000000000e+01	7.179094e-01	4.826304e-02
2.410000000000000e+01	7.182512e-01	4.846963e-02
2.420000000000000e+01	7.185921e-01	4.867622e-02
2.430000000000000e+01	7.189321e-01	4.888281e-02
2.440000000000000e+01	7.192711e-01	4.908941e-02
2.450000000000000e+01	7.196092e-01	4.929600e-02
2.460000000000000e+01	7.199464e-01	4.950260e-02
2.470000000000000e+01	7.202826e-01	4.970920e-02
2.480000000000000e+01	7.206180e-01	4.991580e-02
2.490000000000000e+01	7.209525e-01	5.012240e-02
2.500000000000000e+01	7.212860e-01	5.032901e-02
