time	V(v_out)
0.000000000000000e+00	0.000000e+00
9.765624975344167e-10	6.174975e-11
1.953124995068833e-09	1.236058e-10
3.906249990137667e-09	2.473190e-10
7.812499980275334e-09	4.947649e-10
1.562499996055067e-08	9.897348e-10
3.124999992110133e-08	1.979986e-09
6.249999984220267e-08	3.961723e-09
1.249999996844053e-07	7.930044e-09
2.499999993688107e-07	1.588538e-08
4.999999987376214e-07	3.186553e-08
9.999999974752427e-07	6.406569e-08
1.999999994950485e-06	1.291771e-07
3.999999989900971e-06	2.609055e-07
6.591589963914053e-06	4.326285e-07
9.307309625389236e-06	6.119812e-07
1.186410635172574e-05	7.794188e-07
1.428408374292839e-05	9.363413e-07
1.656388633195043e-05	1.082713e-06
1.876503129815430e-05	1.222663e-06
2.090896833105179e-05	1.357651e-06
2.302650371884927e-05	1.489625e-06
2.512990326342196e-05	1.619230e-06
2.723513881584833e-05	1.747119e-06
2.935538321540443e-05	1.873361e-06
3.151501630383364e-05	1.997906e-06
3.375865770233949e-05	2.120364e-06
3.617790549142624e-05	2.240190e-06
3.899823590885953e-05	2.358277e-06
4.286353792521639e-05	2.480339e-06
4.658608525527585e-05	2.563939e-06
5.079294113495108e-05	2.635382e-06
5.663376907216864e-05	2.716658e-06
6.350916894177988e-05	2.803005e-06
7.107520064236712e-05	2.895088e-06
8.188356190416668e-05	3.025395e-06
1.025358263664025e-04	3.271936e-06
1.423414825253995e-04	3.737543e-06
2.199434475863112e-04	4.575054e-06
2.537164814048280e-04	4.857782e-06
2.710514033273441e-04	4.957528e-06
2.935231319501482e-04	4.993008e-06
3.011265056069428e-04	4.975282e-06
3.091263940939292e-04	4.937474e-06
3.170384704248246e-04	4.879776e-06
3.250554324917107e-04	4.799656e-06
3.352820195774052e-04	4.662259e-06
3.498827246491262e-04	4.326599e-06
3.598027969324271e-04	3.563905e-06
3.660534532984531e-04	1.650773e-06
3.701534116462033e-04	-2.068712e-06
3.731815518203811e-04	-8.361198e-06
3.761076150235317e-04	-2.121721e-05
3.788983909593002e-04	-4.674872e-05
3.817160404822068e-04	-1.007007e-04
3.844902322606283e-04	-2.125015e-04
3.872661951538487e-04	-4.487101e-04
3.900178298141679e-04	-9.414663e-04
3.927803004828689e-04	-1.970778e-03
3.955811585856183e-04	-4.087305e-03
3.985182498610996e-04	-8.390172e-03
4.017803165109838e-04	-1.699582e-02
4.059218763335023e-04	-3.483710e-02
4.103721032380750e-04	-6.144229e-02
4.149490636112047e-04	-9.401682e-02
4.228674633778298e-04	-1.562456e-01
4.307366383671275e-04	-2.216928e-01
4.401539300397357e-04	-3.024188e-01
4.528214203176694e-04	-4.142154e-01
4.781564008735367e-04	-6.459507e-01
5.288263619852713e-04	-1.120987e+00
6.032653527142798e-04	-1.762337e+00
6.629264840957146e-04	-2.148426e+00
7.147727999745013e-04	-2.348791e+00
7.517264178474288e-04	-2.412902e+00
7.678111368999848e-04	-2.423289e+00
7.795931702553503e-04	-2.426763e+00
7.933274943673786e-04	-2.428398e+00
8.026251402547311e-04	-2.428736e+00
8.116719860987392e-04	-2.428848e+00
8.206861998800205e-04	-2.428881e+00
8.304824800974706e-04	-2.428889e+00
8.440534931434430e-04	-2.428891e+00
8.663875315597412e-04	-2.428890e+00
9.110556083923377e-04	-2.428888e+00
1.000391762057531e-03	-2.428883e+00
1.023766508404902e-03	-2.428882e+00
1.040891121969597e-03	-2.428881e+00
1.051637476631033e-03	-2.428881e+00
1.057030159040359e-03	-2.428881e+00
1.063500391849462e-03	-2.428881e+00
1.069976336478576e-03	-2.428881e+00
1.079083821196641e-03	-2.428881e+00
1.092622654394965e-03	-2.428881e+00
1.106756329219463e-03	-2.428880e+00
1.129163676062746e-03	-2.428880e+00
1.154959911469100e-03	-2.428880e+00
1.190815564690916e-03	-2.428879e+00
1.242151089254880e-03	-2.428879e+00
1.262080706547887e-03	-2.428879e+00
1.284663951479089e-03	-2.428879e+00
1.321272166699840e-03	-2.428879e+00
1.368198375248855e-03	-2.428879e+00
1.413257890962713e-03	-2.428880e+00
1.503376922390429e-03	-2.428883e+00
1.538897439748760e-03	-2.469823e+00
1.560558299095441e-03	-2.619901e+00
1.568989305805628e-03	-2.698765e+00
1.574802420135272e-03	-2.748363e+00
1.581296910969781e-03	-2.803143e+00
1.590036611959672e-03	-2.874490e+00
1.598348875764396e-03	-2.940604e+00
1.609444969626042e-03	-3.024861e+00
1.623069977274433e-03	-3.122603e+00
1.640526472952432e-03	-3.236676e+00
1.666450945146971e-03	-3.381621e+00
1.705842313910535e-03	-3.539578e+00
1.748232808953995e-03	-3.624644e+00
1.764343145019693e-03	-3.636925e+00
1.788343014853273e-03	-3.643881e+00
1.827202268052940e-03	-3.645692e+00
1.888829841220676e-03	-3.645707e+00
1.980410432362314e-03	-3.645703e+00
2.078066682362314e-03	-3.645698e+00
2.137225174253049e-03	-3.645696e+00
2.170322170454648e-03	-3.645696e+00
2.202579826710399e-03	-3.645695e+00
2.235917399124900e-03	-3.645695e+00
2.259754216590591e-03	-3.645695e+00
2.280879135579609e-03	-3.645695e+00
2.315159571467463e-03	-3.645695e+00
2.369966356202173e-03	-3.645695e+00
2.429437943170754e-03	-3.645696e+00
2.527094193170754e-03	-3.645699e+00
2.624750443170754e-03	-3.769866e+00
2.710571909495074e-03	-4.141267e+00
2.750092686434013e-03	-4.260046e+00
2.765150923034757e-03	-4.264621e+00
2.785800374925885e-03	-4.267631e+00
2.804894223356523e-03	-4.268276e+00
2.843081920217799e-03	-4.268437e+00
2.913289431648720e-03	-4.268425e+00
3.010945681648720e-03	-4.268419e+00
3.108601931648720e-03	-4.268415e+00
3.201210209728683e-03	-4.268413e+00
3.246387842054716e-03	-4.268413e+00
3.263657232987957e-03	-4.268412e+00
3.287227798262018e-03	-4.268412e+00
3.325405996745837e-03	-4.268412e+00
3.386032190317096e-03	-4.268413e+00
3.472622671083263e-03	-4.268414e+00
3.570278921083264e-03	-4.268417e+00
3.667935171083264e-03	-4.342597e+00
3.732243346526828e-03	-4.505624e+00
3.758377049574394e-03	-4.556020e+00
3.773426974418555e-03	-4.562878e+00
3.787810854229303e-03	-4.565506e+00
3.803089118032718e-03	-4.566323e+00
3.833645645639548e-03	-4.566604e+00
3.878004003740533e-03	-4.566591e+00
3.958201026962369e-03	-4.566586e+00
4.055857276962368e-03	-4.566582e+00
4.153513526962368e-03	-4.566578e+00
4.225491877482879e-03	-4.566576e+00
4.255829999014997e-03	-4.566576e+00
4.274492276277874e-03	-4.566576e+00
4.304421913358940e-03	-4.566576e+00
4.352953733574501e-03	-4.566576e+00
4.415508727568193e-03	-4.566577e+00
4.513164977568192e-03	-4.566579e+00
4.610821227568192e-03	-4.566582e+00
4.702542621571095e-03	-4.624399e+00
4.746921056976985e-03	-4.684896e+00
4.763855493267295e-03	-4.701692e+00
4.787550164109438e-03	-4.709944e+00
4.808970560202391e-03	-4.711166e+00
4.849354919218314e-03	-4.711370e+00
4.895796779399599e-03	-4.711363e+00
4.988680499762166e-03	-4.711358e+00
5.086336749762166e-03	-4.711354e+00
5.183992999762166e-03	-4.711350e+00
5.239287668872250e-03	-4.711349e+00
5.261013344111813e-03	-4.711349e+00
5.282927710994109e-03	-4.711349e+00
5.310471989852499e-03	-4.711349e+00
5.362560017325516e-03	-4.711349e+00
5.418437991368551e-03	-4.711350e+00
5.516094241368551e-03	-4.711352e+00
5.613750491368551e-03	-4.711355e+00
5.704278470251105e-03	-4.730411e+00
5.747612642297446e-03	-4.764778e+00
5.764112607129674e-03	-4.777838e+00
5.787968204166896e-03	-4.785043e+00
5.813877684807243e-03	-4.786299e+00
5.865696646087938e-03	-4.786423e+00
5.925753268152304e-03	-4.786418e+00
6.023409518152304e-03	-4.786413e+00
6.121065768152303e-03	-4.786409e+00
6.208502598494378e-03	-4.786407e+00
6.249281759820826e-03	-4.786406e+00
6.264733041903126e-03	-4.786406e+00
6.288976869768058e-03	-4.786406e+00
6.316590962688246e-03	-4.786406e+00
6.371819148528623e-03	-4.786406e+00
6.435978578459367e-03	-4.786407e+00
6.533634828459366e-03	-4.786409e+00
6.631291078459366e-03	-4.786404e+00
6.714152197625578e-03	-4.801065e+00
6.751486070850852e-03	-4.820640e+00
6.767419783136741e-03	-4.828470e+00
6.793343115490857e-03	-4.833355e+00
6.826953730042635e-03	-4.834134e+00
6.888443100199885e-03	-4.834147e+00
6.974497992596268e-03	-4.834143e+00
7.072154242596267e-03	-4.834138e+00
7.169810492596267e-03	-4.834135e+00
7.233090168555002e-03	-4.834133e+00
7.258694950586867e-03	-4.834133e+00
7.279155431943673e-03	-4.834133e+00
7.312372043666197e-03	-4.834133e+00
7.350204977086685e-03	-4.834133e+00
7.424087647567268e-03	-4.834134e+00
7.521743897567268e-03	-4.834136e+00
7.619400147567268e-03	-4.834138e+00
7.707554496648847e-03	-4.840353e+00
7.748908772443238e-03	-4.855822e+00
7.764594405566415e-03	-4.862737e+00
7.788751495115175e-03	-4.867336e+00
7.826375908562536e-03	-4.868533e+00
7.887543535467634e-03	-4.868545e+00
7.977937361312712e-03	-4.868540e+00
8.075593611312711e-03	-4.868536e+00
8.173249861312711e-03	-4.868532e+00
8.234625937185148e-03	-4.868531e+00
8.259270729833273e-03	-4.868531e+00
8.280092407690025e-03	-4.868531e+00
8.313887569022824e-03	-4.868530e+00
8.358699146318999e-03	-4.868531e+00
8.436809643760972e-03	-4.868532e+00
8.534465893760971e-03	-4.868534e+00
8.632122143760971e-03	-4.868533e+00
8.714598804107514e-03	-4.875290e+00
8.751659066618109e-03	-4.886405e+00
8.767701470039028e-03	-4.891492e+00
8.793800715214625e-03	-4.894845e+00
8.835975427756153e-03	-4.895532e+00
8.902406140998975e-03	-4.895531e+00
8.999187188530646e-03	-4.895526e+00
9.096843438530646e-03	-4.895521e+00
9.193894920200363e-03	-4.895518e+00
9.243421183576564e-03	-4.895517e+00
9.262553598796566e-03	-4.895517e+00
9.285433081225588e-03	-4.895517e+00
9.322512883873145e-03	-4.895517e+00
9.378937851145793e-03	-4.895517e+00
9.466376249244436e-03	-4.895519e+00
9.564032499244436e-03	-4.895521e+00
9.661688749244435e-03	-4.895529e+00
9.729372536116890e-03	-4.904388e+00
9.757296899485251e-03	-4.911977e+00
9.776880070603280e-03	-4.915683e+00
9.808689138161093e-03	-4.917442e+00
9.857334237076777e-03	-4.917555e+00
9.934777185490552e-03	-4.917546e+00
1.003243343549055e-02	-4.917541e+00
1.013008968549055e-02	-4.917537e+00
1.021350330706521e-02	-4.917535e+00
1.025123440513898e-02	-4.917534e+00
1.026700999698615e-02	-4.917534e+00
1.029267735788589e-02	-4.917534e+00
1.033417213409854e-02	-4.917534e+00
1.039962786246331e-02	-4.917534e+00
1.049539190438963e-02	-4.917536e+00
1.059304815438963e-02	-4.917539e+00
1.069070440438963e-02	-4.917948e+00
1.074210499036681e-02	-4.926038e+00
1.076206353702299e-02	-4.930979e+00
1.078463602504248e-02	-4.933854e+00
1.082122710777053e-02	-4.934865e+00
1.087950139929420e-02	-4.934883e+00
1.096718344970610e-02	-4.934878e+00
1.106483969970610e-02	-4.934874e+00
1.116249594970610e-02	-4.934870e+00
1.122974797602317e-02	-4.934868e+00
1.125743838628746e-02	-4.934868e+00
1.127711036094537e-02	-4.934868e+00
1.130906204774921e-02	-4.934868e+00
1.136032591915760e-02	-4.934868e+00
1.143922597087747e-02	-4.934869e+00
1.153688222087747e-02	-4.934871e+00
1.163453847087747e-02	-4.934869e+00
1.171588690173177e-02	-4.938452e+00
1.175215705373628e-02	-4.944695e+00
1.176851232907826e-02	-4.947792e+00
1.179511775783761e-02	-4.949867e+00
1.183808791238234e-02	-4.950274e+00
1.190565237372846e-02	-4.950272e+00
1.200330862372846e-02	-4.950266e+00
1.210096487372846e-02	-4.950262e+00
1.219650874497705e-02	-4.950259e+00
1.224448909930847e-02	-4.950258e+00
1.226295100845502e-02	-4.950258e+00
1.228607938956060e-02	-4.950258e+00
1.232355507414663e-02	-4.950258e+00
1.238314334289207e-02	-4.950258e+00
1.247237789536716e-02	-4.950260e+00
1.257003414536715e-02	-4.950262e+00
1.266769039536715e-02	-4.950272e+00
1.273213231331742e-02	-4.955884e+00
1.275833534412822e-02	-4.960541e+00
1.277857020144032e-02	-4.962988e+00
1.281142513228119e-02	-4.964109e+00
1.286406865689538e-02	-4.964170e+00
1.294475976355788e-02	-4.964163e+00
1.304241601355788e-02	-4.964159e+00
1.314007226355788e-02	-4.964155e+00
1.321877967116989e-02	-4.964152e+00
1.325327041830569e-02	-4.964152e+00
1.327032513812342e-02	-4.964152e+00
1.329806111460316e-02	-4.964152e+00
1.334280193683156e-02	-4.964152e+00
1.341286268284671e-02	-4.964152e+00
1.351051893284671e-02	-4.964155e+00
1.360817518284671e-02	-4.964157e+00
1.370095227547704e-02	-4.964933e+00
1.374628437730866e-02	-4.970085e+00
1.376361875983264e-02	-4.972985e+00
1.378716524040609e-02	-4.974941e+00
1.382530520123785e-02	-4.975564e+00
1.388587503024629e-02	-4.975570e+00
1.397624858942674e-02	-4.975565e+00
1.407390483942674e-02	-4.975560e+00
1.417156108942674e-02	-4.975557e+00
1.423387461777799e-02	-4.975555e+00
1.425898916835540e-02	-4.975555e+00
1.427963422694611e-02	-4.975555e+00
1.431314655790921e-02	-4.975555e+00
1.436678990514239e-02	-4.975555e+00
1.444876048965907e-02	-4.975556e+00
1.454641673965907e-02	-4.975559e+00
1.464407298965907e-02	-4.975561e+00
1.472082288469051e-02	-4.978661e+00
1.475405289234355e-02	-4.982885e+00
1.477159912449267e-02	-4.985074e+00
1.480012863515887e-02	-4.986411e+00
1.484610719254778e-02	-4.986598e+00
1.491788954038692e-02	-4.986595e+00
1.501554579038692e-02	-4.986590e+00
1.511320204038692e-02	-4.986586e+00
1.520395542333123e-02	-4.986583e+00
1.524748419507084e-02	-4.986582e+00
1.526406485609902e-02	-4.986582e+00
1.528789056775585e-02	-4.986582e+00
1.532647365412016e-02	-4.986582e+00
1.538769575070413e-02	-4.986582e+00
1.547881616780888e-02	-4.986584e+00
1.557647241780888e-02	-4.986587e+00
1.567412866780888e-02	-4.986605e+00
1.573501483802976e-02	-4.990766e+00
1.575941638768751e-02	-4.994012e+00
1.578032942740209e-02	-4.995807e+00
1.581427083763748e-02	-4.996584e+00
1.586856474555337e-02	-4.996615e+00
1.595135929988152e-02	-4.996610e+00
1.604901554988152e-02	-4.996605e+00
1.614667179988152e-02	-4.996601e+00
1.622212914229314e-02	-4.996599e+00
1.625455155243012e-02	-4.996599e+00
1.627241098735886e-02	-4.996599e+00
1.630144573801971e-02	-4.996599e+00
1.634821007515156e-02	-4.996599e+00
1.642107504712218e-02	-4.996600e+00
1.651873129712218e-02	-4.996602e+00
1.661638754712218e-02	-4.996604e+00
1.670581926476349e-02	-4.997475e+00
1.674822368787948e-02	-5.001226e+00
1.676433975453021e-02	-5.003238e+00
1.678833750269942e-02	-5.004710e+00
1.682719339251982e-02	-5.005157e+00
1.688881603227996e-02	-5.005158e+00
1.698039104357684e-02	-5.005154e+00
1.707804729357685e-02	-5.005149e+00
1.717570354357685e-02	-5.005146e+00
1.723570828230934e-02	-5.005144e+00
1.725967597005871e-02	-5.005144e+00
1.728075181686819e-02	-5.005144e+00
1.731495375085019e-02	-5.005144e+00
1.736964186902397e-02	-5.005144e+00
1.745293237368791e-02	-5.005145e+00
1.755058862368791e-02	-5.005147e+00
1.764824487368791e-02	-5.005150e+00
1.772291197323797e-02	-5.007693e+00
1.775484982998901e-02	-5.010878e+00
1.777289659647024e-02	-5.012565e+00
1.780223337857990e-02	-5.013559e+00
1.784946658379489e-02	-5.013679e+00
1.792297363308290e-02	-5.013675e+00
1.802062988308290e-02	-5.013670e+00
1.811828613308290e-02	-5.013666e+00
1.820691591252734e-02	-5.013664e+00
1.824865702483620e-02	-5.013663e+00
1.826450083100430e-02	-5.013663e+00
1.828859937136448e-02	-5.013662e+00
1.832761501525053e-02	-5.013662e+00
1.838947185084790e-02	-5.013663e+00
1.848131122472587e-02	-5.013665e+00
1.857896747472587e-02	-5.013667e+00
1.867662372472587e-02	-5.013686e+00
1.873611140841914e-02	-5.016949e+00
1.875982679660059e-02	-5.019453e+00
1.878099723269634e-02	-5.020875e+00
1.881535047362915e-02	-5.021480e+00
1.887026726413464e-02	-5.021501e+00
1.895384429167146e-02	-5.021496e+00
1.905150054167146e-02	-5.021492e+00
1.914915679167146e-02	-5.021488e+00
1.922336310993428e-02	-5.021486e+00
1.925502153712677e-02	-5.021485e+00
1.927317613850432e-02	-5.021485e+00
1.930268672538187e-02	-5.021485e+00
1.935018944247230e-02	-5.021485e+00
1.942406422350700e-02	-5.021486e+00
1.952172047350700e-02	-5.021488e+00
1.961937672350701e-02	-5.021491e+00
1.970754110629576e-02	-5.022273e+00
1.974890349797068e-02	-5.025230e+00
1.976459244506443e-02	-5.026793e+00
1.978874830796819e-02	-5.027975e+00
1.982785478227079e-02	-5.028329e+00
1.988984465301500e-02	-5.028330e+00
1.998183372330672e-02	-5.028325e+00
2.007948997330673e-02	-5.028320e+00
2.017714622330673e-02	-5.028317e+00
2.023633964900784e-02	-5.028316e+00
2.025991216617157e-02	-5.028316e+00
2.028113613844924e-02	-5.028315e+00
2.031557499898849e-02	-5.028315e+00
2.037062109684574e-02	-5.028316e+00
2.045435976303073e-02	-5.028316e+00
2.055201601303073e-02	-5.028319e+00
2.064967226303073e-02	-5.028322e+00
2.072361725889620e-02	-5.030407e+00
2.075511820967819e-02	-5.032971e+00
2.077333352139470e-02	-5.034347e+00
2.080294194114576e-02	-5.035151e+00
2.085059626655202e-02	-5.035237e+00
2.092467747300150e-02	-5.035226e+00
2.102233372300150e-02	-5.035221e+00
2.111998997300150e-02	-5.035217e+00
2.120789114834771e-02	-5.035214e+00
2.124904131870989e-02	-5.035214e+00
2.126464367228693e-02	-5.035213e+00
2.128883158653351e-02	-5.035213e+00
2.132798883987107e-02	-5.035213e+00
2.139005304624363e-02	-5.035214e+00
2.148212561154303e-02	-5.035215e+00
2.157978186154303e-02	-5.035218e+00
2.167743811154303e-02	-5.035235e+00
2.173646694560048e-02	-5.037907e+00
2.175995977165359e-02	-5.039956e+00
2.178121359706753e-02	-5.041137e+00
2.181570019561330e-02	-5.041637e+00
2.187081836139579e-02	-5.041654e+00
2.195464699495812e-02	-5.041649e+00
2.205230324495813e-02	-5.041644e+00
2.214995949495813e-02	-5.041640e+00
2.222375860782144e-02	-5.041639e+00
2.225517195739733e-02	-5.041638e+00
2.227342102215680e-02	-5.041638e+00
2.230308382824869e-02	-5.041638e+00
2.235082240394554e-02	-5.041638e+00
2.242501818726605e-02	-5.041639e+00
2.252267443726605e-02	-5.041641e+00
2.262033068726605e-02	-5.041644e+00
2.270808515965714e-02	-5.042311e+00
2.274911765150212e-02	-5.044756e+00
2.276467204457396e-02	-5.046046e+00
2.278887771010360e-02	-5.047037e+00
2.282806308440394e-02	-5.047332e+00
2.289016844538752e-02	-5.047333e+00
2.298228718976906e-02	-5.047328e+00
2.307994343976906e-02	-5.047323e+00
2.317759968976906e-02	-5.047320e+00
2.323653734843837e-02	-5.047318e+00
2.325998609807382e-02	-5.047318e+00
2.328125643240118e-02	-5.047318e+00
2.331576942852557e-02	-5.047318e+00
2.337092743674111e-02	-5.047318e+00
2.345480577142429e-02	-5.047319e+00
2.355246202142429e-02	-5.047322e+00
2.365011827142429e-02	-5.047324e+00
2.372383666065540e-02	-5.049072e+00
2.375520163131899e-02	-5.051219e+00
2.377346933085308e-02	-5.052382e+00
2.380316216145099e-02	-5.053061e+00
2.385094723900593e-02	-5.053133e+00
2.392520622123646e-02	-5.053123e+00
2.402286247123646e-02	-5.053118e+00
2.412051872123646e-02	-5.053114e+00
2.420819208812463e-02	-5.053112e+00
2.424915970543323e-02	-5.053111e+00
2.426468767562788e-02	-5.053111e+00
2.428890312069053e-02	-5.053111e+00
2.432810398663974e-02	-5.053111e+00
2.439023201583127e-02	-5.053111e+00
2.448237618177332e-02	-5.053113e+00
2.458003243177332e-02	-5.053115e+00
2.467768868177332e-02	-5.053131e+00
2.473657610467414e-02	-5.055388e+00
2.476000058986519e-02	-5.057127e+00
2.478128001170996e-02	-5.058136e+00
2.481580753814781e-02	-5.058564e+00
2.487098747459884e-02	-5.058578e+00
2.495489315224633e-02	-5.058573e+00
2.505254940224633e-02	-5.058568e+00
2.515020565224633e-02	-5.058565e+00
2.522387959120897e-02	-5.058563e+00
2.525521795086570e-02	-5.058562e+00
2.527349589878027e-02	-5.058562e+00
2.530320524112632e-02	-5.058562e+00
2.535101588919028e-02	-5.058562e+00
2.542530961068021e-02	-5.058563e+00
2.552296586068021e-02	-5.058565e+00
2.562062211068021e-02	-5.058568e+00
2.570825083892466e-02	-5.059138e+00
2.574918280656290e-02	-5.061222e+00
2.576469626208649e-02	-5.062325e+00
2.578891707920945e-02	-5.063177e+00
2.582812645475366e-02	-5.063432e+00
2.589026693455326e-02	-5.063432e+00
2.598242505911274e-02	-5.063427e+00
2.608008130911274e-02	-5.063422e+00
2.617773755911274e-02	-5.063419e+00
2.623659738503640e-02	-5.063418e+00
2.626000854683846e-02	-5.063417e+00
2.628129295832259e-02	-5.063417e+00
2.631582846268905e-02	-5.063417e+00
2.637102043811888e-02	-5.063417e+00
2.645494112413041e-02	-5.063419e+00
2.655259737413041e-02	-5.063421e+00
2.665025362413041e-02	-5.063424e+00
2.672390315246985e-02	-5.064920e+00
2.675522690689746e-02	-5.066768e+00
2.677351047902353e-02	-5.067774e+00
2.680322888269663e-02	-5.068363e+00
2.685105356250472e-02	-5.068425e+00
2.692536634324759e-02	-5.068416e+00
2.702302259324759e-02	-5.068411e+00
2.712067884324759e-02	-5.068407e+00
2.720828306404361e-02	-5.068405e+00
2.724919547615152e-02	-5.068404e+00
2.726470097124112e-02	-5.068404e+00
2.728892473460373e-02	-5.068404e+00
2.732813877706150e-02	-5.068404e+00
2.739028608481575e-02	-5.068404e+00
2.748245186303799e-02	-5.068406e+00
2.758010811303799e-02	-5.068408e+00
2.767776436303800e-02	-5.068423e+00
2.773660905325315e-02	-5.070376e+00
2.776001290965566e-02	-5.071885e+00
2.778130005695785e-02	-5.072767e+00
2.781583993557237e-02	-5.073142e+00
2.787103851165487e-02	-5.073154e+00
2.795496742533271e-02	-5.073149e+00
2.805262367533271e-02	-5.073144e+00
2.815027992533271e-02	-5.073141e+00
2.822391606797243e-02	-5.073139e+00
2.825523181614552e-02	-5.073138e+00
2.827351847117823e-02	-5.073138e+00
2.830324184176185e-02	-5.073138e+00
2.835107421272665e-02	-5.073138e+00
2.842539743918392e-02	-5.073139e+00
2.852305368918392e-02	-5.073141e+00
2.862070993918392e-02	-5.073144e+00
2.870830072318061e-02	-5.073638e+00
2.874920241854574e-02	-5.075454e+00
2.876470355165566e-02	-5.076418e+00
2.878892892942766e-02	-5.077167e+00
2.882814552912782e-02	-5.077391e+00
2.889029657817196e-02	-5.077390e+00
2.898246654973288e-02	-5.077385e+00
2.908012279973288e-02	-5.077381e+00
2.917777904973288e-02	-5.077377e+00
2.923661544610051e-02	-5.077376e+00
2.926001529996100e-02	-5.077376e+00
2.928130394616437e-02	-5.077375e+00
2.931584622132927e-02	-5.077375e+00
2.937104841368509e-02	-5.077376e+00
2.945498183471492e-02	-5.077377e+00
2.955263808471493e-02	-5.077379e+00
2.965029433471493e-02	-5.077382e+00
2.972392314318340e-02	-5.078688e+00
2.975523450542355e-02	-5.080309e+00
2.977352284926614e-02	-5.081197e+00
2.980324894069863e-02	-5.081717e+00
2.985108552476357e-02	-5.081772e+00
2.992541447288158e-02	-5.081764e+00
3.002307072288158e-02	-5.081758e+00
3.012072697288158e-02	-5.081754e+00
3.020831039530842e-02	-5.081752e+00
3.024920622084578e-02	-5.081751e+00
3.026470496492998e-02	-5.081751e+00
3.028893122690127e-02	-5.081751e+00
3.032814922717679e-02	-5.081751e+00
3.039030232525743e-02	-5.081751e+00
3.048247459331752e-02	-5.081753e+00
3.058013084331752e-02	-5.081756e+00
3.067778709331753e-02	-5.081769e+00
3.073661894716632e-02	-5.083489e+00
3.076001660901456e-02	-5.084823e+00
3.078130607609234e-02	-5.085606e+00
3.081584966372558e-02	-5.085940e+00
3.087105383650781e-02	-5.085950e+00
3.095498972586490e-02	-5.085945e+00
3.105264597586490e-02	-5.085940e+00
3.115030222586490e-02	-5.085937e+00
3.122392701764626e-02	-5.085935e+00
3.125523597808794e-02	-5.085935e+00
3.127352524673230e-02	-5.085934e+00
3.130325282811258e-02	-5.085934e+00
3.135109171926493e-02	-5.085934e+00
3.142542380045252e-02	-5.085935e+00
3.152308005045252e-02	-5.085938e+00
3.162073630045252e-02	-5.085940e+00
3.170831569136681e-02	-5.086376e+00
3.174920830278798e-02	-5.087985e+00
3.176470573876554e-02	-5.088841e+00
3.178893248487809e-02	-5.089508e+00
3.182815125203355e-02	-5.089708e+00
3.189030547204783e-02	-5.089707e+00
3.198247899750292e-02	-5.089703e+00
3.208013524750292e-02	-5.089698e+00
3.217779149750292e-02	-5.089695e+00
3.223662086409292e-02	-5.089694e+00
3.226001732575447e-02	-5.089693e+00
3.228130724228154e-02	-5.089693e+00
3.231585154852278e-02	-5.089693e+00
3.237105680562952e-02	-5.089693e+00
3.245499404641934e-02	-5.089694e+00
3.255265029641934e-02	-5.089697e+00
3.265030654641934e-02	-5.089699e+00
3.272392913892718e-02	-5.090858e+00
3.275523678437234e-02	-5.092303e+00
3.277352655934596e-02	-5.093096e+00
3.280325495647182e-02	-5.093562e+00
3.285109511074631e-02	-5.093611e+00
3.292542890724731e-02	-5.093603e+00
3.302308515724731e-02	-5.093598e+00
3.312074140724731e-02	-5.093594e+00
3.320831859082462e-02	-5.093591e+00
3.324920944258646e-02	-5.093591e+00
3.326470616241636e-02	-5.093591e+00
3.328893317358105e-02	-5.093590e+00
3.332815236057864e-02	-5.093590e+00
3.339030719481290e-02	-5.093591e+00
3.348248140863794e-02	-5.093593e+00
3.358013765863795e-02	-5.093595e+00
3.367779390863795e-02	-5.093606e+00
3.373662191352791e-02	-5.095144e+00
3.376001771813826e-02	-5.096340e+00
3.378130788071915e-02	-5.097044e+00
3.381585258036639e-02	-5.097344e+00
3.387105843109076e-02	-5.097353e+00
3.395499641171936e-02	-5.097348e+00
3.405265266171936e-02	-5.097343e+00
3.415030891171936e-02	-5.097340e+00
3.422393030021026e-02	-5.097338e+00
3.425523722576689e-02	-5.097338e+00
3.427352727792676e-02	-5.097337e+00
3.430325612162619e-02	-5.097337e+00
3.435109696738495e-02	-5.097337e+00
3.442543170290878e-02	-5.097338e+00
3.452308795290878e-02	-5.097340e+00
3.462074420290878e-02	-5.097343e+00
3.470832017807086e-02	-5.097733e+00
3.474921006654114e-02	-5.099177e+00
3.476470639433359e-02	-5.099948e+00
3.478893355059454e-02	-5.100549e+00
3.482815296742418e-02	-5.100730e+00
3.489030813789697e-02	-5.100729e+00
3.498248272854888e-02	-5.100724e+00
3.508013897854888e-02	-5.100719e+00
3.517779522854888e-02	-5.100716e+00
3.523662248800857e-02	-5.100715e+00
3.526001793293645e-02	-5.100715e+00
3.528130823021176e-02	-5.100714e+00
3.531585314521665e-02	-5.100714e+00
3.537105932089753e-02	-5.100715e+00
3.545499770652417e-02	-5.100716e+00
3.555265395652418e-02	-5.100718e+00
3.565031020652418e-02	-5.100720e+00
3.572393093591057e-02	-5.101762e+00
3.575523746739120e-02	-5.103064e+00
3.577352767128592e-02	-5.103781e+00
3.580325675944456e-02	-5.104203e+00
3.585109798372871e-02	-5.104248e+00
3.592543323328023e-02	-5.104240e+00
3.602308948328023e-02	-5.104235e+00
3.612074573328023e-02	-5.104231e+00
3.620832104693493e-02	-5.104228e+00
3.624921040809501e-02	-5.104228e+00
3.626470652128547e-02	-5.104228e+00
3.628893375697235e-02	-5.104228e+00
3.632815329961239e-02	-5.104228e+00
3.639030865414240e-02	-5.104228e+00
3.648248345106865e-02	-5.104229e+00
3.658013970106865e-02	-5.104232e+00
3.667779595106865e-02	-5.104243e+00
3.673662280247824e-02	-5.105632e+00
3.676001805051655e-02	-5.106715e+00
3.678130842152331e-02	-5.107355e+00
3.681585345441449e-02	-5.107628e+00
3.687105980797569e-02	-5.107635e+00
3.695499841529640e-02	-5.107631e+00
3.705265466529640e-02	-5.107626e+00
3.715031091529640e-02	-5.107623e+00
3.722393128388934e-02	-5.107621e+00
3.725523759965488e-02	-5.107620e+00
3.727352788660832e-02	-5.107620e+00
3.730325710858243e-02	-5.107620e+00
3.735109854006884e-02	-5.107620e+00
3.742543407099481e-02	-5.107621e+00
3.752309032099481e-02	-5.107623e+00
3.762074657099481e-02	-5.107625e+00
3.770832152254218e-02	-5.107978e+00
3.774921059505774e-02	-5.109288e+00
3.776470659077750e-02	-5.109989e+00
3.778893386994123e-02	-5.110537e+00
3.782815348144843e-02	-5.110701e+00
3.789030893672917e-02	-5.110700e+00
3.798248384656728e-02	-5.110695e+00
3.808014009656728e-02	-5.110691e+00
3.817779634656728e-02	-5.110687e+00
3.823662297461477e-02	-5.110686e+00
3.826001811487832e-02	-5.110686e+00
3.828130852624468e-02	-5.110685e+00
3.831585362366521e-02	-5.110685e+00
3.837106007459563e-02	-5.110686e+00
3.845499880326838e-02	-5.110687e+00
3.855265505326838e-02	-5.110689e+00
3.865031130326838e-02	-5.110692e+00
3.872393147436755e-02	-5.111637e+00
3.875523767205395e-02	-5.112822e+00
3.877352800447242e-02	-5.113477e+00
3.880325729969500e-02	-5.113863e+00
3.885109884460059e-02	-5.113903e+00
3.892543452954617e-02	-5.113895e+00
3.902309077954617e-02	-5.113891e+00
3.912074702954618e-02	-5.113886e+00
3.920832178288101e-02	-5.113884e+00
3.924921069739767e-02	-5.113883e+00
3.926470662881615e-02	-5.113883e+00
3.928893393177830e-02	-5.113883e+00
3.932815358098211e-02	-5.113883e+00
3.939030909141192e-02	-5.113883e+00
3.948248406305577e-02	-5.113885e+00
3.958014031305577e-02	-5.113887e+00
3.967779656305577e-02	-5.113897e+00
3.973662306883894e-02	-5.115165e+00
3.976001815010870e-02	-5.116155e+00
3.978130858356712e-02	-5.116740e+00
3.981585371630976e-02	-5.116991e+00
3.987106022053817e-02	-5.116998e+00
3.995499901563656e-02	-5.116993e+00
4.005265526563656e-02	-5.116988e+00
4.015031151563656e-02	-5.116984e+00
4.022393157863140e-02	-5.116982e+00
4.025523771168370e-02	-5.116982e+00
4.027352806898880e-02	-5.116982e+00
4.030325740430607e-02	-5.116982e+00
4.035109901129496e-02	-5.116982e+00
4.042543478054759e-02	-5.116983e+00
4.052309103054760e-02	-5.116985e+00
4.062074728054760e-02	-5.116988e+00
4.070832192538479e-02	-5.117309e+00
4.074921075341629e-02	-5.118508e+00
4.076470664963767e-02	-5.119150e+00
4.078893396562655e-02	-5.119653e+00
4.082815363546465e-02	-5.119804e+00
4.089030917608182e-02	-5.119802e+00
4.098248418155673e-02	-5.119798e+00
4.108014043155674e-02	-5.119793e+00
4.117779668155674e-02	-5.119790e+00
4.123662312041512e-02	-5.119789e+00
4.126001816939300e-02	-5.119788e+00
4.128130861494411e-02	-5.119788e+00
4.131585376702126e-02	-5.119788e+00
4.137106030042376e-02	-5.119788e+00
4.145499913188199e-02	-5.119790e+00
4.155265538188199e-02	-5.119792e+00
4.165031163188199e-02	-5.119794e+00
4.172393163570298e-02	-5.120659e+00
4.175523773337608e-02	-5.121746e+00
4.177352810430354e-02	-5.122346e+00
4.180325746156769e-02	-5.122701e+00
4.185109910253951e-02	-5.122738e+00
4.192543491793979e-02	-5.122731e+00
4.202309116793979e-02	-5.122726e+00
4.212074741793979e-02	-5.122722e+00
4.220832200338788e-02	-5.122720e+00
4.224921078407950e-02	-5.122719e+00
4.226470666103484e-02	-5.122719e+00
4.228893398415423e-02	-5.122719e+00
4.232815366528703e-02	-5.122719e+00
4.239030922242801e-02	-5.122719e+00
4.248248424642119e-02	-5.122721e+00
4.258014049642119e-02	-5.122723e+00
4.267779674642119e-02	-5.122733e+00
4.273662314864661e-02	-5.123898e+00
4.276001817994874e-02	-5.124809e+00
4.278130863211908e-02	-5.125349e+00
4.281585379477946e-02	-5.125580e+00
4.287106034415112e-02	-5.125587e+00
4.295499919551182e-02	-5.125582e+00
4.305265544551182e-02	-5.125577e+00
4.315031169551182e-02	-5.125574e+00
4.322393166694252e-02	-5.125572e+00
4.325523774524995e-02	-5.125572e+00
4.327352812363394e-02	-5.125571e+00
4.330325749291127e-02	-5.125571e+00
4.335109915248447e-02	-5.125571e+00
4.342543499314482e-02	-5.125572e+00
4.352309124314482e-02	-5.125575e+00
4.362074749314482e-02	-5.125577e+00
4.370832204608479e-02	-5.125872e+00
4.374921080086376e-02	-5.126977e+00
4.376470666727338e-02	-5.127571e+00
4.378893399429583e-02	-5.128035e+00
4.382815368161106e-02	-5.128175e+00
4.389030924779677e-02	-5.128173e+00
4.398248428192640e-02	-5.128169e+00
4.408014053192640e-02	-5.128164e+00
4.417779678192640e-02	-5.128160e+00
4.423662316409983e-02	-5.128160e+00
4.426001818572670e-02	-5.128159e+00
4.428130864152024e-02	-5.128159e+00
4.431585380997361e-02	-5.128159e+00
4.437106036808640e-02	-5.128159e+00
4.445499923034121e-02	-5.128160e+00
4.455265548034121e-02	-5.128163e+00
4.465031173034121e-02	-5.128165e+00
4.472393168404226e-02	-5.128963e+00
4.475523775174940e-02	-5.129967e+00
4.477352813421490e-02	-5.130523e+00
4.480325751006793e-02	-5.130852e+00
4.485109917982306e-02	-5.130886e+00
4.492543503431011e-02	-5.130879e+00
4.502309128431011e-02	-5.130875e+00
4.512074753431011e-02	-5.130870e+00
4.520832206945597e-02	-5.130868e+00
4.524921081005102e-02	-5.130867e+00
4.526470667068818e-02	-5.130867e+00
4.528893399984706e-02	-5.130867e+00
4.532815369054639e-02	-5.130867e+00
4.539030926168293e-02	-5.130867e+00
4.548248430136096e-02	-5.130869e+00
4.558014055136096e-02	-5.130871e+00
4.567779680136096e-02	-5.130880e+00
4.573662317255850e-02	-5.131958e+00
4.576001818888938e-02	-5.132803e+00
4.578130864666617e-02	-5.133304e+00
4.581585381829047e-02	-5.133519e+00
4.587106038118791e-02	-5.133524e+00
4.595499924940585e-02	-5.133520e+00
4.605265549940585e-02	-5.133515e+00
4.615031174940585e-02	-5.133512e+00
4.622393169340218e-02	-5.133510e+00
4.625523775530702e-02	-5.133509e+00
4.627352814000663e-02	-5.133509e+00
4.630325751945902e-02	-5.133509e+00
4.635109919478746e-02	-5.133509e+00
4.642543505684286e-02	-5.133510e+00
4.652309130684286e-02	-5.133512e+00
4.662074755684286e-02	-5.133514e+00
4.670832208224871e-02	-5.133788e+00
4.674921081507988e-02	-5.134808e+00
4.676470667255736e-02	-5.135357e+00
4.678893400288568e-02	-5.135789e+00
4.682815369543737e-02	-5.135919e+00
4.689030926928388e-02	-5.135918e+00
4.698248431199898e-02	-5.135913e+00
4.708014056199898e-02	-5.135908e+00
4.717779681199898e-02	-5.135905e+00
4.723662317718857e-02	-5.135903e+00
4.726001819062056e-02	-5.135903e+00
4.728130864948292e-02	-5.135903e+00
4.731585382284290e-02	-5.135903e+00
4.737106038835932e-02	-5.135903e+00
4.745499925984133e-02	-5.135904e+00
4.755265550984133e-02	-5.135907e+00
4.765031175984133e-02	-5.135909e+00
4.772393169852555e-02	-5.136649e+00
4.775523775725437e-02	-5.137583e+00
4.777352814317687e-02	-5.138101e+00
4.780325752459944e-02	-5.138408e+00
4.785109920297856e-02	-5.138439e+00
4.792543506917667e-02	-5.138433e+00
4.802309131917667e-02	-5.138428e+00
4.812074756917667e-02	-5.138423e+00
4.820832208925110e-02	-5.138421e+00
4.824921081783254e-02	-5.138421e+00
4.826470667358048e-02	-5.138420e+00
4.828893400454889e-02	-5.138420e+00
4.832815369811451e-02	-5.138420e+00
4.839030927344436e-02	-5.138421e+00
4.848248431782183e-02	-5.138422e+00
4.858014056782183e-02	-5.138425e+00
4.867779681782183e-02	-5.138433e+00
4.873662317972290e-02	-5.139430e+00
4.876001819156815e-02	-5.140215e+00
4.878130865102471e-02	-5.140683e+00
4.881585382533474e-02	-5.140883e+00
4.887106039228472e-02	-5.140889e+00
4.895499926555336e-02	-5.140884e+00
4.905265551555336e-02	-5.140879e+00
4.915031176555336e-02	-5.140876e+00
4.922393170132992e-02	-5.140874e+00
4.925523775832028e-02	-5.140873e+00
4.927352814491215e-02	-5.140873e+00
4.930325752741314e-02	-5.140873e+00
4.935109920746210e-02	-5.140873e+00
4.942543507592780e-02	-5.140874e+00
4.952309132592780e-02	-5.140876e+00
4.962074757592780e-02	-5.140879e+00
4.970832209308398e-02	-5.141133e+00
4.974921081933925e-02	-5.142086e+00
4.976470667414051e-02	-5.142599e+00
4.978893400545931e-02	-5.143002e+00
4.982815369957992e-02	-5.143124e+00
4.989030927572171e-02	-5.143122e+00
4.998248432100913e-02	-5.143117e+00
5.008014057100913e-02	-5.143113e+00
5.017779682100913e-02	-5.143109e+00
5.023662318111013e-02	-5.143108e+00
5.026001819208684e-02	-5.143108e+00
5.028130865186866e-02	-5.143107e+00
5.031585382669874e-02	-5.143107e+00
5.037106039443340e-02	-5.143108e+00
5.045499926868002e-02	-5.143109e+00
5.055265551868002e-02	-5.143111e+00
5.065031176868002e-02	-5.143114e+00
5.072393170286497e-02	-5.143804e+00
5.075523775890374e-02	-5.144677e+00
5.077352814586201e-02	-5.145162e+00
5.080325752895331e-02	-5.145448e+00
5.085109920991630e-02	-5.145478e+00
5.092543507962323e-02	-5.145472e+00
5.102309132962323e-02	-5.145467e+00
5.112074757962323e-02	-5.145463e+00
5.120832209518203e-02	-5.145460e+00
5.124921082016400e-02	-5.145459e+00
5.126470667444707e-02	-5.145459e+00
5.128893400595766e-02	-5.145459e+00
5.132815370038207e-02	-5.145459e+00
5.139030927696832e-02	-5.145460e+00
5.148248432275384e-02	-5.145461e+00
5.158014057275384e-02	-5.145463e+00
5.167779682275384e-02	-5.145472e+00
5.173662318186949e-02	-5.146405e+00
5.176001819237076e-02	-5.147140e+00
5.178130865233063e-02	-5.147578e+00
5.181585382744536e-02	-5.147767e+00
5.187106039560957e-02	-5.147771e+00
5.195499927039151e-02	-5.147767e+00
5.205265552039151e-02	-5.147762e+00
5.215031177039151e-02	-5.147758e+00
5.222393170370524e-02	-5.147756e+00
5.225523775922312e-02	-5.147756e+00
5.227352814638195e-02	-5.147756e+00
5.230325752979637e-02	-5.147756e+00
5.235109921125969e-02	-5.147756e+00
5.242543508164604e-02	-5.147757e+00
5.252309133164604e-02	-5.147758e+00
5.262074758164605e-02	-5.147761e+00
5.270832209633046e-02	-5.147999e+00
5.274921082061546e-02	-5.148892e+00
5.276470667461487e-02	-5.149374e+00
5.278893400623044e-02	-5.149752e+00
5.282815370082115e-02	-5.149866e+00
5.289030927765068e-02	-5.149864e+00
5.298248432370885e-02	-5.149859e+00
5.308014057370885e-02	-5.149855e+00
5.317779682370885e-02	-5.149852e+00
5.323662318228515e-02	-5.149850e+00
5.326001819252617e-02	-5.149850e+00
5.328130865258349e-02	-5.149850e+00
5.331585382785405e-02	-5.149850e+00
5.337106039625337e-02	-5.149850e+00
5.345499927132834e-02	-5.149851e+00
5.355265552132834e-02	-5.149854e+00
5.365031177132834e-02	-5.149856e+00
5.372393170416518e-02	-5.150503e+00
5.375523775939794e-02	-5.151322e+00
5.377352814666655e-02	-5.151777e+00
5.380325753025784e-02	-5.152047e+00
5.385109921199504e-02	-5.152074e+00
5.392543508275330e-02	-5.152068e+00
5.402309133275331e-02	-5.152063e+00
5.412074758275331e-02	-5.152059e+00
5.420832209695910e-02	-5.152057e+00
5.424921082086257e-02	-5.152056e+00
5.426470667470672e-02	-5.152056e+00
5.428893400637975e-02	-5.152056e+00
5.432815370106148e-02	-5.152056e+00
5.439030927802416e-02	-5.152056e+00
5.448248432423155e-02	-5.152058e+00
5.458014057423155e-02	-5.152060e+00
5.467779682423155e-02	-5.152068e+00
5.473662318251266e-02	-5.152945e+00
5.476001819261123e-02	-5.153636e+00
5.478130865272190e-02	-5.154048e+00
5.481585382807774e-02	-5.154225e+00
5.487106039660575e-02	-5.154230e+00
5.495499927184110e-02	-5.154225e+00
5.505265552184110e-02	-5.154221e+00
5.515031177184110e-02	-5.154217e+00
5.522393170441692e-02	-5.154215e+00
5.525523775949363e-02	-5.154214e+00
5.527352814682233e-02	-5.154214e+00
5.530325753051044e-02	-5.154214e+00
5.535109921239754e-02	-5.154214e+00
5.542543508335936e-02	-5.154215e+00
5.552309133335936e-02	-5.154217e+00
5.562074758335937e-02	-5.154220e+00
5.570832209730318e-02	-5.154443e+00
5.574921082099783e-02	-5.155284e+00
5.576470667475699e-02	-5.155737e+00
5.578893400646148e-02	-5.156093e+00
5.582815370119302e-02	-5.156201e+00
5.589030927822859e-02	-5.156199e+00
5.598248432451766e-02	-5.156194e+00
5.608014057451766e-02	-5.156189e+00
5.617779682451766e-02	-5.156186e+00
5.623662318263718e-02	-5.156185e+00
5.626001819265779e-02	-5.156185e+00
5.628130865279765e-02	-5.156185e+00
5.631585382820017e-02	-5.156184e+00
5.637106039679862e-02	-5.156185e+00
5.645499927212175e-02	-5.156186e+00
5.655265552212176e-02	-5.156188e+00
5.665031177212176e-02	-5.156191e+00
5.672393170455471e-02	-5.156799e+00
5.675523775954600e-02	-5.157570e+00
5.677352814690760e-02	-5.157999e+00
5.680325753064870e-02	-5.158253e+00
5.685109921261785e-02	-5.158279e+00
5.692543508369110e-02	-5.158273e+00
5.702309133369110e-02	-5.158268e+00
5.712074758369110e-02	-5.158264e+00
5.720832209749152e-02	-5.158262e+00
5.724921082107187e-02	-5.158261e+00
5.726470667478451e-02	-5.158261e+00
5.728893400650621e-02	-5.158261e+00
5.732815370126503e-02	-5.158261e+00
5.739030927834050e-02	-5.158261e+00
5.748248432467429e-02	-5.158263e+00
5.758014057467429e-02	-5.158265e+00
5.767779682467429e-02	-5.158272e+00
5.773662318270534e-02	-5.159099e+00
5.776001819268328e-02	-5.159751e+00
5.778130865283913e-02	-5.160141e+00
5.781585382826721e-02	-5.160307e+00
5.787106039690421e-02	-5.160312e+00
5.795499927227541e-02	-5.160307e+00
5.805265552227541e-02	-5.160302e+00
5.815031177227541e-02	-5.160298e+00
5.822393170463015e-02	-5.160297e+00
5.825523775957467e-02	-5.160296e+00
5.827352814695427e-02	-5.160296e+00
5.830325753072436e-02	-5.160296e+00
5.835109921273842e-02	-5.160296e+00
5.842543508387265e-02	-5.160297e+00
5.852309133387265e-02	-5.160299e+00
5.862074758387265e-02	-5.160302e+00
5.870832209759459e-02	-5.160512e+00
5.874921082111239e-02	-5.161305e+00
5.876470667479957e-02	-5.161734e+00
5.878893400653069e-02	-5.162070e+00
5.882815370130444e-02	-5.162172e+00
5.889030927840174e-02	-5.162170e+00
5.898248432476001e-02	-5.162165e+00
5.908014057476001e-02	-5.162161e+00
5.917779682476001e-02	-5.162158e+00
5.923662318274266e-02	-5.162156e+00
5.926001819269724e-02	-5.162156e+00
5.928130865286183e-02	-5.162156e+00
5.931585382830390e-02	-5.162156e+00
5.937106039696202e-02	-5.162156e+00
5.945499927235952e-02	-5.162157e+00
5.955265552235952e-02	-5.162159e+00
5.965031177235952e-02	-5.162162e+00
5.972393170467145e-02	-5.162736e+00
5.975523775959037e-02	-5.163465e+00
5.977352814697982e-02	-5.163870e+00
5.980325753076579e-02	-5.164111e+00
5.985109921280443e-02	-5.164135e+00
5.992543508397205e-02	-5.164129e+00
6.002309133397205e-02	-5.164124e+00
6.012074758397205e-02	-5.164120e+00
6.020832209765103e-02	-5.164118e+00
6.024921082113457e-02	-5.164117e+00
6.026470667480782e-02	-5.164117e+00
6.028893400654410e-02	-5.164117e+00
6.032815370132602e-02	-5.164116e+00
6.039030927843528e-02	-5.164117e+00
6.048248432480695e-02	-5.164119e+00
6.058014057480695e-02	-5.164121e+00
6.067779682480695e-02	-5.164128e+00
6.073662318276309e-02	-5.164910e+00
6.076001819270487e-02	-5.165527e+00
6.078130865287425e-02	-5.165896e+00
6.081585382832397e-02	-5.166054e+00
6.087106039699363e-02	-5.166058e+00
6.095499927240552e-02	-5.166053e+00
6.105265552240553e-02	-5.166049e+00
6.115031177240553e-02	-5.166045e+00
6.122393170469403e-02	-5.166043e+00
6.125523775959896e-02	-5.166043e+00
6.127352814699381e-02	-5.166042e+00
6.130325753078848e-02	-5.166042e+00
6.135109921284058e-02	-5.166042e+00
6.142543508402648e-02	-5.166043e+00
6.152309133402648e-02	-5.166045e+00
6.162074758402648e-02	-5.166048e+00
6.170832209768193e-02	-5.166247e+00
6.174921082114672e-02	-5.166998e+00
6.176470667481233e-02	-5.167404e+00
6.178893400655144e-02	-5.167723e+00
6.182815370133784e-02	-5.167819e+00
6.189030927845365e-02	-5.167817e+00
6.198248432483265e-02	-5.167812e+00
6.208014057483265e-02	-5.167808e+00
6.217779682483265e-02	-5.167805e+00
6.223662318277427e-02	-5.167803e+00
6.226001819270906e-02	-5.167803e+00
6.228130865288106e-02	-5.167803e+00
6.231585382833497e-02	-5.167803e+00
6.237106039701096e-02	-5.167803e+00
6.245499927243075e-02	-5.167804e+00
6.255265552243075e-02	-5.167807e+00
6.265031177243074e-02	-5.167809e+00
6.272393170470641e-02	-5.168353e+00
6.275523775960365e-02	-5.169043e+00
6.277352814700145e-02	-5.169428e+00
6.280325753080088e-02	-5.169656e+00
6.285109921286033e-02	-5.169679e+00
6.292543508405622e-02	-5.169673e+00
6.302309133405622e-02	-5.169669e+00
6.312074758405621e-02	-5.169664e+00
6.320832209769880e-02	-5.169662e+00
6.324921082115335e-02	-5.169661e+00
6.326470667481481e-02	-5.169661e+00
6.328893400655546e-02	-5.169661e+00
6.332815370134430e-02	-5.169661e+00
6.339030927846369e-02	-5.169661e+00
6.348248432484671e-02	-5.169663e+00
6.358014057484671e-02	-5.169665e+00
6.367779682484670e-02	-5.169672e+00
6.373662318278038e-02	-5.170414e+00
6.376001819271133e-02	-5.170997e+00
6.378130865288477e-02	-5.171344e+00
6.381585382834097e-02	-5.171494e+00
6.387106039702041e-02	-5.171497e+00
6.395499927244450e-02	-5.171493e+00
6.405265552244449e-02	-5.171488e+00
6.415031177244448e-02	-5.171484e+00
6.422393170471316e-02	-5.171483e+00
6.425523775960622e-02	-5.171482e+00
6.427352814700563e-02	-5.171482e+00
6.430325753080765e-02	-5.171482e+00
6.435109921287113e-02	-5.171482e+00
6.442543508407249e-02	-5.171483e+00
6.452309133407248e-02	-5.171485e+00
6.462074758407248e-02	-5.171487e+00
6.470832209770805e-02	-5.171676e+00
6.474921082115699e-02	-5.172390e+00
6.476470667481615e-02	-5.172775e+00
6.478893400655765e-02	-5.173079e+00
6.482815370134783e-02	-5.173170e+00
6.489030927846917e-02	-5.173168e+00
6.498248432485437e-02	-5.173163e+00
6.508014057485437e-02	-5.173159e+00
6.517779682485436e-02	-5.173155e+00
6.523662318278371e-02	-5.173154e+00
6.526001819271258e-02	-5.173154e+00
6.528130865288680e-02	-5.173154e+00
6.531585382834425e-02	-5.173154e+00
6.537106039702557e-02	-5.173154e+00
6.545499927245201e-02	-5.173155e+00
6.555265552245200e-02	-5.173158e+00
6.565031177245199e-02	-5.173160e+00
6.572393170471685e-02	-5.173676e+00
6.575523775960762e-02	-5.174332e+00
6.577352814700790e-02	-5.174698e+00
6.580325753081134e-02	-5.174915e+00
6.585109921287702e-02	-5.174937e+00
6.592543508408134e-02	-5.174932e+00
6.602309133408134e-02	-5.174927e+00
6.612074758408133e-02	-5.174922e+00
6.620832209771307e-02	-5.174920e+00
6.624921082115896e-02	-5.174920e+00
6.626470667481688e-02	-5.174920e+00
6.628893400655883e-02	-5.174919e+00
6.632815370134973e-02	-5.174919e+00
6.639030927847213e-02	-5.174920e+00
6.648248432485852e-02	-5.174921e+00
6.658014057485852e-02	-5.174924e+00
6.667779682485851e-02	-5.174921e+00
6.673662318278553e-02	-5.175622e+00
6.676001819271327e-02	-5.176177e+00
6.678130865288791e-02	-5.176508e+00
6.681585382834604e-02	-5.176651e+00
6.687106039702839e-02	-5.176654e+00
6.695499927245610e-02	-5.176650e+00
6.705265552245609e-02	-5.176645e+00
6.715031177245609e-02	-5.176641e+00
6.722393170471885e-02	-5.176640e+00
6.725523775960839e-02	-5.176639e+00
6.727352814700915e-02	-5.176639e+00
6.730325753081337e-02	-5.176639e+00
6.735109921288025e-02	-5.176639e+00
6.742543508408622e-02	-5.176640e+00
6.752309133408621e-02	-5.176642e+00
6.762074758408620e-02	-5.176644e+00
6.770832209771584e-02	-5.176824e+00
6.774921082116005e-02	-5.177504e+00
6.776470667481728e-02	-5.177871e+00
6.778893400655948e-02	-5.178161e+00
6.782815370135079e-02	-5.178247e+00
6.789030927847377e-02	-5.178246e+00
6.798248432486081e-02	-5.178241e+00
6.808014057486081e-02	-5.178236e+00
6.817779682486080e-02	-5.178233e+00
6.823662318278653e-02	-5.178232e+00
6.826001819271364e-02	-5.178231e+00
6.828130865288852e-02	-5.178231e+00
6.831585382834704e-02	-5.178231e+00
6.837106039702998e-02	-5.178231e+00
6.845499927245842e-02	-5.178233e+00
6.855265552245841e-02	-5.178235e+00
6.865031177245841e-02	-5.178237e+00
6.872393170471999e-02	-5.178729e+00
6.875523775960882e-02	-5.179355e+00
6.877352814700985e-02	-5.179704e+00
6.880325753081450e-02	-5.179911e+00
6.885109921288203e-02	-5.179932e+00
6.892543508408890e-02	-5.179926e+00
6.902309133408889e-02	-5.179921e+00
6.912074758408888e-02	-5.179917e+00
6.920832209771735e-02	-5.179914e+00
6.924921082116064e-02	-5.179914e+00
6.926470667481752e-02	-5.179914e+00
6.928893400655987e-02	-5.179914e+00
6.932815370135141e-02	-5.179914e+00
6.939030927847474e-02	-5.179914e+00
6.948248432486218e-02	-5.179915e+00
6.958014057486217e-02	-5.179918e+00
6.967779682486216e-02	-5.179918e+00
6.973662318278712e-02	-5.180588e+00
6.976001819271387e-02	-5.181118e+00
6.978130865288888e-02	-5.181434e+00
6.981585382834762e-02	-5.181571e+00
6.987106039703089e-02	-5.181573e+00
6.995499927245975e-02	-5.181569e+00
7.005265552245975e-02	-5.181564e+00
7.015031177245974e-02	-5.181561e+00
7.022393170472065e-02	-5.181559e+00
7.025523775960907e-02	-5.181559e+00
7.027352814701027e-02	-5.181558e+00
7.030325753081518e-02	-5.181558e+00
7.035109921288313e-02	-5.181558e+00
7.042543508409055e-02	-5.181559e+00
7.052309133409054e-02	-5.181561e+00
7.062074758409054e-02	-5.181564e+00
7.070832209771830e-02	-5.181735e+00
7.074921082116102e-02	-5.182384e+00
7.076470667481766e-02	-5.182734e+00
7.078893400656010e-02	-5.183011e+00
7.082815370135176e-02	-5.183094e+00
7.089030927847528e-02	-5.183092e+00
7.098248432486293e-02	-5.183087e+00
7.108014057486292e-02	-5.183083e+00
7.117779682486292e-02	-5.183079e+00
7.123662318278745e-02	-5.183078e+00
7.126001819271398e-02	-5.183078e+00
7.128130865288906e-02	-5.183078e+00
7.131585382834792e-02	-5.183077e+00
7.137106039703135e-02	-5.183078e+00
7.145499927246042e-02	-5.183079e+00
7.155265552246041e-02	-5.183082e+00
7.165031177246041e-02	-5.183084e+00
7.172393170472098e-02	-5.183553e+00
7.175523775960919e-02	-5.184151e+00
7.177352814701048e-02	-5.184484e+00
7.180325753081551e-02	-5.184682e+00
7.185109921288366e-02	-5.184702e+00
7.192543508409134e-02	-5.184697e+00
7.202309133409134e-02	-5.184692e+00
7.212074758409133e-02	-5.184688e+00
7.220832209771874e-02	-5.184685e+00
7.224921082116119e-02	-5.184684e+00
7.226470667481771e-02	-5.184684e+00
7.228893400656020e-02	-5.184684e+00
7.232815370135193e-02	-5.184684e+00
7.239030927847553e-02	-5.184684e+00
7.248248432486327e-02	-5.184686e+00
7.258014057486327e-02	-5.184689e+00
7.267779682486326e-02	-5.184690e+00
7.273662318278759e-02	-5.185331e+00
7.276001819271403e-02	-5.185838e+00
7.278130865288916e-02	-5.186141e+00
7.281585382834807e-02	-5.186272e+00
7.287106039703160e-02	-5.186274e+00
7.295499927246078e-02	-5.186270e+00
7.305265552246078e-02	-5.186265e+00
7.315031177246077e-02	-5.186261e+00
7.322393170472116e-02	-5.186259e+00
7.325523775960927e-02	-5.186259e+00
7.327352814701059e-02	-5.186259e+00
7.330325753081569e-02	-5.186259e+00
7.335109921288395e-02	-5.186259e+00
7.342543508409179e-02	-5.186260e+00
7.352309133409178e-02	-5.186262e+00
7.362074758409178e-02	-5.186264e+00
7.370832209771899e-02	-5.186428e+00
7.374921082116129e-02	-5.187049e+00
7.376470667481774e-02	-5.187384e+00
7.378893400656024e-02	-5.187648e+00
7.382815370135200e-02	-5.187728e+00
7.389030927847565e-02	-5.187726e+00
7.398248432486344e-02	-5.187721e+00
7.408014057486344e-02	-5.187716e+00
7.417779682486343e-02	-5.187713e+00
7.423662318278768e-02	-5.187712e+00
7.426001819271406e-02	-5.187712e+00
7.428130865288921e-02	-5.187712e+00
7.431585382834814e-02	-5.187711e+00
7.437106039703170e-02	-5.187712e+00
7.445499927246092e-02	-5.187713e+00
7.455265552246092e-02	-5.187716e+00
7.465031177246091e-02	-5.187718e+00
7.472393170472123e-02	-5.188167e+00
7.475523775960929e-02	-5.188738e+00
7.477352814701063e-02	-5.189058e+00
7.480325753081576e-02	-5.189248e+00
7.485109921288406e-02	-5.189266e+00
7.492543508409195e-02	-5.189261e+00
7.502309133409195e-02	-5.189256e+00
7.512074758409194e-02	-5.189252e+00
7.520832209771909e-02	-5.189250e+00
7.524921082116133e-02	-5.189249e+00
7.526470667481777e-02	-5.189249e+00
7.528893400656028e-02	-5.189249e+00
7.532815370135207e-02	-5.189249e+00
7.539030927847576e-02	-5.189249e+00
7.548248432486360e-02	-5.189250e+00
7.558014057486359e-02	-5.189253e+00
7.567779682486359e-02	-5.189256e+00
7.573662318278773e-02	-5.189870e+00
7.576001819271408e-02	-5.190356e+00
7.578130865288923e-02	-5.190646e+00
7.581585382834820e-02	-5.190771e+00
7.587106039703180e-02	-5.190773e+00
7.595499927246106e-02	-5.190769e+00
7.605265552246106e-02	-5.190764e+00
7.615031177246105e-02	-5.190761e+00
7.622393170472129e-02	-5.190759e+00
7.625523775960931e-02	-5.190758e+00
7.627352814701066e-02	-5.190758e+00
7.630325753081581e-02	-5.190758e+00
7.635109921288413e-02	-5.190758e+00
7.642543508409207e-02	-5.190759e+00
7.652309133409206e-02	-5.190761e+00
7.662074758409206e-02	-5.190763e+00
7.670832209771916e-02	-5.190920e+00
7.674921082116136e-02	-5.191515e+00
7.676470667481777e-02	-5.191836e+00
7.678893400656028e-02	-5.192090e+00
7.682815370135207e-02	-5.192166e+00
7.689030927847576e-02	-5.192164e+00
7.698248432486360e-02	-5.192160e+00
7.708014057486359e-02	-5.192155e+00
7.717779682486359e-02	-5.192152e+00
7.723662318278773e-02	-5.192150e+00
7.726001819271409e-02	-5.192150e+00
7.728130865288925e-02	-5.192150e+00
7.731585382834821e-02	-5.192150e+00
7.737106039703182e-02	-5.192150e+00
7.745499927246109e-02	-5.192151e+00
7.755265552246109e-02	-5.192153e+00
7.765031177246108e-02	-5.192156e+00
7.772393170472132e-02	-5.192586e+00
7.775523775960932e-02	-5.193134e+00
7.777352814701069e-02	-5.193441e+00
7.780325753081586e-02	-5.193623e+00
7.785109921288422e-02	-5.193641e+00
7.792543508409219e-02	-5.193635e+00
7.802309133409219e-02	-5.193630e+00
7.812074758409218e-02	-5.193626e+00
7.820832209771923e-02	-5.193624e+00
7.824921082116137e-02	-5.193623e+00
7.826470667481779e-02	-5.193623e+00
7.828893400656031e-02	-5.193623e+00
7.832815370135211e-02	-5.193623e+00
7.839030927847583e-02	-5.193623e+00
7.848248432486370e-02	-5.193624e+00
7.858014057486369e-02	-5.193627e+00
7.867779682486369e-02	-5.193631e+00
7.873662318278778e-02	-5.194221e+00
7.876001819271410e-02	-5.194686e+00
7.878130865288926e-02	-5.194965e+00
7.881585382834824e-02	-5.195086e+00
7.887106039703187e-02	-5.195087e+00
7.895499927246116e-02	-5.195083e+00
7.905265552246116e-02	-5.195078e+00
7.915031177246115e-02	-5.195075e+00
7.922393170472135e-02	-5.195073e+00
7.925523775960933e-02	-5.195072e+00
7.927352814701069e-02	-5.195072e+00
7.930325753081587e-02	-5.195072e+00
7.935109921288423e-02	-5.195072e+00
7.942543508409221e-02	-5.195073e+00
7.952309133409220e-02	-5.195075e+00
7.962074758409220e-02	-5.195077e+00
7.970832209771923e-02	-5.195228e+00
7.974921082116139e-02	-5.195799e+00
7.976470667481779e-02	-5.196107e+00
7.978893400656031e-02	-5.196351e+00
7.982815370135211e-02	-5.196424e+00
7.989030927847583e-02	-5.196422e+00
7.998248432486370e-02	-5.196417e+00
8.008014057486369e-02	-5.196413e+00
8.017779682486369e-02	-5.196409e+00
8.023662318278778e-02	-5.196408e+00
8.026001819271411e-02	-5.196408e+00
8.028130865288928e-02	-5.196407e+00
8.031585382834826e-02	-5.196407e+00
8.037106039703189e-02	-5.196408e+00
8.045499927246119e-02	-5.196409e+00
8.055265552246119e-02	-5.196411e+00
8.065031177246118e-02	-5.196414e+00
8.072393170472136e-02	-5.196826e+00
8.075523775960934e-02	-5.197353e+00
8.077352814701071e-02	-5.197647e+00
8.080325753081588e-02	-5.197822e+00
8.085109921288425e-02	-5.197839e+00
8.092543508409224e-02	-5.197834e+00
8.102309133409223e-02	-5.197829e+00
8.112074758409223e-02	-5.197825e+00
8.120832209771925e-02	-5.197823e+00
8.124921082116139e-02	-5.197822e+00
8.126470667481778e-02	-5.197822e+00
8.128893400656029e-02	-5.197822e+00
8.132815370135207e-02	-5.197821e+00
8.139030927847576e-02	-5.197822e+00
8.148248432486360e-02	-5.197824e+00
8.158014057486360e-02	-5.197826e+00
8.167779682486359e-02	-5.197830e+00
8.173662318278774e-02	-5.198397e+00
8.176001819271408e-02	-5.198845e+00
8.178130865288924e-02	-5.199113e+00
8.181585382834819e-02	-5.199228e+00
8.187106039703179e-02	-5.199230e+00
8.195499927246105e-02	-5.199226e+00
8.205265552246105e-02	-5.199221e+00
8.215031177246104e-02	-5.199217e+00
8.222393170472130e-02	-5.199216e+00
8.225523775960931e-02	-5.199215e+00
8.227352814701067e-02	-5.199215e+00
8.230325753081581e-02	-5.199215e+00
8.235109921288414e-02	-5.199215e+00
8.242543508409206e-02	-5.199216e+00
8.252309133409205e-02	-5.199218e+00
8.262074758409205e-02	-5.199221e+00
8.270832209771915e-02	-5.199365e+00
8.274921082116135e-02	-5.199914e+00
8.276470667481776e-02	-5.200211e+00
8.278893400656027e-02	-5.200444e+00
8.282815370135205e-02	-5.200515e+00
8.289030927847572e-02	-5.200513e+00
8.298248432486355e-02	-5.200508e+00
8.308014057486354e-02	-5.200503e+00
8.317779682486354e-02	-5.200500e+00
8.323662318278771e-02	-5.200499e+00
8.326001819271409e-02	-5.200499e+00
8.328130865288924e-02	-5.200498e+00
8.331585382834820e-02	-5.200498e+00
8.337106039703182e-02	-5.200499e+00
8.345499927246110e-02	-5.200500e+00
8.355265552246109e-02	-5.200502e+00
8.365031177246109e-02	-5.200504e+00
8.372393170472132e-02	-5.200901e+00
8.375523775960932e-02	-5.201407e+00
8.377352814701067e-02	-5.201691e+00
8.380325753081581e-02	-5.201859e+00
8.385109921288414e-02	-5.201876e+00
8.392543508409207e-02	-5.201870e+00
8.402309133409207e-02	-5.201865e+00
8.412074758409206e-02	-5.201861e+00
8.420832209771917e-02	-5.201859e+00
8.424921082116137e-02	-5.201858e+00
8.426470667481778e-02	-5.201858e+00
8.428893400656029e-02	-5.201858e+00
8.432815370135209e-02	-5.201858e+00
8.439030927847579e-02	-5.201858e+00
8.448248432486365e-02	-5.201860e+00
8.458014057486364e-02	-5.201862e+00
8.467779682486364e-02	-5.201866e+00
8.473662318278775e-02	-5.202412e+00
8.476001819271410e-02	-5.202844e+00
8.478130865288927e-02	-5.203102e+00
8.481585382834825e-02	-5.203213e+00
8.487106039703188e-02	-5.203215e+00
8.495499927246118e-02	-5.203210e+00
8.505265552246118e-02	-5.203206e+00
8.515031177246117e-02	-5.203202e+00
8.522393170472135e-02	-5.203200e+00
8.525523775960935e-02	-5.203199e+00
8.527352814701072e-02	-5.203199e+00
8.530325753081591e-02	-5.203199e+00
8.535109921288429e-02	-5.203199e+00
8.542543508409231e-02	-5.203200e+00
8.552309133409230e-02	-5.203202e+00
8.562074758409230e-02	-5.203205e+00
8.570832209771929e-02	-5.203344e+00
8.574921082116141e-02	-5.203872e+00
8.576470667481778e-02	-5.204158e+00
8.578893400656031e-02	-5.204383e+00
8.582815370135211e-02	-5.204451e+00
8.589030927847581e-02	-5.204449e+00
8.598248432486368e-02	-5.204444e+00
8.608014057486367e-02	-5.204440e+00
8.617779682486366e-02	-5.204436e+00
8.623662318278778e-02	-5.204435e+00
8.626001819271410e-02	-5.204435e+00
8.628130865288927e-02	-5.204434e+00
8.631585382834825e-02	-5.204434e+00
8.637106039703188e-02	-5.204435e+00
8.645499927246118e-02	-5.204436e+00
8.655265552246118e-02	-5.204438e+00
8.665031177246117e-02	-5.204441e+00
8.672393170472135e-02	-5.204823e+00
8.675523775960933e-02	-5.205310e+00
8.677352814701068e-02	-5.205583e+00
8.680325753081584e-02	-5.205745e+00
8.685109921288418e-02	-5.205761e+00
8.692543508409213e-02	-5.205756e+00
8.702309133409213e-02	-5.205751e+00
8.712074758409212e-02	-5.205747e+00
8.720832209771920e-02	-5.205744e+00
8.724921082116137e-02	-5.205744e+00
8.726470667481777e-02	-5.205744e+00
8.728893400656028e-02	-5.205743e+00
8.732815370135205e-02	-5.205743e+00
8.739030927847573e-02	-5.205744e+00
8.748248432486355e-02	-5.205746e+00
8.758014057486355e-02	-5.205748e+00
8.767779682486354e-02	-5.205752e+00
8.773662318278772e-02	-5.206278e+00
8.776001819271409e-02	-5.206694e+00
8.778130865288925e-02	-5.206943e+00
8.781585382834821e-02	-5.207050e+00
8.787106039703181e-02	-5.207052e+00
8.795499927246109e-02	-5.207048e+00
8.805265552246108e-02	-5.207043e+00
8.815031177246108e-02	-5.207039e+00
8.822393170472131e-02	-5.207037e+00
8.825523775960932e-02	-5.207037e+00
8.827352814701067e-02	-5.207037e+00
8.830325753081582e-02	-5.207036e+00
8.835109921288414e-02	-5.207036e+00
8.842543508409208e-02	-5.207037e+00
8.852309133409207e-02	-5.207040e+00
8.862074758409207e-02	-5.207042e+00
8.870832209771916e-02	-5.207176e+00
8.874921082116136e-02	-5.207685e+00
8.876470667481777e-02	-5.207961e+00
8.878893400656028e-02	-5.208179e+00
8.882815370135207e-02	-5.208244e+00
8.889030927847576e-02	-5.208241e+00
8.898248432486359e-02	-5.208237e+00
8.908014057486359e-02	-5.208232e+00
8.917779682486358e-02	-5.208229e+00
8.923662318278774e-02	-5.208228e+00
8.926001819271409e-02	-5.208227e+00
8.928130865288925e-02	-5.208227e+00
8.931585382834821e-02	-5.208227e+00
8.937106039703181e-02	-5.208227e+00
8.945499927246109e-02	-5.208229e+00
8.955265552246108e-02	-5.208231e+00
8.965031177246108e-02	-5.208233e+00
8.972393170472132e-02	-5.208601e+00
8.975523775960932e-02	-5.209072e+00
8.977352814701067e-02	-5.209335e+00
8.980325753081582e-02	-5.209491e+00
8.985109921288414e-02	-5.209507e+00
8.992543508409208e-02	-5.209502e+00
9.002309133409207e-02	-5.209497e+00
9.012074758409207e-02	-5.209493e+00
9.020832209771916e-02	-5.209490e+00
9.024921082116136e-02	-5.209489e+00
9.026470667481779e-02	-5.209489e+00
9.028893400656031e-02	-5.209489e+00
9.032815370135211e-02	-5.209489e+00
9.039030927847583e-02	-5.209489e+00
9.048248432486369e-02	-5.209491e+00
9.058014057486369e-02	-5.209494e+00
9.067779682486368e-02	-5.209498e+00
9.073662318278779e-02	-5.210006e+00
9.076001819271411e-02	-5.210407e+00
9.078130865288928e-02	-5.210648e+00
9.081585382834827e-02	-5.210751e+00
9.087106039703190e-02	-5.210752e+00
9.095499927246121e-02	-5.210748e+00
9.105265552246121e-02	-5.210743e+00
9.115031177246120e-02	-5.210740e+00
9.122393170472137e-02	-5.210738e+00
9.125523775960935e-02	-5.210738e+00
9.127352814701072e-02	-5.210737e+00
9.130325753081590e-02	-5.210737e+00
9.135109921288428e-02	-5.210737e+00
9.142543508409229e-02	-5.210738e+00
9.152309133409228e-02	-5.210740e+00
9.162074758409228e-02	-5.210743e+00
9.170832209771929e-02	-5.210872e+00
9.174921082116140e-02	-5.211364e+00
9.176470667481779e-02	-5.211630e+00
9.178893400656031e-02	-5.211840e+00
9.182815370135211e-02	-5.211903e+00
9.189030927847582e-02	-5.211900e+00
9.198248432486367e-02	-5.211895e+00
9.208014057486366e-02	-5.211891e+00
9.217779682486366e-02	-5.211888e+00
9.223662318278777e-02	-5.211886e+00
9.226001819271409e-02	-5.211886e+00
9.228130865288926e-02	-5.211886e+00
9.231585382834824e-02	-5.211886e+00
9.237106039703186e-02	-5.211886e+00
9.245499927246115e-02	-5.211887e+00
9.255265552246114e-02	-5.211890e+00
9.265031177246114e-02	-5.211892e+00
9.272393170472133e-02	-5.212247e+00
9.275523775960932e-02	-5.212702e+00
9.277352814701069e-02	-5.212956e+00
9.280325753081586e-02	-5.213107e+00
9.285109921288422e-02	-5.213122e+00
9.292543508409219e-02	-5.213117e+00
9.302309133409219e-02	-5.213112e+00
9.312074758409218e-02	-5.213108e+00
9.320832209771922e-02	-5.213105e+00
9.324921082116137e-02	-5.213105e+00
9.326470667481777e-02	-5.213105e+00
9.328893400656030e-02	-5.213104e+00
9.332815370135208e-02	-5.213104e+00
9.339030927847577e-02	-5.213105e+00
9.348248432486361e-02	-5.213107e+00
9.358014057486361e-02	-5.213109e+00
9.367779682486360e-02	-5.213113e+00
9.373662318278773e-02	-5.213604e+00
9.376001819271408e-02	-5.213992e+00
9.378130865288924e-02	-5.214224e+00
9.381585382834820e-02	-5.214324e+00
9.387106039703180e-02	-5.214326e+00
9.395499927246106e-02	-5.214322e+00
9.405265552246106e-02	-5.214317e+00
9.415031177246105e-02	-5.214313e+00
9.422393170472129e-02	-5.214311e+00
9.425523775960931e-02	-5.214311e+00
9.427352814701066e-02	-5.214311e+00
9.430325753081581e-02	-5.214310e+00
9.435109921288413e-02	-5.214310e+00
9.442543508409207e-02	-5.214311e+00
9.452309133409206e-02	-5.214314e+00
9.462074758409206e-02	-5.214316e+00
9.470832209771916e-02	-5.214441e+00
9.474921082116136e-02	-5.214916e+00
9.476470667481779e-02	-5.215173e+00
9.478893400656031e-02	-5.215376e+00
9.482815370135211e-02	-5.215437e+00
9.489030927847583e-02	-5.215435e+00
9.498248432486370e-02	-5.215430e+00
9.508014057486369e-02	-5.215425e+00
9.517779682486369e-02	-5.215422e+00
9.523662318278778e-02	-5.215421e+00
9.526001819271411e-02	-5.215421e+00
9.528130865288928e-02	-5.215420e+00
9.531585382834826e-02	-5.215420e+00
9.537106039703189e-02	-5.215420e+00
9.545499927246119e-02	-5.215422e+00
9.555265552246119e-02	-5.215424e+00
9.565031177246118e-02	-5.215426e+00
9.572393170472136e-02	-5.215770e+00
9.575523775960934e-02	-5.216209e+00
9.577352814701072e-02	-5.216455e+00
9.580325753081591e-02	-5.216601e+00
9.585109921288429e-02	-5.216616e+00
9.592543508409231e-02	-5.216610e+00
9.602309133409230e-02	-5.216606e+00
9.612074758409229e-02	-5.216601e+00
9.620832209771929e-02	-5.216599e+00
9.624921082116140e-02	-5.216598e+00
9.626470667481779e-02	-5.216598e+00
9.628893400656031e-02	-5.216598e+00
9.632815370135211e-02	-5.216598e+00
9.639030927847583e-02	-5.216598e+00
9.648248432486371e-02	-5.216600e+00
9.658014057486371e-02	-5.216602e+00
9.667779682486370e-02	-5.216607e+00
9.673662318278778e-02	-5.217082e+00
9.676001819271410e-02	-5.217457e+00
9.678130865288927e-02	-5.217681e+00
9.681585382834824e-02	-5.217779e+00
9.687106039703187e-02	-5.217780e+00
9.695499927246118e-02	-5.217775e+00
9.705265552246117e-02	-5.217771e+00
9.715031177246117e-02	-5.217767e+00
9.722393170472135e-02	-5.217765e+00
9.725523775960933e-02	-5.217765e+00
9.727352814701068e-02	-5.217764e+00
9.730325753081584e-02	-5.217764e+00
9.735109921288418e-02	-5.217764e+00
9.742543508409213e-02	-5.217765e+00
9.752309133409212e-02	-5.217767e+00
9.762074758409212e-02	-5.217770e+00
9.770832209771919e-02	-5.217891e+00
9.774921082116138e-02	-5.218350e+00
9.776470667481778e-02	-5.218599e+00
9.778893400656029e-02	-5.218796e+00
9.782815370135206e-02	-5.218854e+00
9.789030927847575e-02	-5.218853e+00
9.798248432486359e-02	-5.218848e+00
9.808014057486358e-02	-5.218843e+00
9.817779682486358e-02	-5.218840e+00
9.823662318278774e-02	-5.218839e+00
9.826001819271409e-02	-5.218838e+00
9.828130865288924e-02	-5.218838e+00
9.831585382834820e-02	-5.218838e+00
9.837106039703181e-02	-5.218838e+00
9.845499927246108e-02	-5.218840e+00
9.855265552246108e-02	-5.218842e+00
9.865031177246107e-02	-5.218844e+00
9.872393170472131e-02	-5.219176e+00
9.875523775960932e-02	-5.219602e+00
9.877352814701067e-02	-5.219840e+00
9.880325753081581e-02	-5.219981e+00
9.885109921288414e-02	-5.219995e+00
9.892543508409207e-02	-5.219990e+00
9.902309133409207e-02	-5.219985e+00
9.912074758409206e-02	-5.219981e+00
9.920832209771917e-02	-5.219978e+00
9.924921082116137e-02	-5.219978e+00
9.926470667481778e-02	-5.219977e+00
9.928893400656029e-02	-5.219977e+00
9.932815370135208e-02	-5.219977e+00
9.939030927847577e-02	-5.219978e+00
9.948248432486360e-02	-5.219979e+00
9.958014057486360e-02	-5.219982e+00
9.967779682486359e-02	-5.219986e+00
9.973662318278774e-02	-5.220446e+00
9.976001819271409e-02	-5.220809e+00
9.978130865288924e-02	-5.221027e+00
9.981585382834821e-02	-5.221121e+00
9.987106039703181e-02	-5.221122e+00
9.995499927246108e-02	-5.221118e+00
1.000000000000000e-01	-5.221116e+00
