time	V(v_out)	V(n001)
0.000000000000000e+00	0.000000e+00	0.000000e+00
9.765624975344167e-10	6.174975e-12	1.840777e-06
1.953124995068833e-09	1.236095e-11	3.681554e-06
3.906249990137667e-09	2.473370e-11	7.363108e-06
7.812499980275334e-09	4.948408e-11	1.472622e-05
1.562499996055067e-08	9.900426e-11	2.945243e-05
3.124999992110133e-08	1.981223e-10	5.890486e-05
6.249999984220267e-08	3.966687e-10	1.178097e-04
1.249999996844053e-07	7.950015e-10	2.356194e-04
2.499999993688107e-07	1.596613e-09	4.712389e-04
4.999999987376214e-07	3.219504e-09	9.424778e-04
9.999999974752427e-07	6.543071e-09	1.884955e-03
1.999999994950485e-06	1.349432e-08	3.769910e-03
3.999999989900971e-06	2.855927e-08	7.539814e-03
7.999999979801942e-06	6.293808e-08	1.507958e-02
1.599999995960388e-05	1.459276e-07	3.015878e-02
3.059058054249537e-05	3.327279e-07	5.765834e-02
4.949514123882385e-05	6.176980e-07	9.328111e-02
6.910118217265079e-05	9.408632e-07	1.302117e-01
8.987346205146650e-05	1.297678e-06	1.693175e-01
1.103888557272396e-04	1.656507e-06	2.079113e-01
1.312716391516652e-04	2.024166e-06	2.471607e-01
1.519087527300254e-04	2.387950e-06	2.859067e-01
1.727042144437557e-04	2.753999e-06	3.249013e-01
1.933867282867448e-04	3.116976e-06	3.636291e-01
2.142076072708676e-04	3.480785e-06	4.025539e-01
2.350845594459898e-04	3.843235e-06	4.415144e-01
2.562612181064055e-04	4.207158e-06	4.809566e-01
2.779305646987037e-04	4.573143e-06	5.212281e-01
3.007501628347579e-04	4.947082e-06	5.635328e-01
3.259820215296760e-04	5.340321e-06	6.101744e-01
3.575653352656400e-04	5.797511e-06	6.683392e-01
3.897697135765262e-04	6.230353e-06	7.273766e-01
4.230655776734479e-04	6.657928e-06	7.881015e-01
4.630740413126096e-04	7.161454e-06	8.606103e-01
5.129063582646096e-04	7.784206e-06	9.501575e-01
5.728974466486440e-04	8.532536e-06	1.056716e+00
6.705536966486440e-04	9.750007e-06	1.226900e+00
7.682099466486440e-04	1.096690e-05	1.392465e+00
8.658661966486439e-04	1.218318e-05	1.552790e+00
9.635224466486439e-04	1.339879e-05	1.707271e+00
1.061178696648644e-03	1.461371e-05	1.855325e+00
1.158834946648644e-03	1.582787e-05	1.996397e+00
1.256491196648644e-03	1.704119e-05	2.129955e+00
1.354147446648644e-03	1.825361e-05	2.255496e+00
1.451803696648644e-03	1.946500e-05	2.372547e+00
1.549459946648644e-03	2.067525e-05	2.480669e+00
1.647116196648645e-03	2.188418e-05	2.579455e+00
1.744772446648645e-03	2.309159e-05	2.668532e+00
1.842428696648645e-03	2.429721e-05	2.747565e+00
1.940084946648645e-03	2.550069e-05	2.816257e+00
2.037741196648645e-03	2.670155e-05	2.874349e+00
2.135397446648645e-03	2.789919e-05	2.921623e+00
2.233053696648645e-03	2.909273e-05	2.957900e+00
2.330709946648645e-03	3.028102e-05	2.983045e+00
2.428366196648645e-03	3.146239e-05	2.996962e+00
2.526022446648645e-03	3.263462e-05	2.999599e+00
2.623678696648645e-03	3.379483e-05	2.990946e+00
2.721334946648645e-03	3.493932e-05	2.971036e+00
2.818991196648646e-03	3.606389e-05	2.939944e+00
2.916647446648646e-03	3.716415e-05	2.897787e+00
3.014303696648646e-03	3.823568e-05	2.844723e+00
3.111959946648646e-03	3.927237e-05	2.780952e+00
3.209616196648646e-03	4.025643e-05	2.706714e+00
3.307272446648646e-03	4.110014e-05	2.622289e+00
3.404928696648646e-03	4.125655e-05	2.527994e+00
3.502584946648646e-03	3.645525e-05	2.424184e+00
3.556897760964239e-03	2.492381e-05	2.362474e+00
3.597062547630492e-03	1.522820e-06	2.315065e+00
3.627349305129602e-03	-3.686514e-05	2.278339e+00
3.656974810924669e-03	-1.130231e-04	2.241617e+00
3.684572584032080e-03	-2.530478e-04	2.206709e+00
3.714165150677818e-03	-5.564970e-04	2.168542e+00
3.743087520341195e-03	-1.161124e-03	2.130514e+00
3.773210584520710e-03	-2.453252e-03	2.090159e+00
3.803375476908675e-03	-5.057981e-03	2.048999e+00
3.835477635743708e-03	-1.042185e-02	2.004386e+00
3.870834090832923e-03	-2.099434e-02	1.954309e+00
3.911593704511983e-03	-4.008426e-02	1.895383e+00
3.954030065713879e-03	-6.625046e-02	1.832713e+00
4.003096827826546e-03	-1.009150e-01	1.758630e+00
4.061224953664571e-03	-1.447298e-01	1.668709e+00
4.130394000128767e-03	-1.988390e-01	1.558818e+00
4.226722769421866e-03	-2.768213e-01	1.400919e+00
4.324379019421866e-03	-3.586388e-01	1.235610e+00
4.422035269421865e-03	-4.429027e-01	1.065650e+00
4.519691519421865e-03	-5.292904e-01	8.916799e-01
4.617347769421865e-03	-6.174682e-01	7.143535e-01
4.715004019421864e-03	-7.070979e-01	5.343384e-01
4.812660269421864e-03	-7.978373e-01	3.523122e-01
4.910316519421864e-03	-8.893414e-01	1.689599e-01
5.007972769421863e-03	-9.812634e-01	-1.502825e-02
5.105629019421863e-03	-1.073256e+00	-1.989599e-01
5.203285269421863e-03	-1.164974e+00	-3.821427e-01
5.300941519421862e-03	-1.256072e+00	-5.638871e-01
5.398597769421862e-03	-1.346210e+00	-7.435093e-01
5.496254019421862e-03	-1.435052e+00	-9.203330e-01
5.593910269421861e-03	-1.522268e+00	-1.093693e+00
5.691566519421861e-03	-1.607536e+00	-1.262936e+00
5.789222769421861e-03	-1.690542e+00	-1.427426e+00
5.886879019421860e-03	-1.770984e+00	-1.586544e+00
5.984535269421860e-03	-1.848568e+00	-1.739690e+00
6.082191519421860e-03	-1.923017e+00	-1.886288e+00
6.179847769421859e-03	-1.994066e+00	-2.025787e+00
6.277504019421859e-03	-2.061465e+00	-2.157661e+00
6.375160269421858e-03	-2.124985e+00	-2.281414e+00
6.472816519421858e-03	-2.184412e+00	-2.396580e+00
6.570472769421858e-03	-2.239557e+00	-2.502727e+00
6.668129019421857e-03	-2.290252e+00	-2.599453e+00
6.765785269421857e-03	-2.336358e+00	-2.686396e+00
6.863441519421857e-03	-2.377766e+00	-2.763228e+00
6.961097769421856e-03	-2.414400e+00	-2.829660e+00
7.058754019421856e-03	-2.446231e+00	-2.885441e+00
7.156410269421856e-03	-2.473280e+00	-2.930362e+00
7.254066519421855e-03	-2.495633e+00	-2.964254e+00
7.351722769421855e-03	-2.513462e+00	-2.986990e+00
7.449379019421855e-03	-2.527053e+00	-2.998483e+00
7.547035269421854e-03	-2.536818e+00	-2.998690e+00
7.644691519421854e-03	-2.543309e+00	-2.987611e+00
7.742347769421854e-03	-2.547217e+00	-2.965287e+00
7.840004019421854e-03	-2.549298e+00	-2.931803e+00
7.937660269421854e-03	-2.550254e+00	-2.887284e+00
8.024838256290221e-03	-2.550596e+00	-2.838355e+00
8.092484257609684e-03	-2.550700e+00	-2.794513e+00
8.161174353539089e-03	-2.550744e+00	-2.744831e+00
8.240023952465056e-03	-2.550761e+00	-2.681504e+00
8.333752535815007e-03	-2.550766e+00	-2.597681e+00
8.431408785815006e-03	-2.550765e+00	-2.500769e+00
8.529065035815006e-03	-2.550764e+00	-2.394445e+00
8.626721285815006e-03	-2.550762e+00	-2.279109e+00
8.724377535815005e-03	-2.550761e+00	-2.155195e+00
8.822033785815005e-03	-2.550759e+00	-2.023170e+00
8.919690035815005e-03	-2.550758e+00	-1.883529e+00
9.017346285815004e-03	-2.550756e+00	-1.736799e+00
9.115002535815004e-03	-2.550755e+00	-1.583532e+00
9.212658785815004e-03	-2.550753e+00	-1.424306e+00
9.310315035815003e-03	-2.550751e+00	-1.259718e+00
9.407971285815003e-03	-2.550750e+00	-1.090389e+00
9.505627535815003e-03	-2.550748e+00	-9.169567e-01
9.603283785815002e-03	-2.550747e+00	-7.400727e-01
9.700940035815002e-03	-2.550745e+00	-5.604033e-01
9.798596285815002e-03	-2.550743e+00	-3.786246e-01
9.896252535815001e-03	-2.550742e+00	-1.954209e-01
9.993908785815001e-03	-2.550740e+00	-1.148164e-02
1.009156503581500e-02	-2.550739e+00	1.725008e-01
1.017184708763578e-02	-2.550737e+00	3.232951e-01
1.020517289740210e-02	-2.550737e+00	3.856715e-01
1.023277798258428e-02	-2.550736e+00	4.372135e-01
1.025921312461789e-02	-2.550736e+00	4.864480e-01
1.028322909341835e-02	-2.550735e+00	5.310608e-01
1.030756217028159e-02	-2.550735e+00	5.761394e-01
1.033106239506490e-02	-2.550735e+00	6.195474e-01
1.036028817633233e-02	-2.550735e+00	6.733416e-01
1.039084671752402e-02	-2.550734e+00	7.293459e-01
1.043436385357989e-02	-2.550734e+00	8.086302e-01
1.048161168092770e-02	-2.550733e+00	8.940251e-01
1.053384471596663e-02	-2.550732e+00	9.875102e-01
1.060739743664602e-02	-2.550731e+00	1.117326e+00
1.070505368664602e-02	-2.550730e+00	1.285951e+00
1.080270993664602e-02	-2.550729e+00	1.449735e+00
1.090036618664602e-02	-2.550728e+00	1.608063e+00
1.099802243664602e-02	-2.550726e+00	1.760339e+00
1.109567868664602e-02	-2.550725e+00	1.905989e+00
1.119333493664602e-02	-2.550724e+00	2.044465e+00
1.129099118664602e-02	-2.550723e+00	2.175246e+00
1.138864743664602e-02	-2.550722e+00	2.297841e+00
1.148630368664602e-02	-2.550720e+00	2.411787e+00
1.158395993664602e-02	-2.550719e+00	2.516655e+00
1.168161618664602e-02	-2.550718e+00	2.612051e+00
1.177927243664602e-02	-2.550717e+00	2.697616e+00
1.187692868664602e-02	-2.550716e+00	2.773028e+00
1.197458493664602e-02	-2.550714e+00	2.838002e+00
1.207224118664602e-02	-2.550713e+00	2.892296e+00
1.216989743664602e-02	-2.550712e+00	2.935703e+00
1.226755368664601e-02	-2.550711e+00	2.968061e+00
1.236520993664601e-02	-2.550709e+00	2.989248e+00
1.246286618664601e-02	-2.550708e+00	2.999183e+00
1.256052243664601e-02	-2.550707e+00	2.997831e+00
1.265817868664601e-02	-2.550706e+00	2.985196e+00
1.275583493664601e-02	-2.550705e+00	2.961324e+00
1.285349118664601e-02	-2.550704e+00	2.926308e+00
1.295114743664601e-02	-2.550703e+00	2.880277e+00
1.300944912561470e-02	-2.550702e+00	2.847615e+00
1.305874460221570e-02	-2.550701e+00	2.817016e+00
1.310516272952461e-02	-2.550701e+00	2.785732e+00
1.314936819085379e-02	-2.550700e+00	2.753737e+00
1.319198751309788e-02	-2.550700e+00	2.720877e+00
1.323681587049896e-02	-2.550699e+00	2.684210e+00
1.328739765581292e-02	-2.550699e+00	2.640281e+00
1.334458309514233e-02	-2.550698e+00	2.587409e+00
1.342007458176208e-02	-2.550697e+00	2.512507e+00
1.351773083176208e-02	-2.550696e+00	2.407256e+00
1.361538708176208e-02	-2.550695e+00	2.292944e+00
1.371304333176208e-02	-2.550694e+00	2.170002e+00
1.381069958176208e-02	-2.550694e+00	2.038893e+00
1.390835583176208e-02	-2.550693e+00	1.900110e+00
1.400601208176208e-02	-2.550692e+00	1.754175e+00
1.410366833176208e-02	-2.550691e+00	1.601638e+00
1.420132458176208e-02	-2.550690e+00	1.443073e+00
1.429898083176208e-02	-2.550689e+00	1.279076e+00
1.439663708176208e-02	-2.550688e+00	1.110265e+00
1.449429333176208e-02	-2.550687e+00	9.372754e-01
1.459194958176208e-02	-2.550687e+00	7.607580e-01
1.468960583176208e-02	-2.550686e+00	5.813773e-01
1.478726208176208e-02	-2.550685e+00	3.998085e-01
1.488491833176208e-02	-2.550684e+00	2.167349e-01
1.498257458176208e-02	-2.550684e+00	3.284548e-02
1.508023083176208e-02	-2.550692e+00	-1.511675e-01
1.514852506709658e-02	-2.550764e+00	-2.795570e-01
1.518095206509889e-02	-2.550899e+00	-3.403522e-01
1.520686861670201e-02	-2.551188e+00	-3.888411e-01
1.522939749693676e-02	-2.551762e+00	-4.309085e-01
1.525255370295755e-02	-2.553047e+00	-4.740571e-01
1.527571328986052e-02	-2.555737e+00	-5.171117e-01
1.530195342583913e-02	-2.561872e+00	-5.657604e-01
1.533987433811972e-02	-2.579212e+00	-6.357899e-01
1.536955647770884e-02	-2.599642e+00	-6.903547e-01
1.540213933861033e-02	-2.626364e+00	-7.499748e-01
1.544764446734295e-02	-2.666595e+00	-8.327087e-01
1.549659511030519e-02	-2.710716e+00	-9.209449e-01
1.555247876337851e-02	-2.760814e+00	-1.020609e+00
1.564128695785654e-02	-2.839238e+00	-1.176353e+00
1.573894320785654e-02	-2.923444e+00	-1.343369e+00
1.583659945785654e-02	-3.005244e+00	-1.505329e+00
1.593425570785654e-02	-3.084335e+00	-1.661623e+00
1.603191195785654e-02	-3.160433e+00	-1.811663e+00
1.612956820785654e-02	-3.233264e+00	-1.954884e+00
1.622722445785655e-02	-3.302572e+00	-2.090747e+00
1.632488070785655e-02	-3.368117e+00	-2.218742e+00
1.642253695785655e-02	-3.429677e+00	-2.338386e+00
1.652019320785655e-02	-3.487049e+00	-2.449228e+00
1.661784945785655e-02	-3.540054e+00	-2.550852e+00
1.671550570785655e-02	-3.588539e+00	-2.642875e+00
1.681316195785655e-02	-3.632377e+00	-2.724952e+00
1.691081820785656e-02	-3.671476e+00	-2.796772e+00
1.700847445785656e-02	-3.705781e+00	-2.858065e+00
1.710613070785656e-02	-3.735285e+00	-2.908602e+00
1.720378695785656e-02	-3.760040e+00	-2.948191e+00
1.730144320785656e-02	-3.780171e+00	-2.976684e+00
1.739909945785656e-02	-3.795898e+00	-2.993973e+00
1.749675570785656e-02	-3.807570e+00	-2.999994e+00
1.759441195785657e-02	-3.815670e+00	-2.994723e+00
1.769206820785657e-02	-3.820816e+00	-2.978181e+00
1.778972445785657e-02	-3.823744e+00	-2.950430e+00
1.788738070785657e-02	-3.825199e+00	-2.911574e+00
1.798503695785657e-02	-3.825816e+00	-2.861759e+00
1.808269320785657e-02	-3.826036e+00	-2.801173e+00
1.818034945785657e-02	-3.826099e+00	-2.730045e+00
1.827800570785658e-02	-3.826114e+00	-2.648641e+00
1.837566195785658e-02	-3.826116e+00	-2.557268e+00
1.847331820785658e-02	-3.826115e+00	-2.456271e+00
1.857097445785658e-02	-3.826113e+00	-2.346028e+00
1.866863070785658e-02	-3.826112e+00	-2.226956e+00
1.876628695785658e-02	-3.826110e+00	-2.099501e+00
1.886394320785658e-02	-3.826109e+00	-1.964145e+00
1.896159945785659e-02	-3.826107e+00	-1.821396e+00
1.905925570785659e-02	-3.826105e+00	-1.671792e+00
1.915691195785659e-02	-3.826104e+00	-1.515895e+00
1.925456820785659e-02	-3.826102e+00	-1.354294e+00
1.935222445785659e-02	-3.826101e+00	-1.187594e+00
1.944988070785659e-02	-3.826099e+00	-1.016425e+00
1.954753695785659e-02	-3.826097e+00	-8.414307e-01
1.964519320785659e-02	-3.826096e+00	-6.632691e-01
1.974284945785660e-02	-3.826094e+00	-4.826111e-01
1.984050570785660e-02	-3.826093e+00	-3.001367e-01
1.993816195785660e-02	-3.826091e+00	-1.165326e-01
2.003581820785660e-02	-3.826089e+00	6.751003e-02
2.013347445785660e-02	-3.826088e+00	2.512986e-01
2.023113070785660e-02	-3.826086e+00	4.341414e-01
2.032878695785660e-02	-3.826085e+00	6.153501e-01
2.042644320785661e-02	-3.826083e+00	7.942428e-01
2.052409945785661e-02	-3.826082e+00	9.701461e-01
2.062175570785661e-02	-3.826080e+00	1.142398e+00
2.071941195785661e-02	-3.826079e+00	1.310350e+00
2.078510397096289e-02	-3.826078e+00	1.420593e+00
2.083474745800920e-02	-3.826077e+00	1.502308e+00
2.086472774845404e-02	-3.826076e+00	1.550954e+00
2.089130040772696e-02	-3.826076e+00	1.593611e+00
2.091905218696880e-02	-3.826076e+00	1.637686e+00
2.094448783200926e-02	-3.826075e+00	1.677647e+00
2.097083832874181e-02	-3.826075e+00	1.718592e+00
2.099786365423981e-02	-3.826074e+00	1.760096e+00
2.102746882285579e-02	-3.826074e+00	1.804980e+00
2.106462038122964e-02	-3.826073e+00	1.860419e+00
2.109686102518098e-02	-3.826073e+00	1.907709e+00
2.113950992866732e-02	-3.826072e+00	1.969060e+00
2.117873457261251e-02	-3.826072e+00	2.024239e+00
2.122517834051708e-02	-3.826071e+00	2.087980e+00
2.128384684173398e-02	-3.826071e+00	2.165951e+00
2.135532703278355e-02	-3.826070e+00	2.256961e+00
2.145298328278355e-02	-3.826068e+00	2.373908e+00
2.155063953278355e-02	-3.826067e+00	2.481919e+00
2.164829578278355e-02	-3.826066e+00	2.580589e+00
2.174595203278355e-02	-3.826065e+00	2.669547e+00
2.184360828278355e-02	-3.826064e+00	2.748457e+00
2.194126453278356e-02	-3.826062e+00	2.817022e+00
2.203892078278356e-02	-3.826061e+00	2.874985e+00
2.213657703278356e-02	-3.826060e+00	2.922127e+00
2.223423328278356e-02	-3.826059e+00	2.958271e+00
2.233188953278356e-02	-3.826058e+00	2.983280e+00
2.242954578278356e-02	-3.826056e+00	2.997061e+00
2.252720203278356e-02	-3.826055e+00	2.999562e+00
2.262485828278357e-02	-3.826054e+00	2.990773e+00
2.272251453278357e-02	-3.826053e+00	2.970727e+00
2.282017078278357e-02	-3.826052e+00	2.939501e+00
2.291782703278357e-02	-3.826051e+00	2.897211e+00
2.301548328278357e-02	-3.826049e+00	2.844016e+00
2.311313953278357e-02	-3.826048e+00	2.780117e+00
2.321079578278357e-02	-3.826047e+00	2.705754e+00
2.330845203278357e-02	-3.826046e+00	2.621208e+00
2.340610828278358e-02	-3.826045e+00	2.526796e+00
2.350376453278358e-02	-3.826044e+00	2.422873e+00
2.360142078278358e-02	-3.826043e+00	2.309832e+00
2.369907703278358e-02	-3.826042e+00	2.188097e+00
2.379673328278358e-02	-3.826041e+00	2.058126e+00
2.389438953278358e-02	-3.826040e+00	1.920409e+00
2.399204578278358e-02	-3.826039e+00	1.775464e+00
2.408970203278359e-02	-3.826038e+00	1.623836e+00
2.418735828278359e-02	-3.826037e+00	1.466097e+00
2.428501453278359e-02	-3.826036e+00	1.302840e+00
2.438267078278359e-02	-3.826035e+00	1.134679e+00
2.448032703278359e-02	-3.826035e+00	9.622470e-01
2.457798328278359e-02	-3.826034e+00	7.861937e-01
2.467563953278359e-02	-3.826033e+00	6.071814e-01
2.477329578278360e-02	-3.826032e+00	4.258838e-01
2.487095203278360e-02	-3.826031e+00	2.429832e-01
2.496860828278360e-02	-3.826030e+00	5.916816e-02
2.506626453278360e-02	-3.826030e+00	-1.248696e-01
2.516392078278360e-02	-3.826029e+00	-3.084374e-01
2.526157703278360e-02	-3.826028e+00	-4.908443e-01
2.535923328278360e-02	-3.826027e+00	-6.714038e-01
2.545688953278361e-02	-3.826027e+00	-8.494363e-01
2.555454578278361e-02	-3.826026e+00	-1.024272e+00
2.565220203278361e-02	-3.826025e+00	-1.195252e+00
2.574985828278361e-02	-3.826027e+00	-1.361733e+00
2.584751453278361e-02	-3.826080e+00	-1.523090e+00
2.591463656517410e-02	-3.826395e+00	-1.630706e+00
2.596659682196285e-02	-3.827597e+00	-1.712033e+00
2.599969752393492e-02	-3.829762e+00	-1.762895e+00
2.603384580185174e-02	-3.834836e+00	-1.814567e+00
2.607215803152894e-02	-3.846222e+00	-1.871544e+00
2.610382205696327e-02	-3.860853e+00	-1.917818e+00
2.614529136374680e-02	-3.885362e+00	-1.977269e+00
2.618811616696468e-02	-3.913857e+00	-2.037255e+00
2.623454232199769e-02	-3.945557e+00	-2.100618e+00
2.629466146790145e-02	-3.985988e+00	-2.180005e+00
2.636998893543943e-02	-4.034763e+00	-2.275072e+00
2.646764518543943e-02	-4.094412e+00	-2.390704e+00
2.656530143543943e-02	-4.149789e+00	-2.497339e+00
2.666295768543944e-02	-4.200724e+00	-2.594573e+00
2.676061393543944e-02	-4.247076e+00	-2.682043e+00
2.685827018543944e-02	-4.288734e+00	-2.759418e+00
2.695592643543944e-02	-4.325623e+00	-2.826407e+00
2.705358268543944e-02	-4.357708e+00	-2.882758e+00
2.715123893543944e-02	-4.385008e+00	-2.928259e+00
2.724889518543944e-02	-4.407607e+00	-2.962739e+00
2.734655143543945e-02	-4.425669e+00	-2.986067e+00
2.744420768543945e-02	-4.439476e+00	-2.998157e+00
2.754186393543945e-02	-4.449431e+00	-2.998962e+00
2.763952018543945e-02	-4.456079e+00	-2.988480e+00
2.773717643543945e-02	-4.460105e+00	-2.966750e+00
2.783483268543945e-02	-4.462264e+00	-2.933854e+00
2.793248893543945e-02	-4.463264e+00	-2.889915e+00
2.803014518543945e-02	-4.463655e+00	-2.835100e+00
2.812780143543946e-02	-4.463783e+00	-2.769614e+00
2.822545768543946e-02	-4.463816e+00	-2.693703e+00
2.832311393543946e-02	-4.463822e+00	-2.607654e+00
2.842077018543946e-02	-4.463822e+00	-2.511791e+00
2.851842643543946e-02	-4.463821e+00	-2.406473e+00
2.861608268543946e-02	-4.463820e+00	-2.292099e+00
2.871373893543946e-02	-4.463818e+00	-2.169097e+00
2.881139518543947e-02	-4.463817e+00	-2.037931e+00
2.890905143543947e-02	-4.463815e+00	-1.899095e+00
2.900670768543947e-02	-4.463813e+00	-1.753111e+00
2.910436393543947e-02	-4.463812e+00	-1.600529e+00
2.920202018543947e-02	-4.463810e+00	-1.441923e+00
2.929967643543947e-02	-4.463809e+00	-1.277890e+00
2.939733268543947e-02	-4.463807e+00	-1.109047e+00
2.949498893543948e-02	-4.463805e+00	-9.360297e-01
2.959264518543948e-02	-4.463804e+00	-7.594896e-01
2.969030143543948e-02	-4.463802e+00	-5.800909e-01
2.978795768543948e-02	-4.463800e+00	-3.985090e-01
2.988561393543948e-02	-4.463799e+00	-2.154271e-01
2.998327018543948e-02	-4.463798e+00	-3.153438e-02
3.008092643543948e-02	-4.463796e+00	1.524770e-01
3.017858268543949e-02	-4.463794e+00	3.359145e-01
3.027623893543949e-02	-4.463793e+00	5.180877e-01
3.037389518543949e-02	-4.463791e+00	6.983109e-01
3.047155143543949e-02	-4.463789e+00	8.759059e-01
3.056920768543949e-02	-4.463788e+00	1.050204e+00
3.066686393543949e-02	-4.463787e+00	1.220550e+00
3.076452018543949e-02	-4.463785e+00	1.386301e+00
3.086217643543950e-02	-4.463783e+00	1.546835e+00
3.095983268543950e-02	-4.463782e+00	1.701547e+00
3.105748893543950e-02	-4.463780e+00	1.849855e+00
3.115514518543950e-02	-4.463779e+00	1.991200e+00
3.125280143543950e-02	-4.463778e+00	2.125051e+00
3.135045768543950e-02	-4.463776e+00	2.250904e+00
3.139890057686139e-02	-4.463776e+00	2.310218e+00
3.144433671596329e-02	-4.463775e+00	2.363907e+00
3.148591645792426e-02	-4.463774e+00	2.411352e+00
3.153121610659251e-02	-4.463774e+00	2.461168e+00
3.157795630819599e-02	-4.463773e+00	2.510477e+00
3.162531335260387e-02	-4.463772e+00	2.558229e+00
3.167591378005217e-02	-4.463772e+00	2.606748e+00
3.174170923775853e-02	-4.463771e+00	2.665889e+00
3.181990437763112e-02	-4.463770e+00	2.730243e+00
3.189960207974418e-02	-4.463769e+00	2.789053e+00
3.199725832974418e-02	-4.463768e+00	2.851568e+00
3.209491457974418e-02	-4.463767e+00	2.903351e+00
3.219257082974418e-02	-4.463765e+00	2.944206e+00
3.229022707974418e-02	-4.463764e+00	2.973979e+00
3.238788332974418e-02	-4.463763e+00	2.992559e+00
3.248553957974418e-02	-4.463762e+00	2.999876e+00
3.258319582974419e-02	-4.463760e+00	2.995902e+00
3.268085207974419e-02	-4.463759e+00	2.980652e+00
3.277850832974419e-02	-4.463758e+00	2.954184e+00
3.287616457974419e-02	-4.463757e+00	2.916596e+00
3.297382082974419e-02	-4.463756e+00	2.868032e+00
3.307147707974419e-02	-4.463755e+00	2.808672e+00
3.316913332974419e-02	-4.463754e+00	2.738742e+00
3.326678957974420e-02	-4.463753e+00	2.658503e+00
3.336444582974420e-02	-4.463751e+00	2.568259e+00
3.346210207974420e-02	-4.463750e+00	2.468348e+00
3.355975832974420e-02	-4.463749e+00	2.359147e+00
3.365741457974420e-02	-4.463748e+00	2.241066e+00
3.375507082974420e-02	-4.463748e+00	2.114551e+00
3.385272707974420e-02	-4.463747e+00	1.980077e+00
3.395038332974420e-02	-4.463746e+00	1.838150e+00
3.404803957974421e-02	-4.463745e+00	1.689305e+00
3.414569582974421e-02	-4.463744e+00	1.534102e+00
3.424335207974421e-02	-4.463743e+00	1.373125e+00
3.434100832974421e-02	-4.463742e+00	1.206980e+00
3.443866457974421e-02	-4.463741e+00	1.036291e+00
3.453632082974421e-02	-4.463740e+00	8.617029e-01
3.463397707974421e-02	-4.463739e+00	6.838712e-01
3.473163332974422e-02	-4.463738e+00	5.034655e-01
3.482928957974422e-02	-4.463737e+00	3.211649e-01
3.492694582974422e-02	-4.463737e+00	1.376555e-01
3.502460207974422e-02	-4.463736e+00	-4.637198e-02
3.512225832974422e-02	-4.463735e+00	-2.302250e-01
3.521991457974422e-02	-4.463734e+00	-4.132114e-01
3.531757082974422e-02	-4.463733e+00	-5.946426e-01
3.541522707974423e-02	-4.463732e+00	-7.738357e-01
3.551288332974423e-02	-4.463732e+00	-9.501163e-01
3.561053957974423e-02	-4.463731e+00	-1.122821e+00
3.570819582974423e-02	-4.463730e+00	-1.291299e+00
3.580585207974423e-02	-4.463729e+00	-1.454918e+00
3.590350832974423e-02	-4.463728e+00	-1.613060e+00
3.600116457974423e-02	-4.463727e+00	-1.765131e+00
3.609882082974424e-02	-4.463727e+00	-1.910559e+00
3.619647707974424e-02	-4.463733e+00	-2.048795e+00
3.629413332974424e-02	-4.463812e+00	-2.179321e+00
3.637307549807588e-02	-4.464267e+00	-2.278860e+00
3.641568074766693e-02	-4.465040e+00	-2.330268e+00
3.646009958999858e-02	-4.467074e+00	-2.382085e+00
3.650085182253335e-02	-4.471147e+00	-2.427994e+00
3.655233295270562e-02	-4.481362e+00	-2.483711e+00
3.659387720756090e-02	-4.494325e+00	-2.526781e+00
3.664866110911381e-02	-4.516234e+00	-2.580940e+00
3.670281265962236e-02	-4.540423e+00	-2.631470e+00
3.676451464181852e-02	-4.568104e+00	-2.685329e+00
3.684010488470160e-02	-4.600289e+00	-2.745803e+00
3.693202923994881e-02	-4.635896e+00	-2.810988e+00
3.702968548994881e-02	-4.669149e+00	-2.869964e+00
3.712734173994881e-02	-4.697616e+00	-2.918137e+00
3.722499798994881e-02	-4.721353e+00	-2.955327e+00
3.732265423994881e-02	-4.740505e+00	-2.981395e+00
3.742031048994882e-02	-4.755323e+00	-2.996240e+00
3.751796673994882e-02	-4.766176e+00	-2.999809e+00
3.761562298994882e-02	-4.773574e+00	-2.992087e+00
3.771327923994882e-02	-4.778172e+00	-2.973103e+00
3.781093548994882e-02	-4.780719e+00	-2.942930e+00
3.790859173994882e-02	-4.781944e+00	-2.901680e+00
3.800624798994882e-02	-4.782444e+00	-2.849508e+00
3.810390423994883e-02	-4.782615e+00	-2.786612e+00
3.820156048994883e-02	-4.782663e+00	-2.713228e+00
3.829921673994883e-02	-4.782672e+00	-2.629631e+00
3.839687298994883e-02	-4.782673e+00	-2.536137e+00
3.849452923994883e-02	-4.782672e+00	-2.433098e+00
3.859218548994883e-02	-4.782670e+00	-2.320901e+00
3.868984173994883e-02	-4.782669e+00	-2.199969e+00
3.878749798994884e-02	-4.782668e+00	-2.070756e+00
3.888515423994884e-02	-4.782666e+00	-1.933750e+00
3.898281048994884e-02	-4.782664e+00	-1.789466e+00
3.908046673994884e-02	-4.782663e+00	-1.638446e+00
3.917812298994884e-02	-4.782661e+00	-1.481260e+00
3.927577923994884e-02	-4.782660e+00	-1.318498e+00
3.937343548994884e-02	-4.782658e+00	-1.150774e+00
3.947109173994885e-02	-4.782657e+00	-9.787191e-01
3.956874798994885e-02	-4.782655e+00	-8.029801e-01
3.966640423994885e-02	-4.782653e+00	-6.242189e-01
3.976406048994885e-02	-4.782652e+00	-4.431083e-01
3.986171673994885e-02	-4.782650e+00	-2.603300e-01
3.995937298994885e-02	-4.782649e+00	-7.657179e-02
4.005702923994885e-02	-4.782647e+00	1.074746e-01
4.015468548994885e-02	-4.782645e+00	2.911164e-01
4.025234173994886e-02	-4.782644e+00	4.736626e-01
4.034999798994886e-02	-4.782642e+00	6.544260e-01
4.044765423994886e-02	-4.782640e+00	8.327263e-01
4.054531048994886e-02	-4.782639e+00	1.007892e+00
4.064296673994886e-02	-4.782638e+00	1.179265e+00
4.074062298994886e-02	-4.782636e+00	1.346199e+00
4.083827923994886e-02	-4.782635e+00	1.508067e+00
4.093593548994887e-02	-4.782633e+00	1.664258e+00
4.103359173994887e-02	-4.782631e+00	1.814185e+00
4.113124798994887e-02	-4.782630e+00	1.957285e+00
4.122890423994887e-02	-4.782629e+00	2.093017e+00
4.132656048994887e-02	-4.782627e+00	2.220872e+00
4.142421673994887e-02	-4.782626e+00	2.340368e+00
4.152187298994887e-02	-4.782624e+00	2.451055e+00
4.161952923994888e-02	-4.782623e+00	2.552517e+00
4.167078956846243e-02	-4.782622e+00	2.601953e+00
4.172462262374439e-02	-4.782621e+00	2.650964e+00
4.177682416249655e-02	-4.782621e+00	2.695594e+00
4.183480928950247e-02	-4.782620e+00	2.741767e+00
4.190411578728286e-02	-4.782619e+00	2.792176e+00
4.196467976830703e-02	-4.782619e+00	2.831895e+00
4.203142120875412e-02	-4.782618e+00	2.870915e+00
4.212897132967584e-02	-4.782616e+00	2.918848e+00
4.222662757967584e-02	-4.782615e+00	2.955854e+00
4.232393247228133e-02	-4.782614e+00	2.981661e+00
4.242158872228133e-02	-4.782613e+00	2.996360e+00
4.251924497228133e-02	-4.782611e+00	2.999781e+00
4.261690122228133e-02	-4.782610e+00	2.991911e+00
4.271455747228133e-02	-4.782609e+00	2.972780e+00
4.281221372228133e-02	-4.782608e+00	2.942461e+00
4.290986997228134e-02	-4.782607e+00	2.901067e+00
4.299609875707867e-02	-4.782606e+00	2.855433e+00
4.308443664255313e-02	-4.782605e+00	2.799995e+00
4.316621229879224e-02	-4.782604e+00	2.740985e+00
4.324561493494051e-02	-4.782603e+00	2.676762e+00
4.334327118494051e-02	-4.782602e+00	2.588660e+00
4.344092743494051e-02	-4.782601e+00	2.490814e+00
4.353858368494051e-02	-4.782600e+00	2.383593e+00
4.363623993494051e-02	-4.782599e+00	2.267401e+00
4.373389618494052e-02	-4.782598e+00	2.142676e+00
4.383155243494052e-02	-4.782597e+00	2.009885e+00
4.392920868494052e-02	-4.782596e+00	1.869530e+00
4.402686493494052e-02	-4.782595e+00	1.722139e+00
4.412452118494052e-02	-4.782594e+00	1.568265e+00
4.422217743494052e-02	-4.782593e+00	1.408489e+00
4.431983368494052e-02	-4.782592e+00	1.243412e+00
4.441748993494053e-02	-4.782591e+00	1.073655e+00
4.451514618494053e-02	-4.782590e+00	8.998569e-01
4.461280243494053e-02	-4.782589e+00	7.226719e-01
4.471045868494053e-02	-4.782588e+00	5.427670e-01
4.480811493494053e-02	-4.782588e+00	3.608192e-01
4.490577118494053e-02	-4.782587e+00	1.775134e-01
4.500342743494053e-02	-4.782586e+00	-6.460558e-03
4.510108368494053e-02	-4.782585e+00	-1.904102e-01
4.519873993494054e-02	-4.782584e+00	-3.736432e-01
4.529639618494054e-02	-4.782583e+00	-5.554698e-01
4.539405243494054e-02	-4.782583e+00	-7.352058e-01
4.549170868494054e-02	-4.782582e+00	-9.121746e-01
4.558936493494054e-02	-4.782581e+00	-1.085710e+00
4.568702118494054e-02	-4.782580e+00	-1.255159e+00
4.578467743494054e-02	-4.782579e+00	-1.419885e+00
4.588233368494055e-02	-4.782578e+00	-1.579266e+00
4.597998993494055e-02	-4.782578e+00	-1.732703e+00
4.607764618494055e-02	-4.782577e+00	-1.879618e+00
4.617530243494055e-02	-4.782576e+00	-2.019459e+00
4.627295868494055e-02	-4.782575e+00	-2.151699e+00
4.637061493494055e-02	-4.782576e+00	-2.275841e+00
4.646827118494055e-02	-4.782585e+00	-2.391417e+00
4.656592743494056e-02	-4.782667e+00	-2.497992e+00
4.666358368494056e-02	-4.783203e+00	-2.595166e+00
4.673974908689946e-02	-4.784839e+00	-2.664192e+00
4.680520702375713e-02	-4.788624e+00	-2.718646e+00
4.687077128020301e-02	-4.796479e+00	-2.768579e+00
4.693060088157817e-02	-4.807884e+00	-2.810046e+00
4.700232720871841e-02	-4.825461e+00	-2.854522e+00
4.707136655068878e-02	-4.843902e+00	-2.891857e+00
4.715830957260442e-02	-4.866095e+00	-2.931127e+00
4.725016867149608e-02	-4.886600e+00	-2.963115e+00
4.734782492149608e-02	-4.904395e+00	-2.986297e+00
4.744548117149608e-02	-4.918066e+00	-2.998240e+00
4.754313742149608e-02	-4.927932e+00	-2.998898e+00
4.764079367149608e-02	-4.934522e+00	-2.988269e+00
4.773844992149608e-02	-4.938509e+00	-2.966393e+00
4.783610617149608e-02	-4.940645e+00	-2.933352e+00
4.793376242149609e-02	-4.941631e+00	-2.889270e+00
4.803141867149609e-02	-4.942017e+00	-2.834314e+00
4.812907492149609e-02	-4.942142e+00	-2.768690e+00
4.822673117149609e-02	-4.942175e+00	-2.692646e+00
4.832438742149609e-02	-4.942181e+00	-2.606467e+00
4.842204367149609e-02	-4.942181e+00	-2.510477e+00
4.851969992149609e-02	-4.942180e+00	-2.405039e+00
4.861735617149610e-02	-4.942178e+00	-2.290549e+00
4.871501242149610e-02	-4.942176e+00	-2.167438e+00
4.881266867149610e-02	-4.942175e+00	-2.036169e+00
4.891032492149610e-02	-4.942173e+00	-1.897236e+00
4.900798117149610e-02	-4.942172e+00	-1.751163e+00
4.910563742149610e-02	-4.942170e+00	-1.598498e+00
4.920329367149610e-02	-4.942169e+00	-1.439817e+00
4.930094992149611e-02	-4.942167e+00	-1.275717e+00
4.939860617149611e-02	-4.942165e+00	-1.106816e+00
4.949626242149611e-02	-4.942164e+00	-9.337488e-01
4.959391867149611e-02	-4.942162e+00	-7.571671e-01
4.969157492149611e-02	-4.942161e+00	-5.777356e-01
4.978923117149611e-02	-4.942159e+00	-3.961296e-01
4.988688742149611e-02	-4.942157e+00	-2.130327e-01
4.998454367149611e-02	-4.942156e+00	-2.913404e-02
5.008219992149612e-02	-4.942154e+00	1.548743e-01
5.017985617149612e-02	-4.942153e+00	3.382998e-01
5.027751242149612e-02	-4.942151e+00	5.204520e-01
5.037516867149612e-02	-4.942150e+00	7.006453e-01
5.047282492149612e-02	-4.942148e+00	8.782015e-01
5.057048117149612e-02	-4.942146e+00	1.052452e+00
5.066813742149612e-02	-4.942145e+00	1.222742e+00
5.076579367149613e-02	-4.942143e+00	1.388430e+00
5.086344992149613e-02	-4.942142e+00	1.548891e+00
5.096110617149613e-02	-4.942141e+00	1.703524e+00
5.105876242149613e-02	-4.942139e+00	1.851744e+00
5.115641867149613e-02	-4.942138e+00	1.992995e+00
5.125407492149613e-02	-4.942136e+00	2.126745e+00
5.135173117149613e-02	-4.942134e+00	2.252490e+00
5.144938742149614e-02	-4.942133e+00	2.369757e+00
5.154704367149614e-02	-4.942132e+00	2.478105e+00
5.164469992149614e-02	-4.942131e+00	2.577126e+00
5.174235617149614e-02	-4.942129e+00	2.666448e+00
5.182512690654606e-02	-4.942128e+00	2.734308e+00
5.188732552596274e-02	-4.942127e+00	2.780446e+00
5.195163296995115e-02	-4.942126e+00	2.823684e+00
5.202594056658690e-02	-4.942125e+00	2.867900e+00
5.212359681658690e-02	-4.942124e+00	2.916491e+00
5.220041377239509e-02	-4.942123e+00	2.947008e+00
5.228312349804037e-02	-4.942122e+00	2.972190e+00
5.238077974804037e-02	-4.942121e+00	2.991587e+00
5.247843599804037e-02	-4.942120e+00	2.999725e+00
5.257609224804037e-02	-4.942118e+00	2.996572e+00
5.267374849804037e-02	-4.942117e+00	2.982141e+00
5.277140474804037e-02	-4.942116e+00	2.956486e+00
5.286906099804038e-02	-4.942115e+00	2.919703e+00
5.296671724804038e-02	-4.942114e+00	2.871931e+00
5.306437349804038e-02	-4.942112e+00	2.813350e+00
5.316202974804038e-02	-4.942111e+00	2.744180e+00
5.325582994014217e-02	-4.942111e+00	2.668013e+00
5.335348619014217e-02	-4.942109e+00	2.578875e+00
5.345114244014217e-02	-4.942108e+00	2.480031e+00
5.354879869014217e-02	-4.942107e+00	2.371852e+00
5.364645494014218e-02	-4.942106e+00	2.254747e+00
5.374411119014218e-02	-4.942105e+00	2.129155e+00
5.384176744014218e-02	-4.942104e+00	1.995549e+00
5.393942369014218e-02	-4.942103e+00	1.854433e+00
5.403707994014218e-02	-4.942102e+00	1.706337e+00
5.413473619014218e-02	-4.942101e+00	1.551819e+00
5.423239244014218e-02	-4.942101e+00	1.391460e+00
5.433004869014219e-02	-4.942100e+00	1.225863e+00
5.442770494014219e-02	-4.942099e+00	1.055653e+00
5.452536119014219e-02	-4.942098e+00	8.814702e-01
5.462301744014219e-02	-4.942097e+00	7.039694e-01
5.472067369014219e-02	-4.942096e+00	5.238189e-01
5.481832994014219e-02	-4.942095e+00	3.416969e-01
5.491598619014219e-02	-4.942094e+00	1.582888e-01
5.501364244014220e-02	-4.942093e+00	-2.571508e-02
5.511129869014220e-02	-4.942092e+00	-2.096221e-01
5.520895494014220e-02	-4.942091e+00	-3.927402e-01
5.530661119014220e-02	-4.942091e+00	-5.743801e-01
5.540426744014220e-02	-4.942090e+00	-7.538582e-01
5.550192369014220e-02	-4.942089e+00	-9.304989e-01
5.559957994014220e-02	-4.942088e+00	-1.103637e+00
5.569723619014220e-02	-4.942088e+00	-1.272622e+00
5.579489244014221e-02	-4.942087e+00	-1.436817e+00
5.589254869014221e-02	-4.942086e+00	-1.595604e+00
5.599020494014221e-02	-4.942085e+00	-1.748385e+00
5.608786119014221e-02	-4.942084e+00	-1.894586e+00
5.618551744014221e-02	-4.942083e+00	-2.033656e+00
5.628317369014221e-02	-4.942082e+00	-2.165072e+00
5.638082994014221e-02	-4.942081e+00	-2.288339e+00
5.647848619014222e-02	-4.942081e+00	-2.402994e+00
5.657614244014222e-02	-4.942085e+00	-2.508604e+00
5.667379869014222e-02	-4.942117e+00	-2.604772e+00
5.677145494014222e-02	-4.942288e+00	-2.691136e+00
5.686911119014222e-02	-4.943038e+00	-2.767372e+00
5.696676744014222e-02	-4.945583e+00	-2.833192e+00
5.706442369014222e-02	-4.951889e+00	-2.888348e+00
5.715153687526909e-02	-4.961546e+00	-2.928381e+00
5.724309861081382e-02	-4.974471e+00	-2.961002e+00
5.732566838451413e-02	-4.986494e+00	-2.982021e+00
5.742332463451413e-02	-4.999012e+00	-2.996519e+00
5.752098088451413e-02	-5.008745e+00	-2.999739e+00
5.761863713451413e-02	-5.015560e+00	-2.991669e+00
5.771629338451413e-02	-5.019845e+00	-2.972339e+00
5.781394963451413e-02	-5.022225e+00	-2.941822e+00
5.791160588451413e-02	-5.023369e+00	-2.900232e+00
5.800926213451413e-02	-5.023835e+00	-2.847726e+00
5.810691838451414e-02	-5.023992e+00	-2.784503e+00
5.820457463451414e-02	-5.024036e+00	-2.710799e+00
5.830223088451414e-02	-5.024045e+00	-2.626892e+00
5.839988713451414e-02	-5.024045e+00	-2.533098e+00
5.849754338451414e-02	-5.024044e+00	-2.429770e+00
5.859519963451414e-02	-5.024043e+00	-2.317297e+00
5.869285588451414e-02	-5.024041e+00	-2.196102e+00
5.879051213451415e-02	-5.024040e+00	-2.066642e+00
5.888816838451415e-02	-5.024038e+00	-1.929403e+00
5.898582463451415e-02	-5.024036e+00	-1.784902e+00
5.908348088451415e-02	-5.024035e+00	-1.633684e+00
5.918113713451415e-02	-5.024033e+00	-1.476316e+00
5.927879338451415e-02	-5.024032e+00	-1.313393e+00
5.937644963451415e-02	-5.024030e+00	-1.145525e+00
5.947410588451416e-02	-5.024028e+00	-9.733466e-01
5.957176213451416e-02	-5.024027e+00	-7.975044e-01
5.966941838451416e-02	-5.024025e+00	-6.186606e-01
5.976707463451416e-02	-5.024024e+00	-4.374883e-01
5.986473088451416e-02	-5.024022e+00	-2.546694e-01
5.996238713451416e-02	-5.024020e+00	-7.089198e-02
6.006004338451416e-02	-5.024019e+00	1.131523e-01
6.015769963451417e-02	-5.024017e+00	2.967706e-01
6.025535588451417e-02	-5.024015e+00	4.792720e-01
6.035301213451417e-02	-5.024014e+00	6.599696e-01
6.045066838451417e-02	-5.024013e+00	8.381831e-01
6.054832463451417e-02	-5.024011e+00	1.013242e+00
6.064598088451417e-02	-5.024010e+00	1.184487e+00
6.074363713451417e-02	-5.024008e+00	1.351274e+00
6.084129338451418e-02	-5.024006e+00	1.512975e+00
6.093894963451418e-02	-5.024005e+00	1.668982e+00
6.103660588451418e-02	-5.024004e+00	1.818707e+00
6.113426213451418e-02	-5.024002e+00	1.961587e+00
6.123191838451418e-02	-5.024001e+00	2.097084e+00
6.132957463451418e-02	-5.023999e+00	2.224688e+00
6.142723088451418e-02	-5.023998e+00	2.343918e+00
6.152488713451418e-02	-5.023996e+00	2.454327e+00
6.162254338451419e-02	-5.023995e+00	2.555498e+00
6.172019963451419e-02	-5.023993e+00	2.647051e+00
6.181785588451419e-02	-5.023992e+00	2.728641e+00
6.191551213451419e-02	-5.023991e+00	2.799961e+00
6.201316838451419e-02	-5.023990e+00	2.860742e+00
6.210867963116214e-02	-5.023988e+00	2.909775e+00
6.220633588116214e-02	-5.023987e+00	2.949076e+00
6.230399213116214e-02	-5.023986e+00	2.977278e+00
6.239277220116005e-02	-5.023984e+00	2.993194e+00
6.249042845116005e-02	-5.023983e+00	2.999946e+00
6.258808470116005e-02	-5.023982e+00	2.995407e+00
6.268574095116004e-02	-5.023981e+00	2.979593e+00
6.278339720116004e-02	-5.023980e+00	2.952565e+00
6.288105345116003e-02	-5.023979e+00	2.914425e+00
6.297870970116003e-02	-5.023978e+00	2.865315e+00
6.307636595116002e-02	-5.023976e+00	2.805421e+00
6.317402220116002e-02	-5.023975e+00	2.734968e+00
6.327167845116001e-02	-5.023974e+00	2.654221e+00
6.336933470116000e-02	-5.023973e+00	2.563484e+00
6.346699095116000e-02	-5.023972e+00	2.463099e+00
6.356464720115999e-02	-5.023971e+00	2.353443e+00
6.366230345115999e-02	-5.023970e+00	2.234929e+00
6.375995970115998e-02	-5.023969e+00	2.108004e+00
6.385761595115998e-02	-5.023968e+00	1.973145e+00
6.395527220115997e-02	-5.023967e+00	1.830859e+00
6.405292845115997e-02	-5.023966e+00	1.681682e+00
6.415058470115996e-02	-5.023965e+00	1.526175e+00
6.424824095115995e-02	-5.023964e+00	1.364925e+00
6.434589720115995e-02	-5.023963e+00	1.198537e+00
6.444355345115994e-02	-5.023962e+00	1.027638e+00
6.454120970115994e-02	-5.023962e+00	8.528719e-01
6.463886595115993e-02	-5.023961e+00	6.748953e-01
6.473652220115993e-02	-5.023960e+00	4.943785e-01
6.483417845115992e-02	-5.023959e+00	3.120010e-01
6.493183470115992e-02	-5.023958e+00	1.284493e-01
6.502949095115991e-02	-5.023957e+00	-5.558595e-02
6.512714720115990e-02	-5.023956e+00	-2.394120e-01
6.522480345115990e-02	-5.023955e+00	-4.223369e-01
6.532245970115989e-02	-5.023955e+00	-6.036723e-01
6.542011595115989e-02	-5.023954e+00	-7.827355e-01
6.551777220115988e-02	-5.023953e+00	-9.588527e-01
6.561542845115988e-02	-5.023952e+00	-1.131361e+00
6.571308470115987e-02	-5.023952e+00	-1.299611e+00
6.581074095115987e-02	-5.023951e+00	-1.462970e+00
6.590839720115986e-02	-5.023950e+00	-1.620822e+00
6.600605345115985e-02	-5.023949e+00	-1.772574e+00
6.610370970115985e-02	-5.023948e+00	-1.917655e+00
6.620136595115984e-02	-5.023947e+00	-2.055517e+00
6.629902220115984e-02	-5.023946e+00	-2.185644e+00
6.639667845115983e-02	-5.023945e+00	-2.307544e+00
6.649433470115983e-02	-5.023945e+00	-2.420759e+00
6.659199095115982e-02	-5.023945e+00	-2.524863e+00
6.668964720115982e-02	-5.023955e+00	-2.619463e+00
6.678730345115981e-02	-5.024008e+00	-2.704205e+00
6.688495970115980e-02	-5.024239e+00	-2.778769e+00
6.698261595115980e-02	-5.025043e+00	-2.842874e+00
6.708027220115979e-02	-5.027238e+00	-2.896279e+00
6.717792845115979e-02	-5.031800e+00	-2.938783e+00
6.727558470115978e-02	-5.038914e+00	-2.970226e+00
6.736657306138533e-02	-5.046852e+00	-2.989464e+00
6.746422931138532e-02	-5.055091e+00	-2.999242e+00
6.756188556138532e-02	-5.061822e+00	-2.997732e+00
6.765954181138531e-02	-5.066577e+00	-2.984940e+00
6.775719806138530e-02	-5.069503e+00	-2.960912e+00
6.785485431138530e-02	-5.071060e+00	-2.925741e+00
6.795251056138529e-02	-5.071764e+00	-2.879557e+00
6.805016681138529e-02	-5.072030e+00	-2.822536e+00
6.814782306138528e-02	-5.072113e+00	-2.754891e+00
6.824547931138528e-02	-5.072134e+00	-2.676877e+00
6.834313556138527e-02	-5.072137e+00	-2.588789e+00
6.844079181138527e-02	-5.072136e+00	-2.490956e+00
6.853844806138526e-02	-5.072135e+00	-2.383749e+00
6.863610431138525e-02	-5.072134e+00	-2.267569e+00
6.873376056138525e-02	-5.072132e+00	-2.142854e+00
6.883141681138524e-02	-5.072130e+00	-2.010075e+00
6.892907306138524e-02	-5.072129e+00	-1.869730e+00
6.902672931138523e-02	-5.072127e+00	-1.722348e+00
6.912438556138523e-02	-5.072125e+00	-1.568483e+00
6.922204181138522e-02	-5.072124e+00	-1.408715e+00
6.931969806138522e-02	-5.072123e+00	-1.243645e+00
6.941735431138521e-02	-5.072121e+00	-1.073894e+00
6.951501056138520e-02	-5.072119e+00	-9.001007e-01
6.961266681138520e-02	-5.072118e+00	-7.229200e-01
6.971032306138519e-02	-5.072116e+00	-5.430184e-01
6.980797931138519e-02	-5.072114e+00	-3.610730e-01
6.990563556138518e-02	-5.072113e+00	-1.777686e-01
7.000329181138518e-02	-5.072111e+00	6.204914e-03
7.010094806138517e-02	-5.072110e+00	1.901551e-01
7.019860431138517e-02	-5.072108e+00	3.733895e-01
7.029626056138516e-02	-5.072106e+00	5.552186e-01
7.039391681138515e-02	-5.072105e+00	7.349579e-01
7.049157306138515e-02	-5.072104e+00	9.119311e-01
7.058922931138514e-02	-5.072102e+00	1.085472e+00
7.068688556138514e-02	-5.072101e+00	1.254927e+00
7.078454181138513e-02	-5.072099e+00	1.419659e+00
7.088219806138513e-02	-5.072097e+00	1.579048e+00
7.097985431138512e-02	-5.072096e+00	1.732494e+00
7.107751056138512e-02	-5.072094e+00	1.879419e+00
7.117516681138511e-02	-5.072093e+00	2.019270e+00
7.127282306138510e-02	-5.072092e+00	2.151521e+00
7.137047931138510e-02	-5.072090e+00	2.275675e+00
7.146813556138509e-02	-5.072089e+00	2.391263e+00
7.156579181138509e-02	-5.072087e+00	2.497851e+00
7.166344806138508e-02	-5.072086e+00	2.595037e+00
7.176110431138508e-02	-5.072084e+00	2.682457e+00
7.185876056138507e-02	-5.072083e+00	2.759780e+00
7.195641681138507e-02	-5.072082e+00	2.826716e+00
7.205407306138506e-02	-5.072081e+00	2.883013e+00
7.214911109729560e-02	-5.072079e+00	2.927384e+00
7.224676734729560e-02	-5.072078e+00	2.962106e+00
7.234442359729559e-02	-5.072077e+00	2.985678e+00
7.243989251056633e-02	-5.072075e+00	2.997861e+00
7.253754876056633e-02	-5.072074e+00	2.999165e+00
7.263520501056632e-02	-5.072073e+00	2.989181e+00
7.273286126056631e-02	-5.072072e+00	2.967947e+00
7.282563973087203e-02	-5.072071e+00	2.937424e+00
7.292292591335250e-02	-5.072070e+00	2.894701e+00
7.302058216335250e-02	-5.072069e+00	2.840943e+00
7.311823841335249e-02	-5.072068e+00	2.776491e+00
7.321589466335249e-02	-5.072066e+00	2.701589e+00
7.331355091335248e-02	-5.072065e+00	2.616519e+00
7.341120716335248e-02	-5.072064e+00	2.521602e+00
7.350886341335247e-02	-5.072063e+00	2.417193e+00
7.360651966335247e-02	-5.072062e+00	2.303687e+00
7.370417591335246e-02	-5.072061e+00	2.181510e+00
7.380183216335245e-02	-5.072060e+00	2.051122e+00
7.389948841335245e-02	-5.072059e+00	1.913015e+00
7.399714466335244e-02	-5.072058e+00	1.767707e+00
7.409480091335244e-02	-5.072057e+00	1.615746e+00
7.419245716335243e-02	-5.072056e+00	1.457704e+00
7.429011341335243e-02	-5.072055e+00	1.294175e+00
7.438776966335242e-02	-5.072054e+00	1.125776e+00
7.448542591335242e-02	-5.072053e+00	9.531387e-01
7.458308216335241e-02	-5.072052e+00	7.769144e-01
7.468073841335240e-02	-5.072052e+00	5.977660e-01
7.477839466335240e-02	-5.072051e+00	4.163678e-01
7.487605091335239e-02	-5.072050e+00	2.334024e-01
7.497370716335239e-02	-5.072049e+00	4.955858e-02
7.507136341335238e-02	-5.072048e+00	-1.344718e-01
7.516901966335238e-02	-5.072048e+00	-3.179961e-01
7.526667591335237e-02	-5.072047e+00	-5.003234e-01
7.536433216335237e-02	-5.072046e+00	-6.807677e-01
7.546198841335236e-02	-5.072045e+00	-8.586497e-01
7.555964466335235e-02	-5.072044e+00	-1.033300e+00
7.565730091335235e-02	-5.072043e+00	-1.204061e+00
7.575495716335234e-02	-5.072042e+00	-1.370291e+00
7.585261341335234e-02	-5.072042e+00	-1.531362e+00
7.595026966335233e-02	-5.072041e+00	-1.686671e+00
7.604792591335233e-02	-5.072040e+00	-1.835630e+00
7.614558216335232e-02	-5.072039e+00	-1.977682e+00
7.624323841335232e-02	-5.072038e+00	-2.112289e+00
7.634089466335231e-02	-5.072037e+00	-2.238946e+00
7.643855091335230e-02	-5.072036e+00	-2.357177e+00
7.653620716335230e-02	-5.072036e+00	-2.466535e+00
7.663386341335229e-02	-5.072037e+00	-2.566610e+00
7.673151966335229e-02	-5.072046e+00	-2.657025e+00
7.682917591335228e-02	-5.072095e+00	-2.737440e+00
7.692683216335228e-02	-5.072292e+00	-2.807551e+00
7.702448841335227e-02	-5.072927e+00	-2.867095e+00
7.712214466335227e-02	-5.074550e+00	-2.915849e+00
7.721980091335226e-02	-5.077774e+00	-2.953627e+00
7.731745716335225e-02	-5.082712e+00	-2.980289e+00
7.741448265885088e-02	-5.088585e+00	-2.995670e+00
7.751213890885088e-02	-5.094290e+00	-2.999913e+00
7.760979515885087e-02	-5.098880e+00	-2.992864e+00
7.770745140885087e-02	-5.102022e+00	-2.974551e+00
7.780510765885086e-02	-5.103862e+00	-2.945043e+00
7.790276390885086e-02	-5.104777e+00	-2.904449e+00
7.800042015885085e-02	-5.105159e+00	-2.852925e+00
7.809807640885084e-02	-5.105291e+00	-2.790662e+00
7.819573265885084e-02	-5.105328e+00	-2.717896e+00
7.829338890885083e-02	-5.105336e+00	-2.634901e+00
7.839104515885083e-02	-5.105336e+00	-2.541988e+00
7.848870140885082e-02	-5.105335e+00	-2.439508e+00
7.858635765885082e-02	-5.105333e+00	-2.327846e+00
7.868401390885081e-02	-5.105332e+00	-2.207423e+00
7.878167015885081e-02	-5.105330e+00	-2.078691e+00
7.887932640885080e-02	-5.105329e+00	-1.942136e+00
7.897698265885079e-02	-5.105327e+00	-1.798271e+00
7.907463890885079e-02	-5.105326e+00	-1.647637e+00
7.917229515885078e-02	-5.105324e+00	-1.490803e+00
7.926995140885078e-02	-5.105322e+00	-1.328357e+00
7.936760765885077e-02	-5.105321e+00	-1.160911e+00
7.946526390885077e-02	-5.105319e+00	-9.890966e-01
7.956292015885076e-02	-5.105318e+00	-8.135591e-01
7.966057640885076e-02	-5.105316e+00	-6.349595e-01
7.975823265885075e-02	-5.105314e+00	-4.539700e-01
7.985588890885074e-02	-5.105313e+00	-2.712720e-01
7.995354515885074e-02	-5.105311e+00	-8.755288e-02
8.005120140885073e-02	-5.105309e+00	9.649573e-02
8.014885765885073e-02	-5.105308e+00	2.801812e-01
8.024651390885072e-02	-5.105307e+00	4.628120e-01
8.034417015885072e-02	-5.105305e+00	6.437010e-01
8.044182640885071e-02	-5.105303e+00	8.221672e-01
8.053948265885071e-02	-5.105302e+00	9.975390e-01
8.063713890885070e-02	-5.105300e+00	1.169156e+00
8.073479515885069e-02	-5.105299e+00	1.336373e+00
8.083245140885069e-02	-5.105297e+00	1.498560e+00
8.093010765885068e-02	-5.105296e+00	1.655107e+00
8.102776390885068e-02	-5.105294e+00	1.805424e+00
8.112542015885067e-02	-5.105293e+00	1.948946e+00
8.122307640885067e-02	-5.105291e+00	2.085133e+00
8.132073265885066e-02	-5.105290e+00	2.213472e+00
8.141838890885066e-02	-5.105289e+00	2.333479e+00
8.151604515885065e-02	-5.105287e+00	2.444705e+00
8.161370140885064e-02	-5.105286e+00	2.546728e+00
8.171135765885064e-02	-5.105284e+00	2.639167e+00
8.180901390885063e-02	-5.105283e+00	2.721672e+00
8.190667015885063e-02	-5.105282e+00	2.793933e+00
8.200432640885062e-02	-5.105280e+00	2.855679e+00
8.210198265885062e-02	-5.105279e+00	2.906677e+00
8.219963890885061e-02	-5.105278e+00	2.946734e+00
8.229729515885061e-02	-5.105277e+00	2.975701e+00
8.239495140885060e-02	-5.105275e+00	2.993468e+00
8.249171376611504e-02	-5.105274e+00	2.999959e+00
8.258937001611504e-02	-5.105273e+00	2.995271e+00
8.268702626611503e-02	-5.105272e+00	2.979310e+00
8.277477745309261e-02	-5.105270e+00	2.955400e+00
8.286673249883020e-02	-5.105269e+00	2.920708e+00
8.296438874883019e-02	-5.105268e+00	2.873197e+00
8.306204499883019e-02	-5.105267e+00	2.814871e+00
8.315970124883018e-02	-5.105266e+00	2.745950e+00
8.325735749883018e-02	-5.105265e+00	2.666695e+00
8.335501374883017e-02	-5.105264e+00	2.577403e+00
8.345266999883016e-02	-5.105263e+00	2.478409e+00
8.355032624883016e-02	-5.105262e+00	2.370088e+00
8.364798249883015e-02	-5.105261e+00	2.252846e+00
8.374563874883015e-02	-5.105260e+00	2.127125e+00
8.384329499883014e-02	-5.105259e+00	1.993398e+00
8.394095124883014e-02	-5.105258e+00	1.852169e+00
8.403860749883013e-02	-5.105257e+00	1.703968e+00
8.413626374883013e-02	-5.105256e+00	1.549354e+00
8.423391999883012e-02	-5.105255e+00	1.388908e+00
8.433157624883011e-02	-5.105254e+00	1.223235e+00
8.442923249883011e-02	-5.105253e+00	1.052958e+00
8.452688874883010e-02	-5.105252e+00	8.787175e-01
8.462454499883010e-02	-5.105251e+00	7.011700e-01
8.472220124883009e-02	-5.105250e+00	5.209835e-01
8.481985749883009e-02	-5.105249e+00	3.388360e-01
8.491751374883008e-02	-5.105249e+00	1.554133e-01
8.501516999883008e-02	-5.105248e+00	-2.859434e-02
8.511282624883007e-02	-5.105247e+00	-2.124944e-01
8.521048249883006e-02	-5.105246e+00	-3.955947e-01
8.530813874883006e-02	-5.105245e+00	-5.772060e-01
8.540579499883005e-02	-5.105245e+00	-7.566448e-01
8.550345124883005e-02	-5.105244e+00	-9.332358e-01
8.560110749883004e-02	-5.105243e+00	-1.106314e+00
8.569876374883004e-02	-5.105242e+00	-1.275229e+00
8.579641999883003e-02	-5.105241e+00	-1.439344e+00
8.589407624883003e-02	-5.105240e+00	-1.598042e+00
8.599173249883002e-02	-5.105239e+00	-1.750724e+00
8.608938874883001e-02	-5.105238e+00	-1.896818e+00
8.618704499883001e-02	-5.105238e+00	-2.035772e+00
8.628470124883000e-02	-5.105237e+00	-2.167065e+00
8.638235749883000e-02	-5.105236e+00	-2.290200e+00
8.648001374882999e-02	-5.105235e+00	-2.404716e+00
8.657766999882999e-02	-5.105235e+00	-2.510182e+00
8.667532624882998e-02	-5.105236e+00	-2.606199e+00
8.677298249882998e-02	-5.105248e+00	-2.692408e+00
8.687063874882997e-02	-5.105306e+00	-2.768482e+00
8.696829499882996e-02	-5.105518e+00	-2.834137e+00
8.706595124882996e-02	-5.106147e+00	-2.889125e+00
8.716360749882995e-02	-5.107629e+00	-2.933239e+00
8.726126374882995e-02	-5.110371e+00	-2.966312e+00
8.735891999882994e-02	-5.114339e+00	-2.988221e+00
8.745627253751109e-02	-5.118875e+00	-2.998868e+00
8.755392878751109e-02	-5.123111e+00	-2.998278e+00
8.765158503751108e-02	-5.126393e+00	-2.986403e+00
8.774924128751108e-02	-5.128541e+00	-2.963288e+00
8.784689753751107e-02	-5.129729e+00	-2.929020e+00
8.794455378751107e-02	-5.130282e+00	-2.883728e+00
8.804221003751106e-02	-5.130495e+00	-2.827582e+00
8.813986628751105e-02	-5.130563e+00	-2.760794e+00
8.823752253751105e-02	-5.130580e+00	-2.683615e+00
8.833517878751104e-02	-5.130582e+00	-2.596335e+00
8.843283503751104e-02	-5.130581e+00	-2.499283e+00
8.853049128751103e-02	-5.130580e+00	-2.392825e+00
8.862814753751103e-02	-5.130579e+00	-2.277360e+00
8.872580378751102e-02	-5.130577e+00	-2.153324e+00
8.882346003751102e-02	-5.130576e+00	-2.021183e+00
8.892111628751101e-02	-5.130574e+00	-1.881436e+00
8.901877253751100e-02	-5.130572e+00	-1.734606e+00
8.911642878751100e-02	-5.130571e+00	-1.581248e+00
8.921408503751099e-02	-5.130569e+00	-1.421939e+00
8.931174128751099e-02	-5.130568e+00	-1.257278e+00
8.940939753751098e-02	-5.130566e+00	-1.087885e+00
8.950705378751098e-02	-5.130564e+00	-9.143966e-01
8.960471003751097e-02	-5.130563e+00	-7.374671e-01
8.970236628751097e-02	-5.130561e+00	-5.577620e-01
8.980002253751096e-02	-5.130559e+00	-3.759575e-01
8.989767878751095e-02	-5.130558e+00	-1.927381e-01
8.999533503751095e-02	-5.130556e+00	-8.793235e-03
9.009299128751094e-02	-5.130555e+00	1.751847e-01
9.019064753751094e-02	-5.130553e+00	3.585033e-01
9.028830378751093e-02	-5.130552e+00	5.404726e-01
9.038596003751093e-02	-5.130550e+00	7.204077e-01
9.048361628751092e-02	-5.130548e+00	8.976313e-01
9.058127253751092e-02	-5.130547e+00	1.071476e+00
9.067892878751091e-02	-5.130546e+00	1.241289e+00
9.077658503751090e-02	-5.130544e+00	1.406429e+00
9.087424128751090e-02	-5.130542e+00	1.566276e+00
9.097189753751089e-02	-5.130541e+00	1.720228e+00
9.106955378751089e-02	-5.130539e+00	1.867705e+00
9.116721003751088e-02	-5.130538e+00	2.008153e+00
9.126486628751088e-02	-5.130537e+00	2.141042e+00
9.136252253751087e-02	-5.130535e+00	2.265873e+00
9.146017878751087e-02	-5.130534e+00	2.382176e+00
9.155783503751086e-02	-5.130532e+00	2.489513e+00
9.165549128751085e-02	-5.130531e+00	2.587480e+00
9.175314753751085e-02	-5.130529e+00	2.675708e+00
9.185080378751084e-02	-5.130528e+00	2.753865e+00
9.194846003751084e-02	-5.130527e+00	2.821658e+00
9.204611628751083e-02	-5.130526e+00	2.878830e+00
9.214377253751083e-02	-5.130524e+00	2.925167e+00
9.224142878751082e-02	-5.130523e+00	2.960495e+00
9.233908503751082e-02	-5.130522e+00	2.984679e+00
9.243674128751081e-02	-5.130520e+00	2.997631e+00
9.253439753751080e-02	-5.130519e+00	2.999299e+00
9.263205378751080e-02	-5.130518e+00	2.989679e+00
9.272971003751079e-02	-5.130517e+00	2.968807e+00
9.282303173171365e-02	-5.130516e+00	2.938419e+00
9.292068798171364e-02	-5.130515e+00	2.895806e+00
9.301834423171364e-02	-5.130514e+00	2.842295e+00
9.311600048171363e-02	-5.130512e+00	2.778086e+00
9.321365673171363e-02	-5.130511e+00	2.703421e+00
9.331131298171362e-02	-5.130510e+00	2.618581e+00
9.340896923171361e-02	-5.130509e+00	2.523885e+00
9.350662548171361e-02	-5.130508e+00	2.419689e+00
9.360428173171360e-02	-5.130507e+00	2.306387e+00
9.370193798171360e-02	-5.130506e+00	2.184404e+00
9.379959423171359e-02	-5.130505e+00	2.054199e+00
9.389725048171359e-02	-5.130504e+00	1.916263e+00
9.399490673171358e-02	-5.130503e+00	1.771114e+00
9.409256298171358e-02	-5.130502e+00	1.619299e+00
9.419021923171357e-02	-5.130501e+00	1.461390e+00
9.428787548171357e-02	-5.130500e+00	1.297980e+00
9.438553173171356e-02	-5.130499e+00	1.129685e+00
9.448318798171355e-02	-5.130498e+00	9.571376e-01
9.458084423171355e-02	-5.130497e+00	7.809882e-01
9.467850048171354e-02	-5.130497e+00	6.018993e-01
9.477615673171354e-02	-5.130496e+00	4.205450e-01
9.487381298171353e-02	-5.130495e+00	2.376078e-01
9.497146923171353e-02	-5.130494e+00	5.377635e-02
9.506912548171352e-02	-5.130493e+00	-1.302575e-01
9.516678173171352e-02	-5.130492e+00	-3.138011e-01
9.526443798171351e-02	-5.130492e+00	-4.961636e-01
9.536209423171350e-02	-5.130491e+00	-6.766587e-01
9.545975048171350e-02	-5.130490e+00	-8.546069e-01
9.555740673171349e-02	-5.130489e+00	-1.029339e+00
9.565506298171349e-02	-5.130488e+00	-1.200196e+00
9.575271923171348e-02	-5.130487e+00	-1.366536e+00
9.585037548171348e-02	-5.130486e+00	-1.527733e+00
9.594803173171347e-02	-5.130486e+00	-1.683180e+00
9.604568798171347e-02	-5.130485e+00	-1.832292e+00
9.614334423171346e-02	-5.130484e+00	-1.974508e+00
9.624100048171345e-02	-5.130483e+00	-2.109291e+00
9.633865673171345e-02	-5.130482e+00	-2.236136e+00
9.643631298171344e-02	-5.130481e+00	-2.354565e+00
9.653396923171344e-02	-5.130480e+00	-2.464132e+00
9.663162548171343e-02	-5.130480e+00	-2.564424e+00
9.672928173171343e-02	-5.130484e+00	-2.655064e+00
9.682693798171342e-02	-5.130505e+00	-2.735711e+00
9.692459423171342e-02	-5.130593e+00	-2.806062e+00
9.702225048171341e-02	-5.130882e+00	-2.865851e+00
9.711990673171340e-02	-5.131645e+00	-2.914854e+00
9.721756298171340e-02	-5.133247e+00	-2.952886e+00
9.731521923171339e-02	-5.135902e+00	-2.979804e+00
9.741287548171339e-02	-5.139380e+00	-2.995506e+00
9.751053173171338e-02	-5.143035e+00	-2.999934e+00
9.760818798171338e-02	-5.146183e+00	-2.993072e+00
9.770584423171337e-02	-5.148443e+00	-2.974943e+00
9.780350048171337e-02	-5.149807e+00	-2.945618e+00
9.790115673171336e-02	-5.150497e+00	-2.905206e+00
9.799881298171335e-02	-5.150788e+00	-2.853860e+00
9.809646923171335e-02	-5.150889e+00	-2.791773e+00
9.819412548171334e-02	-5.150917e+00	-2.719177e+00
9.829178173171334e-02	-5.150923e+00	-2.636348e+00
9.838943798171333e-02	-5.150923e+00	-2.543596e+00
9.848709423171333e-02	-5.150921e+00	-2.441270e+00
9.858475048171332e-02	-5.150920e+00	-2.329756e+00
9.868240673171332e-02	-5.150918e+00	-2.209473e+00
9.878006298171331e-02	-5.150917e+00	-2.080874e+00
9.887771923171330e-02	-5.150915e+00	-1.944444e+00
9.897537548171330e-02	-5.150914e+00	-1.800695e+00
9.907303173171329e-02	-5.150912e+00	-1.650168e+00
9.917068798171329e-02	-5.150910e+00	-1.493431e+00
9.926834423171328e-02	-5.150909e+00	-1.331072e+00
9.936600048171328e-02	-5.150907e+00	-1.163704e+00
9.946365673171327e-02	-5.150906e+00	-9.919562e-01
9.956131298171327e-02	-5.150904e+00	-8.164746e-01
9.965896923171326e-02	-5.150902e+00	-6.379200e-01
9.975662548171325e-02	-5.150901e+00	-4.569644e-01
9.985428173171325e-02	-5.150899e+00	-2.742889e-01
9.995193798171324e-02	-5.150898e+00	-9.058100e-02
1.000000000000000e-01	-5.150897e+00	-7.347880e-15
