time	V(v_out)
0.000000000000000e+00	1.603901e-18
9.765625114122045e-11	-3.571765e-16
1.953125022824409e-10	4.059950e-13
3.906250045648818e-10	2.035707e-12
7.812500091297636e-10	8.559413e-12
1.562500018259527e-09	3.457063e-11
3.125000036519054e-09	1.377242e-10
6.250000073038109e-09	5.429622e-10
1.250000014607622e-08	2.106580e-09
2.500000029215244e-08	7.938596e-09
5.000000058430487e-08	2.839556e-08
1.000000011686097e-07	9.323347e-08
2.000000023372195e-07	2.719285e-07
4.000000046744390e-07	7.037254e-07
8.000000093488779e-07	1.712376e-06
1.600000018697756e-06	4.267816e-06
3.200000037395512e-06	1.156825e-05
6.400000074791024e-06	3.521415e-05
1.280000014958205e-05	1.228609e-04
2.256562514958205e-05	3.955790e-04
3.233125014958205e-05	9.430713e-04
4.209687514958205e-05	1.975853e-03
5.186250014958205e-05	3.858327e-03
6.162812514958205e-05	7.132397e-03
7.139375014958204e-05	1.248072e-02
8.115937514958204e-05	2.057356e-02
9.092500014958204e-05	3.178038e-02
1.006906251495820e-04	4.612787e-02
1.104562501495820e-04	6.329856e-02
1.202218751495820e-04	8.296372e-02
1.299875001495820e-04	1.046740e-01
1.397531251495820e-04	1.280096e-01
1.495187501495820e-04	1.526679e-01
1.592843751495820e-04	1.783903e-01
1.690500001495821e-04	2.049853e-01
1.788156251495821e-04	2.322957e-01
1.885812501495821e-04	2.602018e-01
1.983468751495821e-04	2.886056e-01
2.081125001495821e-04	3.174302e-01
2.178781251495821e-04	3.466118e-01
2.276437501495821e-04	3.760990e-01
2.374093751495821e-04	4.058487e-01
2.471750001495821e-04	4.358249e-01
2.569406251495821e-04	4.659972e-01
2.667062501495821e-04	4.963399e-01
2.764718751495821e-04	5.268305e-01
2.862375001495821e-04	5.574499e-01
2.960031251495821e-04	5.881812e-01
3.057687501495821e-04	6.190097e-01
3.155343751495822e-04	6.499222e-01
3.253000001495822e-04	6.809072e-01
3.350656251495822e-04	7.119544e-01
3.448312501495822e-04	7.430542e-01
3.545968751495822e-04	7.741983e-01
3.643625001495822e-04	8.053789e-01
3.741281251495822e-04	8.365890e-01
3.838937501495822e-04	8.678222e-01
3.936593751495822e-04	8.990725e-01
4.034250001495822e-04	9.303344e-01
4.131906251495822e-04	9.616029e-01
4.229562501495822e-04	9.928730e-01
4.327218751495823e-04	1.024140e+00
4.424875001495823e-04	1.055401e+00
4.522531251495823e-04	1.086650e+00
4.620187501495823e-04	1.117885e+00
4.717843751495823e-04	1.149102e+00
4.815500001495823e-04	1.180298e+00
4.913156251495823e-04	1.211468e+00
5.010812501495823e-04	1.242611e+00
5.108468751495823e-04	1.273724e+00
5.206125001495823e-04	1.304803e+00
5.303781251495823e-04	1.335845e+00
5.401437501495823e-04	1.366850e+00
5.499093751495823e-04	1.397813e+00
5.596750001495823e-04	1.428732e+00
5.694406251495823e-04	1.459605e+00
5.792062501495823e-04	1.490431e+00
5.889718751495823e-04	1.521206e+00
5.987375001495824e-04	1.551928e+00
6.085031251495824e-04	1.582596e+00
6.182687501495824e-04	1.613207e+00
6.280343751495824e-04	1.643760e+00
6.378000001495824e-04	1.674252e+00
6.475656251495824e-04	1.704682e+00
6.573312501495824e-04	1.735047e+00
6.670968751495824e-04	1.765347e+00
6.768625001495824e-04	1.795578e+00
6.866281251495824e-04	1.825741e+00
6.963937501495824e-04	1.855832e+00
7.061593751495824e-04	1.885849e+00
7.159250001495825e-04	1.915793e+00
7.256906251495825e-04	1.945660e+00
7.354562501495825e-04	1.975450e+00
7.452218751495825e-04	2.005160e+00
7.549875001495825e-04	2.034789e+00
7.647531251495825e-04	2.064336e+00
7.745187501495825e-04	2.093798e+00
7.842843751495825e-04	2.123176e+00
7.940500001495825e-04	2.152466e+00
8.038156251495825e-04	2.181668e+00
8.135812501495825e-04	2.210781e+00
8.233468751495826e-04	2.239802e+00
8.331125001495826e-04	2.268730e+00
8.428781251495826e-04	2.297565e+00
8.526437501495826e-04	2.326303e+00
8.624093751495826e-04	2.354946e+00
8.721750001495826e-04	2.383490e+00
8.819406251495826e-04	2.411935e+00
8.917062501495826e-04	2.440279e+00
9.014718751495826e-04	2.468521e+00
9.112375001495826e-04	2.496660e+00
9.210031251495826e-04	2.524694e+00
9.307687501495826e-04	2.552623e+00
9.405343751495827e-04	2.580444e+00
9.503000001495827e-04	2.608156e+00
9.600656251495827e-04	2.635760e+00
9.698312501495827e-04	2.663252e+00
9.795968751495827e-04	2.690632e+00
9.893625001495827e-04	2.717899e+00
9.991281251495827e-04	2.745052e+00
1.008893750149583e-03	2.772089e+00
1.018659375149583e-03	2.799009e+00
1.028425000149583e-03	2.825810e+00
1.038190625149583e-03	2.852493e+00
1.047956250149583e-03	2.879056e+00
1.057721875149583e-03	2.905497e+00
1.067487500149583e-03	2.931815e+00
1.077253125149583e-03	2.958010e+00
1.087018750149583e-03	2.984080e+00
1.096784375149583e-03	3.010024e+00
1.106550000149583e-03	3.035841e+00
1.116315625149583e-03	3.061530e+00
1.126081250149583e-03	3.087090e+00
1.135846875149583e-03	3.112519e+00
1.145612500149583e-03	3.137817e+00
1.155378125149583e-03	3.162982e+00
1.165143750149583e-03	3.188015e+00
1.174909375149583e-03	3.212912e+00
1.184675000149583e-03	3.237674e+00
1.194440625149583e-03	3.262300e+00
1.204206250149583e-03	3.286788e+00
1.213971875149583e-03	3.311137e+00
1.223737500149583e-03	3.335346e+00
1.233503125149583e-03	3.359415e+00
1.243268750149583e-03	3.383343e+00
1.253034375149583e-03	3.407128e+00
1.262800000149583e-03	3.430769e+00
1.272565625149583e-03	3.454266e+00
1.282331250149583e-03	3.477617e+00
1.292096875149583e-03	3.500822e+00
1.301862500149583e-03	3.523879e+00
1.311628125149583e-03	3.546788e+00
1.321393750149583e-03	3.569548e+00
1.331159375149583e-03	3.592157e+00
1.340925000149583e-03	3.614615e+00
1.350690625149583e-03	3.636922e+00
1.360456250149583e-03	3.659075e+00
1.370221875149583e-03	3.681075e+00
1.379987500149583e-03	3.702920e+00
1.389753125149583e-03	3.724609e+00
1.399518750149583e-03	3.746142e+00
1.409284375149583e-03	3.767518e+00
1.419050000149583e-03	3.788735e+00
1.428815625149583e-03	3.809793e+00
1.438581250149583e-03	3.830691e+00
1.448346875149583e-03	3.851429e+00
1.458112500149583e-03	3.872005e+00
1.467878125149583e-03	3.892419e+00
1.477643750149583e-03	3.912669e+00
1.487409375149583e-03	3.932755e+00
1.497175000149583e-03	3.952677e+00
1.506940625149583e-03	3.972433e+00
1.516706250149583e-03	3.992022e+00
1.526471875149583e-03	4.011445e+00
1.536237500149583e-03	4.030699e+00
1.546003125149583e-03	4.049785e+00
1.555768750149583e-03	4.068701e+00
1.565534375149583e-03	4.087447e+00
1.575300000149583e-03	4.106021e+00
1.585065625149583e-03	4.124424e+00
1.594831250149583e-03	4.142655e+00
1.604596875149583e-03	4.160713e+00
1.614362500149583e-03	4.178596e+00
1.624128125149583e-03	4.196305e+00
1.633893750149583e-03	4.213839e+00
1.643659375149583e-03	4.231196e+00
1.653425000149583e-03	4.248377e+00
1.663190625149583e-03	4.265380e+00
1.672956250149583e-03	4.282206e+00
1.682721875149583e-03	4.298853e+00
1.692487500149583e-03	4.315320e+00
1.702253125149583e-03	4.331607e+00
1.712018750149583e-03	4.347714e+00
1.721784375149583e-03	4.363639e+00
1.731550000149583e-03	4.379383e+00
1.741315625149583e-03	4.394944e+00
1.751081250149583e-03	4.410322e+00
1.760846875149583e-03	4.425516e+00
1.770612500149583e-03	4.440525e+00
1.780378125149583e-03	4.455350e+00
1.790143750149583e-03	4.469989e+00
1.799909375149583e-03	4.484442e+00
1.809675000149583e-03	4.498708e+00
1.819440625149583e-03	4.512787e+00
1.829206250149583e-03	4.526678e+00
1.838971875149583e-03	4.540381e+00
1.848737500149583e-03	4.553895e+00
1.858503125149583e-03	4.567220e+00
1.868268750149583e-03	4.580354e+00
1.878034375149583e-03	4.593298e+00
1.887800000149583e-03	4.606051e+00
1.897565625149584e-03	4.618613e+00
1.907331250149584e-03	4.630983e+00
1.917096875149584e-03	4.643160e+00
1.926862500149584e-03	4.655145e+00
1.936628125149584e-03	4.666935e+00
1.946393750149584e-03	4.678533e+00
1.956159375149584e-03	4.689936e+00
1.965925000149583e-03	4.701144e+00
1.975690625149583e-03	4.712157e+00
1.985456250149583e-03	4.722974e+00
1.995221875149583e-03	4.733595e+00
2.004987500149583e-03	4.744020e+00
2.014753125149582e-03	4.754248e+00
2.024518750149582e-03	4.764278e+00
2.034284375149582e-03	4.774111e+00
2.044050000149582e-03	4.783746e+00
2.053815625149581e-03	4.793183e+00
2.063581250149581e-03	4.802421e+00
2.073346875149581e-03	4.811459e+00
2.083112500149581e-03	4.820298e+00
2.092878125149581e-03	4.828938e+00
2.102643750149580e-03	4.837377e+00
2.112409375149580e-03	4.845615e+00
2.122175000149580e-03	4.853652e+00
2.131940625149580e-03	4.861489e+00
2.141706250149580e-03	4.869124e+00
2.151471875149579e-03	4.876557e+00
2.161237500149579e-03	4.883789e+00
2.171003125149579e-03	4.890818e+00
2.180768750149579e-03	4.897644e+00
2.190534375149579e-03	4.904267e+00
2.200300000149578e-03	4.910688e+00
2.210065625149578e-03	4.916905e+00
2.219831250149578e-03	4.922918e+00
2.229596875149578e-03	4.928728e+00
2.239362500149578e-03	4.934333e+00
2.249128125149577e-03	4.939734e+00
2.258893750149577e-03	4.944931e+00
2.268659375149577e-03	4.949923e+00
2.278425000149577e-03	4.954710e+00
2.288190625149576e-03	4.959291e+00
2.297956250149576e-03	4.963668e+00
2.307721875149576e-03	4.967839e+00
2.317487500149576e-03	4.971805e+00
2.327253125149576e-03	4.975564e+00
2.337018750149575e-03	4.979118e+00
2.346784375149575e-03	4.982466e+00
2.356550000149575e-03	4.985608e+00
2.366315625149575e-03	4.988544e+00
2.376081250149575e-03	4.991272e+00
2.385846875149574e-03	4.993795e+00
2.395612500149574e-03	4.996111e+00
2.405378125149574e-03	4.998220e+00
2.415143750149574e-03	5.000122e+00
2.424909375149574e-03	5.001818e+00
2.434675000149573e-03	5.003306e+00
2.444440625149573e-03	5.004588e+00
2.454206250149573e-03	5.005662e+00
2.463971875149573e-03	5.006530e+00
2.473737500149573e-03	5.007190e+00
2.483503125149572e-03	5.007643e+00
2.493268750149572e-03	5.007889e+00
2.503034375149572e-03	5.007928e+00
2.512800000149572e-03	5.007760e+00
2.522565625149571e-03	5.007385e+00
2.532331250149571e-03	5.006802e+00
2.542096875149571e-03	5.006012e+00
2.551862500149571e-03	5.005015e+00
2.561628125149571e-03	5.003812e+00
2.571393750149570e-03	5.002401e+00
2.581159375149570e-03	5.000783e+00
2.590925000149570e-03	4.998959e+00
2.600690625149570e-03	4.996927e+00
2.610456250149570e-03	4.994689e+00
2.620221875149569e-03	4.992244e+00
2.629987500149569e-03	4.989592e+00
2.639753125149569e-03	4.986734e+00
2.649518750149569e-03	4.983670e+00
2.659284375149569e-03	4.980400e+00
2.669050000149568e-03	4.976923e+00
2.678815625149568e-03	4.973240e+00
2.688581250149568e-03	4.969352e+00
2.698346875149568e-03	4.965258e+00
2.708112500149568e-03	4.960958e+00
2.717878125149567e-03	4.956454e+00
2.727643750149567e-03	4.951744e+00
2.737409375149567e-03	4.946829e+00
2.747175000149567e-03	4.941709e+00
2.756940625149566e-03	4.936385e+00
2.766706250149566e-03	4.930856e+00
2.776471875149566e-03	4.925123e+00
2.786237500149566e-03	4.919186e+00
2.796003125149566e-03	4.913045e+00
2.805768750149565e-03	4.906702e+00
2.815534375149565e-03	4.900154e+00
2.825300000149565e-03	4.893404e+00
2.835065625149565e-03	4.886451e+00
2.844831250149565e-03	4.879296e+00
2.854596875149564e-03	4.871938e+00
2.864362500149564e-03	4.864379e+00
2.874128125149564e-03	4.856618e+00
2.883893750149564e-03	4.848656e+00
2.893659375149564e-03	4.840492e+00
2.903425000149563e-03	4.832129e+00
2.913190625149563e-03	4.823564e+00
2.922956250149563e-03	4.814800e+00
2.932721875149563e-03	4.805836e+00
2.942487500149563e-03	4.796673e+00
2.952253125149562e-03	4.787311e+00
2.962018750149562e-03	4.777750e+00
2.971784375149562e-03	4.767992e+00
2.981550000149562e-03	4.758035e+00
2.991315625149561e-03	4.747881e+00
3.001081250149561e-03	4.737530e+00
3.010846875149561e-03	4.726983e+00
3.020612500149561e-03	4.716239e+00
3.030378125149561e-03	4.705299e+00
3.040143750149560e-03	4.694164e+00
3.049909375149560e-03	4.682835e+00
3.059675000149560e-03	4.671310e+00
3.069440625149560e-03	4.659592e+00
3.079206250149560e-03	4.647680e+00
3.088971875149559e-03	4.635574e+00
3.098737500149559e-03	4.623277e+00
3.108503125149559e-03	4.610787e+00
3.118268750149559e-03	4.598105e+00
3.128034375149559e-03	4.585233e+00
3.137800000149558e-03	4.572169e+00
3.147565625149558e-03	4.558916e+00
3.157331250149558e-03	4.545473e+00
3.167096875149558e-03	4.531841e+00
3.176862500149558e-03	4.518020e+00
3.186628125149557e-03	4.504011e+00
3.196393750149557e-03	4.489815e+00
3.206159375149557e-03	4.475432e+00
3.215925000149557e-03	4.460862e+00
3.225690625149556e-03	4.446107e+00
3.235456250149556e-03	4.431167e+00
3.245221875149556e-03	4.416041e+00
3.254987500149556e-03	4.400733e+00
3.264753125149556e-03	4.385240e+00
3.274518750149555e-03	4.369565e+00
3.284284375149555e-03	4.353707e+00
3.294050000149555e-03	4.337668e+00
3.303815625149555e-03	4.321449e+00
3.313581250149555e-03	4.305048e+00
3.323346875149554e-03	4.288469e+00
3.333112500149554e-03	4.271710e+00
3.342878125149554e-03	4.254773e+00
3.352643750149554e-03	4.237658e+00
3.362409375149554e-03	4.220366e+00
3.372175000149553e-03	4.202899e+00
3.381940625149553e-03	4.185255e+00
3.391706250149553e-03	4.167437e+00
3.401471875149553e-03	4.149444e+00
3.411237500149553e-03	4.131278e+00
3.421003125149552e-03	4.112939e+00
3.430768750149552e-03	4.094428e+00
3.440534375149552e-03	4.075746e+00
3.450300000149552e-03	4.056893e+00
3.460065625149551e-03	4.037870e+00
3.469831250149551e-03	4.018679e+00
3.479596875149551e-03	3.999319e+00
3.489362500149551e-03	3.979792e+00
3.499128125149551e-03	3.960098e+00
3.508893750149550e-03	3.940238e+00
3.518659375149550e-03	3.920213e+00
3.528425000149550e-03	3.900023e+00
3.538190625149550e-03	3.879670e+00
3.547956250149550e-03	3.859155e+00
3.557721875149549e-03	3.838477e+00
3.567487500149549e-03	3.817638e+00
3.577253125149549e-03	3.796639e+00
3.587018750149549e-03	3.775481e+00
3.596784375149549e-03	3.754164e+00
3.606550000149548e-03	3.732690e+00
3.616315625149548e-03	3.711059e+00
3.626081250149548e-03	3.689271e+00
3.635846875149548e-03	3.667329e+00
3.645612500149548e-03	3.645232e+00
3.655378125149547e-03	3.622983e+00
3.665143750149547e-03	3.600580e+00
3.674909375149547e-03	3.578027e+00
3.684675000149547e-03	3.555322e+00
3.694440625149547e-03	3.532469e+00
3.704206250149546e-03	3.509466e+00
3.713971875149546e-03	3.486315e+00
3.723737500149546e-03	3.463018e+00
3.733503125149546e-03	3.439575e+00
3.743268750149545e-03	3.415987e+00
3.753034375149545e-03	3.392255e+00
3.762800000149545e-03	3.368380e+00
3.772565625149545e-03	3.344363e+00
3.782331250149545e-03	3.320205e+00
3.792096875149544e-03	3.295907e+00
3.801862500149544e-03	3.271471e+00
3.811628125149544e-03	3.246896e+00
3.821393750149544e-03	3.222183e+00
3.831159375149544e-03	3.197335e+00
3.840925000149543e-03	3.172353e+00
3.850690625149543e-03	3.147236e+00
3.860456250149543e-03	3.121986e+00
3.870221875149543e-03	3.096605e+00
3.879987500149543e-03	3.071093e+00
3.889753125149542e-03	3.045451e+00
3.899518750149542e-03	3.019681e+00
3.909284375149542e-03	2.993783e+00
3.919050000149542e-03	2.967759e+00
3.928815625149542e-03	2.941609e+00
3.938581250149542e-03	2.915336e+00
3.948346875149542e-03	2.888939e+00
3.958112500149541e-03	2.862420e+00
3.967878125149541e-03	2.835781e+00
3.977643750149541e-03	2.809022e+00
3.987409375149541e-03	2.782144e+00
3.997175000149540e-03	2.755149e+00
4.006940625149540e-03	2.728039e+00
4.016706250149540e-03	2.700813e+00
4.026471875149540e-03	2.673473e+00
4.036237500149540e-03	2.646021e+00
4.046003125149539e-03	2.618457e+00
4.055768750149539e-03	2.590783e+00
4.065534375149539e-03	2.563000e+00
4.075300000149539e-03	2.535110e+00
4.085065625149539e-03	2.507113e+00
4.094831250149538e-03	2.479012e+00
4.104596875149538e-03	2.450806e+00
4.114362500149538e-03	2.422498e+00
4.124128125149538e-03	2.394088e+00
4.133893750149538e-03	2.365578e+00
4.143659375149537e-03	2.336970e+00
4.153425000149537e-03	2.308265e+00
4.163190625149537e-03	2.279463e+00
4.172956250149537e-03	2.250567e+00
4.182721875149537e-03	2.221578e+00
4.192487500149536e-03	2.192497e+00
4.202253125149536e-03	2.163325e+00
4.212018750149536e-03	2.134065e+00
4.221784375149536e-03	2.104717e+00
4.231550000149535e-03	2.075282e+00
4.241315625149535e-03	2.045763e+00
4.251081250149535e-03	2.016162e+00
4.260846875149535e-03	1.986478e+00
4.270612500149535e-03	1.956715e+00
4.280378125149534e-03	1.926873e+00
4.290143750149534e-03	1.896954e+00
4.299909375149534e-03	1.866959e+00
4.309675000149534e-03	1.836891e+00
4.319440625149534e-03	1.806751e+00
4.329206250149533e-03	1.776541e+00
4.338971875149533e-03	1.746262e+00
4.348737500149533e-03	1.715916e+00
4.358503125149533e-03	1.685505e+00
4.368268750149533e-03	1.655031e+00
4.378034375149532e-03	1.624496e+00
4.387800000149532e-03	1.593900e+00
4.397565625149532e-03	1.563248e+00
4.407331250149532e-03	1.532539e+00
4.417096875149532e-03	1.501778e+00
4.426862500149531e-03	1.470965e+00
4.436628125149531e-03	1.440102e+00
4.446393750149531e-03	1.409192e+00
4.456159375149531e-03	1.378238e+00
4.465925000149530e-03	1.347241e+00
4.475690625149530e-03	1.316205e+00
4.485456250149530e-03	1.285131e+00
4.495221875149530e-03	1.254021e+00
4.504987500149530e-03	1.222880e+00
4.514753125149529e-03	1.191710e+00
4.524518750149529e-03	1.160513e+00
4.534284375149529e-03	1.129293e+00
4.544050000149529e-03	1.098053e+00
4.553815625149529e-03	1.066797e+00
4.563581250149528e-03	1.035528e+00
4.573346875149528e-03	1.004249e+00
4.583112500149528e-03	9.729654e-01
4.592878125149528e-03	9.416810e-01
4.602643750149528e-03	9.104003e-01
4.612409375149527e-03	8.791283e-01
4.622175000149527e-03	8.478703e-01
4.631940625149527e-03	8.166318e-01
4.641706250149527e-03	7.854190e-01
4.651471875149527e-03	7.542387e-01
4.661237500149526e-03	7.230981e-01
4.671003125149526e-03	6.920052e-01
4.680768750149526e-03	6.609688e-01
4.690534375149526e-03	6.299986e-01
4.700300000149525e-03	5.991057e-01
4.710065625149525e-03	5.683022e-01
4.719831250149525e-03	5.376017e-01
4.729596875149525e-03	5.070200e-01
4.739362500149525e-03	4.765749e-01
4.749128125149524e-03	4.462869e-01
4.758893750149524e-03	4.161797e-01
4.768659375149524e-03	3.862813e-01
4.778425000149524e-03	3.566245e-01
4.788190625149524e-03	3.272484e-01
4.797956250149523e-03	2.982001e-01
4.807721875149523e-03	2.695370e-01
4.817487500149523e-03	2.413293e-01
4.827253125149523e-03	2.136649e-01
4.837018750149523e-03	1.866541e-01
4.846784375149522e-03	1.604375e-01
4.856550000149522e-03	1.352034e-01
4.866315625149522e-03	1.111777e-01
4.876081250149522e-03	8.866101e-02
4.885846875149522e-03	6.804578e-02
4.895612500149521e-03	4.978969e-02
4.905378125149521e-03	3.439431e-02
4.915143750149521e-03	2.225414e-02
4.924909375149521e-03	1.346274e-02
4.934675000149520e-03	7.652522e-03
4.944440625149520e-03	4.119903e-03
4.954206250149520e-03	2.101122e-03
4.963971875149520e-03	1.001933e-03
4.973737500149520e-03	4.217705e-04
4.983503125149519e-03	1.333020e-04
4.993268750149519e-03	1.299733e-05
5.003034375149519e-03	1.078034e-05
5.012800000149519e-03	1.222861e-04
5.022565625149519e-03	3.961323e-04
5.032331250149518e-03	9.425406e-04
5.042096875149518e-03	1.976353e-03
5.051862500149518e-03	3.857871e-03
5.061628125149518e-03	7.132793e-03
5.071393750149518e-03	1.248040e-02
5.081159375149517e-03	2.057381e-02
5.090925000149517e-03	3.178019e-02
5.100690625149517e-03	4.612799e-02
5.110456250149517e-03	6.329851e-02
5.120221875149517e-03	8.296376e-02
5.129987500149516e-03	1.046739e-01
5.139753125149516e-03	1.280096e-01
5.149518750149516e-03	1.526679e-01
5.159284375149516e-03	1.783903e-01
5.169050000149516e-03	2.049853e-01
5.178815625149515e-03	2.322957e-01
5.188581250149515e-03	2.602018e-01
5.198346875149515e-03	2.886056e-01
5.208112500149515e-03	3.174302e-01
5.217878125149514e-03	3.466118e-01
5.227643750149514e-03	3.760990e-01
5.237409375149514e-03	4.058487e-01
5.247175000149514e-03	4.358249e-01
5.256940625149514e-03	4.659972e-01
5.266706250149513e-03	4.963399e-01
5.276471875149513e-03	5.268305e-01
5.286237500149513e-03	5.574499e-01
5.296003125149513e-03	5.881812e-01
5.305768750149513e-03	6.190097e-01
5.315534375149512e-03	6.499222e-01
5.325300000149512e-03	6.809072e-01
5.335065625149512e-03	7.119544e-01
5.344831250149512e-03	7.430542e-01
5.354596875149512e-03	7.741983e-01
5.364362500149511e-03	8.053789e-01
5.374128125149511e-03	8.365890e-01
5.383893750149511e-03	8.678222e-01
5.393659375149511e-03	8.990725e-01
5.403425000149511e-03	9.303344e-01
5.413190625149510e-03	9.616029e-01
5.422956250149510e-03	9.928730e-01
5.432721875149510e-03	1.024140e+00
5.442487500149510e-03	1.055401e+00
5.452253125149509e-03	1.086650e+00
5.462018750149509e-03	1.117885e+00
5.471784375149509e-03	1.149102e+00
5.481550000149509e-03	1.180298e+00
5.491315625149509e-03	1.211468e+00
5.501081250149508e-03	1.242611e+00
5.510846875149508e-03	1.273724e+00
5.520612500149508e-03	1.304803e+00
5.530378125149508e-03	1.335845e+00
5.540143750149508e-03	1.366850e+00
5.549909375149507e-03	1.397813e+00
5.559675000149507e-03	1.428732e+00
5.569440625149507e-03	1.459605e+00
5.579206250149507e-03	1.490431e+00
5.588971875149507e-03	1.521206e+00
5.598737500149506e-03	1.551928e+00
5.608503125149506e-03	1.582596e+00
5.618268750149506e-03	1.613207e+00
5.628034375149506e-03	1.643760e+00
5.637800000149506e-03	1.674252e+00
5.647565625149505e-03	1.704682e+00
5.657331250149505e-03	1.735047e+00
5.667096875149505e-03	1.765347e+00
5.676862500149505e-03	1.795578e+00
5.686628125149504e-03	1.825741e+00
5.696393750149504e-03	1.855832e+00
5.706159375149504e-03	1.885849e+00
5.715925000149504e-03	1.915793e+00
5.725690625149504e-03	1.945660e+00
5.735456250149503e-03	1.975450e+00
5.745221875149503e-03	2.005160e+00
5.754987500149503e-03	2.034789e+00
5.764753125149503e-03	2.064336e+00
5.774518750149503e-03	2.093798e+00
5.784284375149502e-03	2.123176e+00
5.794050000149502e-03	2.152466e+00
5.803815625149502e-03	2.181668e+00
5.813581250149502e-03	2.210781e+00
5.823346875149502e-03	2.239802e+00
5.833112500149501e-03	2.268730e+00
5.842878125149501e-03	2.297565e+00
5.852643750149501e-03	2.326303e+00
5.862409375149501e-03	2.354946e+00
5.872175000149501e-03	2.383490e+00
5.881940625149500e-03	2.411935e+00
5.891706250149500e-03	2.440279e+00
5.901471875149500e-03	2.468521e+00
5.911237500149500e-03	2.496660e+00
5.921003125149499e-03	2.524694e+00
5.930768750149499e-03	2.552623e+00
5.940534375149499e-03	2.580444e+00
5.950300000149499e-03	2.608156e+00
5.960065625149499e-03	2.635760e+00
5.969831250149498e-03	2.663252e+00
5.979596875149498e-03	2.690632e+00
5.989362500149498e-03	2.717899e+00
5.999128125149498e-03	2.745052e+00
6.008893750149498e-03	2.772089e+00
6.018659375149497e-03	2.799009e+00
6.028425000149497e-03	2.825810e+00
6.038190625149497e-03	2.852493e+00
6.047956250149497e-03	2.879056e+00
6.057721875149497e-03	2.905497e+00
6.067487500149496e-03	2.931815e+00
6.077253125149496e-03	2.958010e+00
6.087018750149496e-03	2.984080e+00
6.096784375149496e-03	3.010024e+00
6.106550000149496e-03	3.035841e+00
6.116315625149495e-03	3.061530e+00
6.126081250149495e-03	3.087090e+00
6.135846875149495e-03	3.112519e+00
6.145612500149495e-03	3.137817e+00
6.155378125149494e-03	3.162982e+00
6.165143750149494e-03	3.188015e+00
6.174909375149494e-03	3.212912e+00
6.184675000149494e-03	3.237674e+00
6.194440625149494e-03	3.262300e+00
6.204206250149493e-03	3.286788e+00
6.213971875149493e-03	3.311137e+00
6.223737500149493e-03	3.335346e+00
6.233503125149493e-03	3.359415e+00
6.243268750149493e-03	3.383343e+00
6.253034375149492e-03	3.407128e+00
6.262800000149492e-03	3.430769e+00
6.272565625149492e-03	3.454266e+00
6.282331250149492e-03	3.477617e+00
6.292096875149492e-03	3.500822e+00
6.301862500149491e-03	3.523879e+00
6.311628125149491e-03	3.546788e+00
6.321393750149491e-03	3.569548e+00
6.331159375149491e-03	3.592157e+00
6.340925000149491e-03	3.614615e+00
6.350690625149490e-03	3.636922e+00
6.360456250149490e-03	3.659075e+00
6.370221875149490e-03	3.681075e+00
6.379987500149490e-03	3.702920e+00
6.389753125149489e-03	3.724609e+00
6.399518750149489e-03	3.746142e+00
6.409284375149489e-03	3.767518e+00
6.419050000149489e-03	3.788735e+00
6.428815625149489e-03	3.809793e+00
6.438581250149488e-03	3.830691e+00
6.448346875149488e-03	3.851429e+00
6.458112500149488e-03	3.872005e+00
6.467878125149488e-03	3.892419e+00
6.477643750149488e-03	3.912669e+00
6.487409375149487e-03	3.932755e+00
6.497175000149487e-03	3.952677e+00
6.506940625149487e-03	3.972433e+00
6.516706250149487e-03	3.992022e+00
6.526471875149487e-03	4.011445e+00
6.536237500149486e-03	4.030699e+00
6.546003125149486e-03	4.049785e+00
6.555768750149486e-03	4.068701e+00
6.565534375149486e-03	4.087447e+00
6.575300000149486e-03	4.106021e+00
6.585065625149485e-03	4.124424e+00
6.594831250149485e-03	4.142655e+00
6.604596875149485e-03	4.160713e+00
6.614362500149485e-03	4.178596e+00
6.624128125149484e-03	4.196305e+00
6.633893750149484e-03	4.213839e+00
6.643659375149484e-03	4.231196e+00
6.653425000149484e-03	4.248377e+00
6.663190625149484e-03	4.265380e+00
6.672956250149483e-03	4.282206e+00
6.682721875149483e-03	4.298853e+00
6.692487500149483e-03	4.315320e+00
6.702253125149483e-03	4.331607e+00
6.712018750149483e-03	4.347714e+00
6.721784375149482e-03	4.363639e+00
6.731550000149482e-03	4.379383e+00
6.741315625149482e-03	4.394944e+00
6.751081250149482e-03	4.410322e+00
6.760846875149482e-03	4.425516e+00
6.770612500149481e-03	4.440525e+00
6.780378125149481e-03	4.455350e+00
6.790143750149481e-03	4.469989e+00
6.799909375149481e-03	4.484442e+00
6.809675000149481e-03	4.498708e+00
6.819440625149480e-03	4.512787e+00
6.829206250149480e-03	4.526678e+00
6.838971875149480e-03	4.540381e+00
6.848737500149480e-03	4.553895e+00
6.858503125149479e-03	4.567220e+00
6.868268750149479e-03	4.580354e+00
6.878034375149479e-03	4.593298e+00
6.887800000149479e-03	4.606051e+00
6.897565625149479e-03	4.618613e+00
6.907331250149478e-03	4.630983e+00
6.917096875149478e-03	4.643160e+00
6.926862500149478e-03	4.655145e+00
6.936628125149478e-03	4.666935e+00
6.946393750149478e-03	4.678533e+00
6.956159375149477e-03	4.689936e+00
6.965925000149477e-03	4.701144e+00
6.975690625149477e-03	4.712157e+00
6.985456250149477e-03	4.722974e+00
6.995221875149477e-03	4.733595e+00
7.004987500149476e-03	4.744020e+00
7.014753125149476e-03	4.754248e+00
7.024518750149476e-03	4.764278e+00
7.034284375149476e-03	4.774111e+00
7.044050000149476e-03	4.783746e+00
7.053815625149475e-03	4.793183e+00
7.063581250149475e-03	4.802421e+00
7.073346875149475e-03	4.811459e+00
7.083112500149475e-03	4.820298e+00
7.092878125149474e-03	4.828938e+00
7.102643750149474e-03	4.837377e+00
7.112409375149474e-03	4.845615e+00
7.122175000149474e-03	4.853652e+00
7.131940625149474e-03	4.861489e+00
7.141706250149473e-03	4.869124e+00
7.151471875149473e-03	4.876557e+00
7.161237500149473e-03	4.883789e+00
7.171003125149473e-03	4.890818e+00
7.180768750149473e-03	4.897644e+00
7.190534375149472e-03	4.904267e+00
7.200300000149472e-03	4.910688e+00
7.210065625149472e-03	4.916905e+00
7.219831250149472e-03	4.922918e+00
7.229596875149472e-03	4.928728e+00
7.239362500149471e-03	4.934333e+00
7.249128125149471e-03	4.939734e+00
7.258893750149471e-03	4.944931e+00
7.268659375149471e-03	4.949923e+00
7.278425000149471e-03	4.954710e+00
7.288190625149470e-03	4.959291e+00
7.297956250149470e-03	4.963668e+00
7.307721875149470e-03	4.967839e+00
7.317487500149470e-03	4.971805e+00
7.327253125149469e-03	4.975564e+00
7.337018750149469e-03	4.979118e+00
7.346784375149469e-03	4.982466e+00
7.356550000149469e-03	4.985608e+00
7.366315625149469e-03	4.988544e+00
7.376081250149468e-03	4.991272e+00
7.385846875149468e-03	4.993795e+00
7.395612500149468e-03	4.996111e+00
7.405378125149468e-03	4.998220e+00
7.415143750149468e-03	5.000122e+00
7.424909375149467e-03	5.001818e+00
7.434675000149467e-03	5.003306e+00
7.444440625149467e-03	5.004588e+00
7.454206250149467e-03	5.005662e+00
7.463971875149467e-03	5.006530e+00
7.473737500149466e-03	5.007190e+00
7.483503125149466e-03	5.007643e+00
7.493268750149466e-03	5.007889e+00
7.503034375149466e-03	5.007928e+00
7.512800000149466e-03	5.007760e+00
7.522565625149465e-03	5.007385e+00
7.532331250149465e-03	5.006802e+00
7.542096875149465e-03	5.006012e+00
7.551862500149465e-03	5.005015e+00
7.561628125149465e-03	5.003812e+00
7.571393750149464e-03	5.002401e+00
7.581159375149464e-03	5.000783e+00
7.590925000149464e-03	4.998959e+00
7.600690625149464e-03	4.996927e+00
7.610456250149463e-03	4.994689e+00
7.620221875149463e-03	4.992244e+00
7.629987500149463e-03	4.989592e+00
7.639753125149463e-03	4.986734e+00
7.649518750149463e-03	4.983670e+00
7.659284375149462e-03	4.980400e+00
7.669050000149462e-03	4.976923e+00
7.678815625149462e-03	4.973240e+00
7.688581250149462e-03	4.969352e+00
7.698346875149462e-03	4.965258e+00
7.708112500149461e-03	4.960958e+00
7.717878125149461e-03	4.956454e+00
7.727643750149461e-03	4.951744e+00
7.737409375149461e-03	4.946829e+00
7.747175000149461e-03	4.941709e+00
7.756940625149460e-03	4.936385e+00
7.766706250149460e-03	4.930856e+00
7.776471875149460e-03	4.925123e+00
7.786237500149460e-03	4.919186e+00
7.796003125149460e-03	4.913045e+00
7.805768750149459e-03	4.906702e+00
7.815534375149459e-03	4.900154e+00
7.825300000149459e-03	4.893404e+00
7.835065625149459e-03	4.886451e+00
7.844831250149458e-03	4.879296e+00
7.854596875149458e-03	4.871938e+00
7.864362500149458e-03	4.864379e+00
7.874128125149458e-03	4.856618e+00
7.883893750149458e-03	4.848656e+00
7.893659375149457e-03	4.840492e+00
7.903425000149457e-03	4.832129e+00
7.913190625149457e-03	4.823564e+00
7.922956250149457e-03	4.814800e+00
7.932721875149457e-03	4.805836e+00
7.942487500149456e-03	4.796673e+00
7.952253125149456e-03	4.787311e+00
7.962018750149456e-03	4.777750e+00
7.971784375149456e-03	4.767992e+00
7.981550000149456e-03	4.758035e+00
7.991315625149455e-03	4.747881e+00
8.001081250149455e-03	4.737530e+00
8.010846875149455e-03	4.726983e+00
8.020612500149455e-03	4.716239e+00
8.030378125149455e-03	4.705299e+00
8.040143750149454e-03	4.694164e+00
8.049909375149454e-03	4.682835e+00
8.059675000149454e-03	4.671310e+00
8.069440625149454e-03	4.659592e+00
8.079206250149453e-03	4.647680e+00
8.088971875149453e-03	4.635574e+00
8.098737500149453e-03	4.623277e+00
8.108503125149453e-03	4.610787e+00
8.118268750149453e-03	4.598105e+00
8.128034375149452e-03	4.585233e+00
8.137800000149452e-03	4.572169e+00
8.147565625149452e-03	4.558916e+00
8.157331250149452e-03	4.545473e+00
8.167096875149452e-03	4.531841e+00
8.176862500149451e-03	4.518020e+00
8.186628125149451e-03	4.504011e+00
8.196393750149451e-03	4.489815e+00
8.206159375149451e-03	4.475432e+00
8.215925000149451e-03	4.460862e+00
8.225690625149450e-03	4.446107e+00
8.235456250149450e-03	4.431167e+00
8.245221875149450e-03	4.416041e+00
8.254987500149450e-03	4.400733e+00
8.264753125149450e-03	4.385240e+00
8.274518750149449e-03	4.369565e+00
8.284284375149449e-03	4.353707e+00
8.294050000149449e-03	4.337668e+00
8.303815625149449e-03	4.321449e+00
8.313581250149448e-03	4.305048e+00
8.323346875149448e-03	4.288469e+00
8.333112500149448e-03	4.271710e+00
8.342878125149448e-03	4.254773e+00
8.352643750149448e-03	4.237658e+00
8.362409375149447e-03	4.220366e+00
8.372175000149447e-03	4.202899e+00
8.381940625149447e-03	4.185255e+00
8.391706250149447e-03	4.167437e+00
8.401471875149447e-03	4.149444e+00
8.411237500149446e-03	4.131278e+00
8.421003125149446e-03	4.112939e+00
8.430768750149446e-03	4.094428e+00
8.440534375149446e-03	4.075746e+00
8.450300000149446e-03	4.056893e+00
8.460065625149445e-03	4.037870e+00
8.469831250149445e-03	4.018679e+00
8.479596875149445e-03	3.999319e+00
8.489362500149445e-03	3.979792e+00
8.499128125149445e-03	3.960098e+00
8.508893750149444e-03	3.940238e+00
8.518659375149444e-03	3.920213e+00
8.528425000149444e-03	3.900023e+00
8.538190625149444e-03	3.879670e+00
8.547956250149443e-03	3.859155e+00
8.557721875149443e-03	3.838477e+00
8.567487500149443e-03	3.817638e+00
8.577253125149443e-03	3.796639e+00
8.587018750149443e-03	3.775481e+00
8.596784375149442e-03	3.754164e+00
8.606550000149442e-03	3.732690e+00
8.616315625149442e-03	3.711059e+00
8.626081250149442e-03	3.689271e+00
8.635846875149442e-03	3.667329e+00
8.645612500149441e-03	3.645232e+00
8.655378125149441e-03	3.622983e+00
8.665143750149441e-03	3.600580e+00
8.674909375149441e-03	3.578027e+00
8.684675000149441e-03	3.555322e+00
8.694440625149440e-03	3.532469e+00
8.704206250149440e-03	3.509466e+00
8.713971875149440e-03	3.486315e+00
8.723737500149440e-03	3.463018e+00
8.733503125149440e-03	3.439575e+00
8.743268750149439e-03	3.415987e+00
8.753034375149439e-03	3.392255e+00
8.762800000149439e-03	3.368380e+00
8.772565625149439e-03	3.344363e+00
8.782331250149438e-03	3.320205e+00
8.792096875149438e-03	3.295907e+00
8.801862500149438e-03	3.271471e+00
8.811628125149438e-03	3.246896e+00
8.821393750149438e-03	3.222183e+00
8.831159375149437e-03	3.197335e+00
8.840925000149437e-03	3.172353e+00
8.850690625149437e-03	3.147236e+00
8.860456250149437e-03	3.121986e+00
8.870221875149437e-03	3.096605e+00
8.879987500149436e-03	3.071093e+00
8.889753125149436e-03	3.045451e+00
8.899518750149436e-03	3.019681e+00
8.909284375149436e-03	2.993783e+00
8.919050000149436e-03	2.967759e+00
8.928815625149435e-03	2.941609e+00
8.938581250149435e-03	2.915336e+00
8.948346875149435e-03	2.888939e+00
8.958112500149435e-03	2.862420e+00
8.967878125149435e-03	2.835781e+00
8.977643750149434e-03	2.809022e+00
8.987409375149434e-03	2.782144e+00
8.997175000149434e-03	2.755149e+00
9.006940625149434e-03	2.728039e+00
9.016706250149433e-03	2.700813e+00
9.026471875149433e-03	2.673473e+00
9.036237500149433e-03	2.646021e+00
9.046003125149433e-03	2.618457e+00
9.055768750149433e-03	2.590783e+00
9.065534375149432e-03	2.563000e+00
9.075300000149432e-03	2.535110e+00
9.085065625149432e-03	2.507113e+00
9.094831250149432e-03	2.479012e+00
9.104596875149432e-03	2.450806e+00
9.114362500149431e-03	2.422498e+00
9.124128125149431e-03	2.394088e+00
9.133893750149431e-03	2.365578e+00
9.143659375149431e-03	2.336970e+00
9.153425000149431e-03	2.308265e+00
9.163190625149430e-03	2.279463e+00
9.172956250149430e-03	2.250567e+00
9.182721875149430e-03	2.221578e+00
9.192487500149430e-03	2.192497e+00
9.202253125149430e-03	2.163325e+00
9.212018750149429e-03	2.134065e+00
9.221784375149429e-03	2.104717e+00
9.231550000149429e-03	2.075282e+00
9.241315625149429e-03	2.045763e+00
9.251081250149428e-03	2.016162e+00
9.260846875149428e-03	1.986478e+00
9.270612500149428e-03	1.956715e+00
9.280378125149428e-03	1.926873e+00
9.290143750149428e-03	1.896954e+00
9.299909375149427e-03	1.866959e+00
9.309675000149427e-03	1.836891e+00
9.319440625149427e-03	1.806751e+00
9.329206250149427e-03	1.776541e+00
9.338971875149427e-03	1.746262e+00
9.348737500149426e-03	1.715916e+00
9.358503125149426e-03	1.685505e+00
9.368268750149426e-03	1.655031e+00
9.378034375149426e-03	1.624496e+00
9.387800000149426e-03	1.593900e+00
9.397565625149425e-03	1.563248e+00
9.407331250149425e-03	1.532539e+00
9.417096875149425e-03	1.501778e+00
9.426862500149425e-03	1.470965e+00
9.436628125149425e-03	1.440102e+00
9.446393750149424e-03	1.409192e+00
9.456159375149424e-03	1.378238e+00
9.465925000149424e-03	1.347241e+00
9.475690625149424e-03	1.316205e+00
9.485456250149423e-03	1.285131e+00
9.495221875149423e-03	1.254021e+00
9.504987500149423e-03	1.222880e+00
9.514753125149423e-03	1.191710e+00
9.524518750149423e-03	1.160513e+00
9.534284375149422e-03	1.129293e+00
9.544050000149422e-03	1.098053e+00
9.553815625149422e-03	1.066797e+00
9.563581250149422e-03	1.035528e+00
9.573346875149422e-03	1.004249e+00
9.583112500149421e-03	9.729654e-01
9.592878125149421e-03	9.416810e-01
9.602643750149421e-03	9.104003e-01
9.612409375149421e-03	8.791283e-01
9.622175000149421e-03	8.478703e-01
9.631940625149420e-03	8.166318e-01
9.641706250149420e-03	7.854190e-01
9.651471875149420e-03	7.542387e-01
9.661237500149420e-03	7.230981e-01
9.671003125149420e-03	6.920052e-01
9.680768750149419e-03	6.609688e-01
9.690534375149419e-03	6.299986e-01
9.700300000149419e-03	5.991057e-01
9.710065625149419e-03	5.683022e-01
9.719831250149418e-03	5.376017e-01
9.729596875149418e-03	5.070200e-01
9.739362500149418e-03	4.765749e-01
9.749128125149418e-03	4.462869e-01
9.758893750149418e-03	4.161797e-01
9.768659375149417e-03	3.862813e-01
9.778425000149417e-03	3.566245e-01
9.788190625149417e-03	3.272484e-01
9.797956250149417e-03	2.982001e-01
9.807721875149417e-03	2.695370e-01
9.817487500149416e-03	2.413293e-01
9.827253125149416e-03	2.136649e-01
9.837018750149416e-03	1.866541e-01
9.846784375149416e-03	1.604375e-01
9.856550000149416e-03	1.352034e-01
9.866315625149415e-03	1.111777e-01
9.876081250149415e-03	8.866101e-02
9.885846875149415e-03	6.804578e-02
9.895612500149415e-03	4.978969e-02
9.905378125149415e-03	3.439431e-02
9.915143750149414e-03	2.225414e-02
9.924909375149414e-03	1.346274e-02
9.934675000149414e-03	7.652522e-03
9.944440625149414e-03	4.119903e-03
9.954206250149414e-03	2.101122e-03
9.963971875149413e-03	1.001933e-03
9.973737500149413e-03	4.217705e-04
9.983503125149413e-03	1.333020e-04
9.993268750149413e-03	1.299731e-05
1.000000000000000e-02	-5.586298e-08
