time	V(v_out)	V(n001)
0.000000000000000e+00	1.603901e-18	0.000000e+00
9.765624940649698e-12	3.158579e-16	3.411573e-07
1.953124988129940e-11	3.569055e-13	6.823146e-07
3.906249976259879e-11	1.899268e-12	1.364629e-06
7.812499952519758e-11	8.288180e-12	2.729259e-06
1.562499990503952e-10	3.416488e-11	5.458517e-06
3.124999981007903e-10	1.384061e-10	1.091703e-05
6.249999962015806e-10	5.559416e-10	2.183407e-05
1.249999992403161e-09	2.223155e-09	4.366814e-05
2.499999984806323e-09	8.847984e-09	8.733627e-05
4.999999969612645e-09	3.497176e-08	1.746725e-04
9.999999939225290e-09	1.364865e-07	3.493451e-04
1.999999987845058e-08	5.201912e-07	6.986902e-04
3.999999975690116e-08	1.898277e-06	1.397380e-03
7.999999951380232e-08	6.433503e-06	2.794761e-03
1.599999990276046e-07	1.955109e-05	5.589521e-03
3.199999980552093e-07	5.253767e-05	1.117904e-02
6.399999961104186e-07	1.307615e-04	2.235803e-02
1.279999992220837e-06	3.376717e-04	4.471569e-02
2.256562492220837e-06	8.539108e-04	7.882927e-02
3.233124992220837e-06	1.806212e-03	1.129399e-01
4.209687492220837e-06	3.494698e-03	1.470462e-01
5.186249992220837e-06	6.391753e-03	1.811470e-01
6.162812492220837e-06	1.105508e-02	2.152410e-01
7.139374992220837e-06	1.804865e-02	2.493269e-01
8.115937492220836e-06	2.771704e-02	2.834034e-01
9.092499992220837e-06	4.016057e-02	3.174693e-01
1.006906249222084e-05	5.526795e-02	3.515232e-01
1.104562499222084e-05	7.278296e-02	3.855638e-01
1.202218749222084e-05	9.239548e-02	4.195899e-01
1.299874999222084e-05	1.137687e-01	4.536003e-01
1.397531249222084e-05	1.366503e-01	4.875935e-01
1.495187499222084e-05	1.608173e-01	5.215684e-01
1.592843749222084e-05	1.860446e-01	5.555237e-01
1.690499999222084e-05	2.121563e-01	5.894580e-01
1.788156249222085e-05	2.390101e-01	6.233702e-01
1.885812499222085e-05	2.664904e-01	6.572589e-01
1.983468749222085e-05	2.945027e-01	6.911228e-01
2.081124999222085e-05	3.229688e-01	7.249607e-01
2.178781249222085e-05	3.518237e-01	7.587714e-01
2.276437499222085e-05	3.810132e-01	7.925534e-01
2.374093749222085e-05	4.104918e-01	8.263056e-01
2.471749999222085e-05	4.402209e-01	8.600268e-01
2.569406249222085e-05	4.701677e-01	8.937155e-01
2.667062499222085e-05	5.003040e-01	9.273705e-01
2.764718749222085e-05	5.306056e-01	9.609907e-01
2.862374999222085e-05	5.610512e-01	9.945747e-01
2.960031249222086e-05	5.916225e-01	1.028121e+00
3.057687499222086e-05	6.223034e-01	1.061629e+00
3.155343749222086e-05	6.530793e-01	1.095097e+00
3.252999999222086e-05	6.839377e-01	1.128524e+00
3.350656249222086e-05	7.148672e-01	1.161908e+00
3.448312499222086e-05	7.458574e-01	1.195248e+00
3.545968749222086e-05	7.768992e-01	1.228544e+00
3.643624999222086e-05	8.079842e-01	1.261793e+00
3.741281249222086e-05	8.391048e-01	1.294994e+00
3.838937499222086e-05	8.702539e-01	1.328147e+00
3.936593749222086e-05	9.014251e-01	1.361250e+00
4.034249999222087e-05	9.326126e-01	1.394302e+00
4.131906249222087e-05	9.638107e-01	1.427301e+00
4.229562499222087e-05	9.950145e-01	1.460246e+00
4.327218749222087e-05	1.026219e+00	1.493137e+00
4.424874999222087e-05	1.057420e+00	1.525971e+00
4.522531249222087e-05	1.088613e+00	1.558748e+00
4.620187499222087e-05	1.119795e+00	1.591466e+00
4.717843749222087e-05	1.150960e+00	1.624124e+00
4.815499999222087e-05	1.182107e+00	1.656721e+00
4.913156249222087e-05	1.213232e+00	1.689255e+00
5.010812499222087e-05	1.244331e+00	1.721727e+00
5.108468749222087e-05	1.275401e+00	1.754133e+00
5.206124999222088e-05	1.306439e+00	1.786473e+00
5.303781249222088e-05	1.337443e+00	1.818746e+00
5.401437499222088e-05	1.368411e+00	1.850950e+00
5.499093749222088e-05	1.399338e+00	1.883085e+00
5.596749999222088e-05	1.430223e+00	1.915149e+00
5.694406249222088e-05	1.461064e+00	1.947141e+00
5.792062499222088e-05	1.491858e+00	1.979059e+00
5.889718749222088e-05	1.522602e+00	2.010903e+00
5.987374999222088e-05	1.553296e+00	2.042671e+00
6.085031249222088e-05	1.583935e+00	2.074363e+00
6.182687499222088e-05	1.614519e+00	2.105976e+00
6.280343749222088e-05	1.645046e+00	2.137510e+00
6.377999999222088e-05	1.675513e+00	2.168963e+00
6.475656249222088e-05	1.705918e+00	2.200335e+00
6.573312499222088e-05	1.736260e+00	2.231624e+00
6.670968749222088e-05	1.766537e+00	2.262829e+00
6.768624999222088e-05	1.796746e+00	2.293948e+00
6.866281249222088e-05	1.826887e+00	2.324982e+00
6.963937499222088e-05	1.856957e+00	2.355927e+00
7.061593749222089e-05	1.886955e+00	2.386785e+00
7.159249999222089e-05	1.916879e+00	2.417552e+00
7.256906249222089e-05	1.946727e+00	2.448228e+00
7.354562499222089e-05	1.976498e+00	2.478812e+00
7.452218749222089e-05	2.006190e+00	2.509303e+00
7.549874999222089e-05	2.035802e+00	2.539699e+00
7.647531249222089e-05	2.065332e+00	2.570000e+00
7.745187499222089e-05	2.094778e+00	2.600204e+00
7.842843749222089e-05	2.124139e+00	2.630310e+00
7.940499999222089e-05	2.153414e+00	2.660317e+00
8.038156249222089e-05	2.182601e+00	2.690224e+00
8.135812499222089e-05	2.211698e+00	2.720029e+00
8.233468749222090e-05	2.240705e+00	2.749732e+00
8.331124999222090e-05	2.269619e+00	2.779332e+00
8.428781249222090e-05	2.298440e+00	2.808827e+00
8.526437499222090e-05	2.327166e+00	2.838216e+00
8.624093749222090e-05	2.355795e+00	2.867498e+00
8.721749999222090e-05	2.384326e+00	2.896673e+00
8.819406249222090e-05	2.412759e+00	2.925738e+00
8.917062499222090e-05	2.441090e+00	2.954693e+00
9.014718749222090e-05	2.469321e+00	2.983537e+00
9.112374999222090e-05	2.497448e+00	3.012269e+00
9.210031249222090e-05	2.525470e+00	3.040887e+00
9.307687499222091e-05	2.553387e+00	3.069391e+00
9.405343749222091e-05	2.581198e+00	3.097779e+00
9.502999999222091e-05	2.608900e+00	3.126050e+00
9.600656249222091e-05	2.636492e+00	3.154204e+00
9.698312499222091e-05	2.663974e+00	3.182239e+00
9.795968749222091e-05	2.691344e+00	3.210155e+00
9.893624999222091e-05	2.718601e+00	3.237949e+00
9.991281249222091e-05	2.745744e+00	3.265621e+00
1.008893749922209e-04	2.772772e+00	3.293171e+00
1.018659374922209e-04	2.799682e+00	3.320596e+00
1.028424999922209e-04	2.826475e+00	3.347897e+00
1.038190624922209e-04	2.853149e+00	3.375072e+00
1.047956249922209e-04	2.879703e+00	3.402119e+00
1.057721874922209e-04	2.906135e+00	3.429038e+00
1.067487499922209e-04	2.932445e+00	3.455828e+00
1.077253124922209e-04	2.958631e+00	3.482489e+00
1.087018749922209e-04	2.984693e+00	3.509018e+00
1.096784374922209e-04	3.010629e+00	3.535414e+00
1.106549999922209e-04	3.036438e+00	3.561678e+00
1.116315624922209e-04	3.062119e+00	3.587808e+00
1.126081249922209e-04	3.087671e+00	3.613803e+00
1.135846874922209e-04	3.113093e+00	3.639661e+00
1.145612499922209e-04	3.138383e+00	3.665383e+00
1.155378124922209e-04	3.163541e+00	3.690966e+00
1.165143749922209e-04	3.188566e+00	3.716411e+00
1.174909374922209e-04	3.213457e+00	3.741715e+00
1.184674999922209e-04	3.238212e+00	3.766879e+00
1.194440624922209e-04	3.262830e+00	3.791901e+00
1.204206249922209e-04	3.287311e+00	3.816780e+00
1.213971874922209e-04	3.311654e+00	3.841516e+00
1.223737499922209e-04	3.335857e+00	3.866107e+00
1.233503124922209e-04	3.359919e+00	3.890552e+00
1.243268749922209e-04	3.383840e+00	3.914851e+00
1.253034374922209e-04	3.407619e+00	3.939002e+00
1.262799999922209e-04	3.431254e+00	3.963005e+00
1.272565624922209e-04	3.454744e+00	3.986859e+00
1.282331249922209e-04	3.478089e+00	4.010563e+00
1.292096874922209e-04	3.501288e+00	4.034116e+00
1.301862499922209e-04	3.524340e+00	4.057517e+00
1.311628124922209e-04	3.547243e+00	4.080765e+00
1.321393749922209e-04	3.569997e+00	4.103859e+00
1.331159374922209e-04	3.592601e+00	4.126800e+00
1.340924999922209e-04	3.615053e+00	4.149584e+00
1.350690624922209e-04	3.637354e+00	4.172213e+00
1.360456249922209e-04	3.659502e+00	4.194684e+00
1.370221874922209e-04	3.681496e+00	4.216998e+00
1.379987499922209e-04	3.703336e+00	4.239152e+00
1.389753124922209e-04	3.725020e+00	4.261147e+00
1.399518749922209e-04	3.746547e+00	4.282982e+00
1.409284374922209e-04	3.767918e+00	4.304655e+00
1.419049999922209e-04	3.789130e+00	4.326167e+00
1.428815624922209e-04	3.810183e+00	4.347515e+00
1.438581249922209e-04	3.831076e+00	4.368700e+00
1.448346874922209e-04	3.851809e+00	4.389720e+00
1.458112499922209e-04	3.872380e+00	4.410575e+00
1.467878124922209e-04	3.892789e+00	4.431264e+00
1.477643749922209e-04	3.913034e+00	4.451786e+00
1.487409374922209e-04	3.933116e+00	4.472140e+00
1.497174999922209e-04	3.953033e+00	4.492327e+00
1.506940624922209e-04	3.972784e+00	4.512343e+00
1.516706249922209e-04	3.992369e+00	4.532191e+00
1.526471874922209e-04	4.011787e+00	4.551867e+00
1.536237499922209e-04	4.031037e+00	4.571372e+00
1.546003124922209e-04	4.050118e+00	4.590705e+00
1.555768749922209e-04	4.069029e+00	4.609865e+00
1.565534374922209e-04	4.087771e+00	4.628852e+00
1.575299999922209e-04	4.106341e+00	4.647664e+00
1.585065624922209e-04	4.124740e+00	4.666302e+00
1.594831249922210e-04	4.142966e+00	4.684763e+00
1.604596874922210e-04	4.161020e+00	4.703049e+00
1.614362499922210e-04	4.178899e+00	4.721157e+00
1.624128124922210e-04	4.196604e+00	4.739087e+00
1.633893749922210e-04	4.214133e+00	4.756839e+00
1.643659374922210e-04	4.231487e+00	4.774412e+00
1.653424999922210e-04	4.248663e+00	4.791805e+00
1.663190624922210e-04	4.265663e+00	4.809018e+00
1.672956249922210e-04	4.282485e+00	4.826050e+00
1.682721874922210e-04	4.299127e+00	4.842900e+00
1.692487499922210e-04	4.315591e+00	4.859568e+00
1.702253124922210e-04	4.331874e+00	4.876052e+00
1.712018749922210e-04	4.347977e+00	4.892354e+00
1.721784374922210e-04	4.363898e+00	4.908470e+00
1.731549999922210e-04	4.379638e+00	4.924403e+00
1.741315624922210e-04	4.395195e+00	4.940149e+00
1.751081249922210e-04	4.410569e+00	4.955710e+00
1.760846874922210e-04	4.425759e+00	4.971084e+00
1.770612499922210e-04	4.440765e+00	4.986271e+00
1.780378124922210e-04	4.455586e+00	5.001270e+00
1.790143749922210e-04	4.470222e+00	5.016081e+00
1.799909374922210e-04	4.484671e+00	5.030704e+00
1.809674999922210e-04	4.498933e+00	5.045136e+00
1.819440624922210e-04	4.513009e+00	5.059379e+00
1.829206249922210e-04	4.526896e+00	5.073431e+00
1.838971874922210e-04	4.540596e+00	5.087293e+00
1.848737499922210e-04	4.554106e+00	5.100963e+00
1.858503124922210e-04	4.567427e+00	5.114440e+00
1.868268749922210e-04	4.580558e+00	5.127726e+00
1.878034374922210e-04	4.593499e+00	5.140818e+00
1.887799999922210e-04	4.606249e+00	5.153716e+00
1.897565624922210e-04	4.618807e+00	5.166420e+00
1.907331249922210e-04	4.631174e+00	5.178931e+00
1.917096874922210e-04	4.643347e+00	5.191246e+00
1.926862499922210e-04	4.655328e+00	5.203365e+00
1.936628124922210e-04	4.667116e+00	5.215289e+00
1.946393749922210e-04	4.678710e+00	5.227016e+00
1.956159374922210e-04	4.690109e+00	5.238547e+00
1.965924999922210e-04	4.701314e+00	5.249880e+00
1.975690624922210e-04	4.712324e+00	5.261015e+00
1.985456249922210e-04	4.723138e+00	5.271953e+00
1.995221874922210e-04	4.733756e+00	5.282692e+00
2.004987499922210e-04	4.744177e+00	5.293232e+00
2.014753124922210e-04	4.754402e+00	5.303573e+00
2.024518749922210e-04	4.764429e+00	5.313715e+00
2.034284374922210e-04	4.774259e+00	5.323656e+00
2.044049999922210e-04	4.783891e+00	5.333396e+00
2.053815624922210e-04	4.793324e+00	5.342937e+00
2.063581249922210e-04	4.802559e+00	5.352275e+00
2.073346874922210e-04	4.811594e+00	5.361413e+00
2.083112499922210e-04	4.820430e+00	5.370348e+00
2.092878124922210e-04	4.829066e+00	5.379081e+00
2.102643749922210e-04	4.837502e+00	5.387612e+00
2.112409374922210e-04	4.845737e+00	5.395940e+00
2.122174999922210e-04	4.853772e+00	5.404064e+00
2.131940624922210e-04	4.861605e+00	5.411985e+00
2.141706249922210e-04	4.869237e+00	5.419703e+00
2.151471874922210e-04	4.876667e+00	5.427217e+00
2.161237499922210e-04	4.883896e+00	5.434525e+00
2.171003124922210e-04	4.890922e+00	5.441630e+00
2.180768749922210e-04	4.897745e+00	5.448530e+00
2.190534374922210e-04	4.904366e+00	5.455225e+00
2.200299999922210e-04	4.910783e+00	5.461713e+00
2.210065624922210e-04	4.916996e+00	5.467997e+00
2.219831249922210e-04	4.923007e+00	5.474074e+00
2.229596874922210e-04	4.928813e+00	5.479946e+00
2.239362499922210e-04	4.934416e+00	5.485611e+00
2.249128124922210e-04	4.939814e+00	5.491070e+00
2.258893749922210e-04	4.945008e+00	5.496322e+00
2.268659374922210e-04	4.949996e+00	5.501367e+00
2.278424999922210e-04	4.954781e+00	5.506205e+00
2.288190624922210e-04	4.959360e+00	5.510835e+00
2.297956249922210e-04	4.963733e+00	5.515258e+00
2.307721874922210e-04	4.967901e+00	5.519474e+00
2.317487499922210e-04	4.971864e+00	5.523481e+00
2.327253124922210e-04	4.975621e+00	5.527281e+00
2.337018749922210e-04	4.979172e+00	5.530873e+00
2.346784374922210e-04	4.982517e+00	5.534256e+00
2.356549999922210e-04	4.985656e+00	5.537431e+00
2.366315624922210e-04	4.988588e+00	5.540398e+00
2.376081249922210e-04	4.991314e+00	5.543156e+00
2.385846874922210e-04	4.993834e+00	5.545705e+00
2.395612499922210e-04	4.996147e+00	5.548045e+00
2.405378124922210e-04	4.998253e+00	5.550177e+00
2.415143749922210e-04	5.000152e+00	5.552099e+00
2.424909374922210e-04	5.001845e+00	5.553813e+00
2.434674999922210e-04	5.003331e+00	5.555317e+00
2.444440624922210e-04	5.004609e+00	5.556612e+00
2.454206249922210e-04	5.005681e+00	5.557699e+00
2.463971874922210e-04	5.006546e+00	5.558576e+00
2.473737499922210e-04	5.007203e+00	5.559243e+00
2.483503124922210e-04	5.007653e+00	5.559701e+00
2.493268749922210e-04	5.007896e+00	5.559950e+00
2.503034374922210e-04	5.007932e+00	5.559990e+00
2.512799999922210e-04	5.007761e+00	5.559820e+00
2.522565624922210e-04	5.007383e+00	5.559441e+00
2.532331249922210e-04	5.006797e+00	5.558853e+00
2.542096874922210e-04	5.006005e+00	5.558055e+00
2.551862499922210e-04	5.005005e+00	5.557048e+00
2.561628124922210e-04	5.003798e+00	5.555832e+00
2.571393749922210e-04	5.002385e+00	5.554407e+00
2.581159374922210e-04	5.000764e+00	5.552773e+00
2.590924999922210e-04	4.998936e+00	5.550929e+00
2.600690624922210e-04	4.996902e+00	5.548877e+00
2.610456249922210e-04	4.994661e+00	5.546615e+00
2.620221874922210e-04	4.992213e+00	5.544145e+00
2.629987499922210e-04	4.989559e+00	5.541466e+00
2.639753124922210e-04	4.986698e+00	5.538579e+00
2.649518749922210e-04	4.983631e+00	5.535482e+00
2.659284374922210e-04	4.980357e+00	5.532178e+00
2.669049999922210e-04	4.976878e+00	5.528665e+00
2.678815624922210e-04	4.973192e+00	5.524944e+00
2.688581249922210e-04	4.969301e+00	5.521015e+00
2.698346874922210e-04	4.965204e+00	5.516879e+00
2.708112499922210e-04	4.960901e+00	5.512534e+00
2.717878124922210e-04	4.956394e+00	5.507982e+00
2.727643749922210e-04	4.951681e+00	5.503222e+00
2.737409374922210e-04	4.946763e+00	5.498256e+00
2.747174999922210e-04	4.941640e+00	5.493083e+00
2.756940624922210e-04	4.936313e+00	5.487702e+00
2.766706249922210e-04	4.930781e+00	5.482115e+00
2.776471874922210e-04	4.925045e+00	5.476322e+00
2.786237499922210e-04	4.919105e+00	5.470322e+00
2.796003124922210e-04	4.912961e+00	5.464116e+00
2.805768749922210e-04	4.906614e+00	5.457705e+00
2.815534374922210e-04	4.900064e+00	5.451088e+00
2.825299999922210e-04	4.893311e+00	5.444266e+00
2.835065624922210e-04	4.886355e+00	5.437239e+00
2.844831249922210e-04	4.879197e+00	5.430007e+00
2.854596874922210e-04	4.871836e+00	5.422571e+00
2.864362499922210e-04	4.864274e+00	5.414931e+00
2.874128124922210e-04	4.856510e+00	5.407087e+00
2.883893749922210e-04	4.848544e+00	5.399039e+00
2.893659374922210e-04	4.840378e+00	5.390788e+00
2.903424999922210e-04	4.832011e+00	5.382334e+00
2.913190624922210e-04	4.823444e+00	5.373678e+00
2.922956249922210e-04	4.814676e+00	5.364819e+00
2.932721874922210e-04	4.805709e+00	5.355758e+00
2.942487499922210e-04	4.796543e+00	5.346495e+00
2.952253124922210e-04	4.787178e+00	5.337031e+00
2.962018749922210e-04	4.777615e+00	5.327367e+00
2.971784374922210e-04	4.767852e+00	5.317502e+00
2.981549999922210e-04	4.757893e+00	5.307436e+00
2.991315624922210e-04	4.747736e+00	5.297171e+00
3.001081249922210e-04	4.737381e+00	5.286706e+00
3.010846874922210e-04	4.726830e+00	5.276042e+00
3.020612499922211e-04	4.716084e+00	5.265180e+00
3.030378124922211e-04	4.705141e+00	5.254119e+00
3.040143749922211e-04	4.694002e+00	5.242860e+00
3.049909374922211e-04	4.682669e+00	5.231404e+00
3.059674999922211e-04	4.671141e+00	5.219751e+00
3.069440624922211e-04	4.659420e+00	5.207902e+00
3.079206249922211e-04	4.647504e+00	5.195857e+00
3.088971874922211e-04	4.635396e+00	5.183616e+00
3.098737499922211e-04	4.623095e+00	5.171179e+00
3.108503124922211e-04	4.610601e+00	5.158548e+00
3.118268749922211e-04	4.597917e+00	5.145723e+00
3.128034374922211e-04	4.585041e+00	5.132704e+00
3.137799999922211e-04	4.571974e+00	5.119492e+00
3.147565624922211e-04	4.558717e+00	5.106087e+00
3.157331249922211e-04	4.545270e+00	5.092490e+00
3.167096874922211e-04	4.531634e+00	5.078701e+00
3.176862499922211e-04	4.517810e+00	5.064721e+00
3.186628124922211e-04	4.503798e+00	5.050550e+00
3.196393749922211e-04	4.489598e+00	5.036190e+00
3.206159374922211e-04	4.475211e+00	5.021639e+00
3.215924999922211e-04	4.460638e+00	5.006899e+00
3.225690624922211e-04	4.445879e+00	4.991971e+00
3.235456249922211e-04	4.430935e+00	4.976855e+00
3.245221874922211e-04	4.415806e+00	4.961552e+00
3.254987499922211e-04	4.400494e+00	4.946062e+00
3.264753124922211e-04	4.384997e+00	4.930386e+00
3.274518749922211e-04	4.369318e+00	4.914524e+00
3.284284374922211e-04	4.353457e+00	4.898476e+00
3.294049999922211e-04	4.337415e+00	4.882245e+00
3.303815624922211e-04	4.321191e+00	4.865829e+00
3.313581249922211e-04	4.304787e+00	4.849231e+00
3.323346874922211e-04	4.288203e+00	4.832450e+00
3.333112499922211e-04	4.271441e+00	4.815487e+00
3.342878124922211e-04	4.254499e+00	4.798343e+00
3.352643749922211e-04	4.237381e+00	4.781018e+00
3.362409374922211e-04	4.220085e+00	4.763513e+00
3.372174999922211e-04	4.202613e+00	4.745828e+00
3.381940624922211e-04	4.184965e+00	4.727965e+00
3.391706249922211e-04	4.167142e+00	4.709924e+00
3.401471874922211e-04	4.149146e+00	4.691706e+00
3.411237499922211e-04	4.130976e+00	4.673311e+00
3.421003124922211e-04	4.112632e+00	4.654740e+00
3.430768749922211e-04	4.094117e+00	4.635994e+00
3.440534374922211e-04	4.075431e+00	4.617074e+00
3.450299999922211e-04	4.056574e+00	4.597979e+00
3.460065624922211e-04	4.037547e+00	4.578711e+00
3.469831249922211e-04	4.018351e+00	4.559271e+00
3.479596874922211e-04	3.998986e+00	4.539660e+00
3.489362499922211e-04	3.979455e+00	4.519877e+00
3.499128124922211e-04	3.959756e+00	4.499924e+00
3.508893749922211e-04	3.939892e+00	4.479802e+00
3.518659374922211e-04	3.919862e+00	4.459511e+00
3.528424999922211e-04	3.899668e+00	4.439052e+00
3.538190624922211e-04	3.879310e+00	4.418427e+00
3.547956249922211e-04	3.858789e+00	4.397634e+00
3.557721874922211e-04	3.838107e+00	4.376677e+00
3.567487499922211e-04	3.817263e+00	4.355554e+00
3.577253124922211e-04	3.796259e+00	4.334267e+00
3.587018749922211e-04	3.775096e+00	4.312818e+00
3.596784374922211e-04	3.753774e+00	4.291205e+00
3.606549999922211e-04	3.732295e+00	4.269432e+00
3.616315624922211e-04	3.710658e+00	4.247498e+00
3.626081249922211e-04	3.688865e+00	4.225403e+00
3.635846874922211e-04	3.666918e+00	4.203150e+00
3.645612499922211e-04	3.644816e+00	4.180738e+00
3.655378124922211e-04	3.622561e+00	4.158169e+00
3.665143749922211e-04	3.600153e+00	4.135443e+00
3.674909374922211e-04	3.577594e+00	4.112562e+00
3.684674999922211e-04	3.554884e+00	4.089526e+00
3.694440624922211e-04	3.532024e+00	4.066336e+00
3.704206249922211e-04	3.509016e+00	4.042993e+00
3.713971874922211e-04	3.485860e+00	4.019497e+00
3.723737499922211e-04	3.462557e+00	3.995850e+00
3.733503124922211e-04	3.439107e+00	3.972053e+00
3.743268749922211e-04	3.415513e+00	3.948106e+00
3.753034374922211e-04	3.391775e+00	3.924011e+00
3.762799999922211e-04	3.367894e+00	3.899768e+00
3.772565624922211e-04	3.343871e+00	3.875378e+00
3.782331249922211e-04	3.319706e+00	3.850842e+00
3.792096874922211e-04	3.295402e+00	3.826161e+00
3.801862499922211e-04	3.270958e+00	3.801336e+00
3.811628124922211e-04	3.246377e+00	3.776368e+00
3.821393749922211e-04	3.221658e+00	3.751258e+00
3.831159374922211e-04	3.196803e+00	3.726007e+00
3.840924999922211e-04	3.171813e+00	3.700615e+00
3.850690624922211e-04	3.146689e+00	3.675084e+00
3.860456249922211e-04	3.121432e+00	3.649415e+00
3.870221874922211e-04	3.096043e+00	3.623608e+00
3.879987499922211e-04	3.070524e+00	3.597664e+00
3.889753124922211e-04	3.044874e+00	3.571586e+00
3.899518749922211e-04	3.019096e+00	3.545373e+00
3.909284374922211e-04	2.993191e+00	3.519026e+00
3.919049999922211e-04	2.967159e+00	3.492547e+00
3.928815624922211e-04	2.941001e+00	3.465936e+00
3.938581249922211e-04	2.914719e+00	3.439195e+00
3.948346874922211e-04	2.888314e+00	3.412325e+00
3.958112499922211e-04	2.861787e+00	3.385326e+00
3.967878124922211e-04	2.835139e+00	3.358199e+00
3.977643749922211e-04	2.808371e+00	3.330946e+00
3.987409374922211e-04	2.781484e+00	3.303568e+00
3.997174999922211e-04	2.754480e+00	3.276065e+00
4.006940624922211e-04	2.727360e+00	3.248439e+00
4.016706249922211e-04	2.700125e+00	3.220690e+00
4.026471874922211e-04	2.672775e+00	3.192821e+00
4.036237499922211e-04	2.645313e+00	3.164831e+00
4.046003124922211e-04	2.617739e+00	3.136722e+00
4.055768749922211e-04	2.590055e+00	3.108495e+00
4.065534374922211e-04	2.562262e+00	3.080151e+00
4.075299999922211e-04	2.534361e+00	3.051691e+00
4.085065624922211e-04	2.506353e+00	3.023116e+00
4.094831249922211e-04	2.478240e+00	2.994427e+00
4.104596874922211e-04	2.450022e+00	2.965626e+00
4.114362499922211e-04	2.421702e+00	2.936712e+00
4.124128124922211e-04	2.393281e+00	2.907689e+00
4.133893749922211e-04	2.364759e+00	2.878555e+00
4.143659374922211e-04	2.336138e+00	2.849314e+00
4.153424999922212e-04	2.307420e+00	2.819965e+00
4.163190624922212e-04	2.278605e+00	2.790510e+00
4.172956249922212e-04	2.249696e+00	2.760950e+00
4.182721874922212e-04	2.220692e+00	2.731286e+00
4.192487499922212e-04	2.191597e+00	2.701519e+00
4.202253124922212e-04	2.162411e+00	2.671650e+00
4.212018749922212e-04	2.133136e+00	2.641681e+00
4.221784374922212e-04	2.103772e+00	2.611612e+00
4.231549999922212e-04	2.074322e+00	2.581445e+00
4.241315624922212e-04	2.044787e+00	2.551181e+00
4.251081249922212e-04	2.015169e+00	2.520821e+00
4.260846874922212e-04	1.985468e+00	2.490366e+00
4.270612499922212e-04	1.955687e+00	2.459817e+00
4.280378124922212e-04	1.925827e+00	2.429176e+00
4.290143749922212e-04	1.895890e+00	2.398443e+00
4.299909374922212e-04	1.865876e+00	2.367619e+00
4.309674999922212e-04	1.835789e+00	2.336707e+00
4.319440624922212e-04	1.805628e+00	2.305707e+00
4.329206249922212e-04	1.775397e+00	2.274619e+00
4.338971874922212e-04	1.745096e+00	2.243447e+00
4.348737499922212e-04	1.714728e+00	2.212189e+00
4.358503124922212e-04	1.684294e+00	2.180849e+00
4.368268749922212e-04	1.653796e+00	2.149426e+00
4.378034374922212e-04	1.623236e+00	2.117923e+00
4.387799999922212e-04	1.592615e+00	2.086339e+00
4.397565624922212e-04	1.561936e+00	2.054677e+00
4.407331249922212e-04	1.531200e+00	2.022938e+00
4.417096874922212e-04	1.500410e+00	1.991123e+00
4.426862499922212e-04	1.469568e+00	1.959232e+00
4.436628124922212e-04	1.438674e+00	1.927268e+00
4.446393749922212e-04	1.407733e+00	1.895231e+00
4.456159374922212e-04	1.376745e+00	1.863123e+00
4.465924999922212e-04	1.345714e+00	1.830945e+00
4.475690624922212e-04	1.314641e+00	1.798698e+00
4.485456249922212e-04	1.283529e+00	1.766383e+00
4.495221874922212e-04	1.252381e+00	1.734002e+00
4.504987499922212e-04	1.221199e+00	1.701555e+00
4.514753124922212e-04	1.189985e+00	1.669045e+00
4.524518749922212e-04	1.158744e+00	1.636471e+00
4.534284374922212e-04	1.127476e+00	1.603836e+00
4.544049999922212e-04	1.096187e+00	1.571140e+00
4.553815624922212e-04	1.064878e+00	1.538386e+00
4.563581249922212e-04	1.033554e+00	1.505573e+00
4.573346874922212e-04	1.002218e+00	1.472704e+00
4.583112499922212e-04	9.708727e-01	1.439779e+00
4.592878124922212e-04	9.395236e-01	1.406800e+00
4.602643749922212e-04	9.081745e-01	1.373768e+00
4.612409374922212e-04	8.768299e-01	1.340685e+00
4.622174999922212e-04	8.454946e-01	1.307551e+00
4.631940624922212e-04	8.141739e-01	1.274367e+00
4.641706249922212e-04	7.828735e-01	1.241136e+00
4.651471874922212e-04	7.515994e-01	1.207858e+00
4.661237499922212e-04	7.203584e-01	1.174534e+00
4.671003124922212e-04	6.891577e-01	1.141167e+00
4.680768749922212e-04	6.580052e-01	1.107756e+00
4.690534374922212e-04	6.269099e-01	1.074304e+00
4.700299999922212e-04	5.958813e-01	1.040811e+00
4.710065624922212e-04	5.649306e-01	1.007279e+00
4.719831249922212e-04	5.340698e-01	9.737086e-01
4.729596874922212e-04	5.033128e-01	9.401020e-01
4.739362499922212e-04	4.726754e-01	9.064600e-01
4.749128124922212e-04	4.421757e-01	8.727838e-01
4.758893749922212e-04	4.118343e-01	8.390749e-01
4.768659374922212e-04	3.816758e-01	8.053343e-01
4.778424999922212e-04	3.517285e-01	7.715634e-01
4.788190624922212e-04	3.220264e-01	7.377634e-01
4.797956249922212e-04	2.926103e-01	7.039356e-01
4.807721874922212e-04	2.635299e-01	6.700814e-01
4.817487499922212e-04	2.348459e-01	6.362019e-01
4.827253124922212e-04	2.066349e-01	6.022985e-01
4.837018749922212e-04	1.789935e-01	5.683724e-01
4.846784374922212e-04	1.520471e-01	5.344249e-01
4.856549999922212e-04	1.259604e-01	5.004573e-01
4.866315624922212e-04	1.009551e-01	4.664708e-01
4.876081249922212e-04	7.733558e-02	4.324668e-01
4.885846874922212e-04	5.555550e-02	3.984465e-01
4.895612499922212e-04	3.622650e-02	3.644112e-01
4.905378124922212e-04	2.016034e-02	3.303622e-01
4.915143749922212e-04	8.419351e-03	2.963007e-01
4.924909374922212e-04	1.855881e-03	2.622281e-01
4.934674999922212e-04	-1.189889e-04	2.281456e-01
4.944440624922212e-04	-1.936370e-04	1.940545e-01
4.954206249922212e-04	-2.820249e-04	1.599562e-01
4.963692111851115e-04	-2.766408e-04	1.268288e-01
4.972323507089000e-04	-2.723592e-04	9.668160e-02
4.982089132089000e-04	-2.017660e-04	6.256942e-02
4.991854757089000e-04	-1.354536e-04	2.845488e-02
5.001620382089000e-04	2.467920e-05	-5.660724e-03
5.011386007089000e-04	2.775785e-04	-3.977612e-02
5.021151632089000e-04	7.630967e-04	-7.389002e-02
5.030917257089000e-04	1.628092e-03	-1.080011e-01
5.040682882089000e-04	3.190241e-03	-1.421082e-01
5.050448507089000e-04	5.875377e-03	-1.762099e-01
5.060214132089000e-04	1.024897e-02	-2.103049e-01
5.069979757089000e-04	1.687757e-02	-2.443921e-01
5.079745382089000e-04	2.614536e-02	-2.784700e-01
5.089511007089000e-04	3.818909e-02	-3.125375e-01
5.099276632089000e-04	5.292449e-02	-3.465932e-01
5.109042257089000e-04	7.010952e-02	-3.806358e-01
5.118807882089000e-04	8.943797e-02	-4.146641e-01
5.128573507089000e-04	1.105695e-01	-4.486769e-01
5.138339132089000e-04	1.332485e-01	-4.826727e-01
5.148104757089000e-04	1.572468e-01	-5.166503e-01
5.157870382089000e-04	1.823331e-01	-5.506085e-01
5.167636007089000e-04	2.083265e-01	-5.845460e-01
5.177401632089000e-04	2.350806e-01	-6.184614e-01
5.187167257089000e-04	2.624765e-01	-6.523535e-01
5.196932882089000e-04	2.904170e-01	-6.862212e-01
5.206698507089000e-04	3.188216e-01	-7.200629e-01
5.216464132089000e-04	3.476238e-01	-7.538776e-01
5.226229757089000e-04	3.767679e-01	-7.876639e-01
5.235995382089000e-04	4.062071e-01	-8.214205e-01
5.245761007089000e-04	4.359021e-01	-8.551462e-01
5.255526632089000e-04	4.658193e-01	-8.888397e-01
5.265292257089000e-04	4.959297e-01	-9.224997e-01
5.275057882089000e-04	5.262087e-01	-9.561250e-01
5.284823507089000e-04	5.566347e-01	-9.897143e-01
5.294589132089000e-04	5.871889e-01	-1.023266e+00
5.304354757089000e-04	6.178548e-01	-1.056780e+00
5.314120382089000e-04	6.486178e-01	-1.090254e+00
5.323886007089000e-04	6.794650e-01	-1.123686e+00
5.333651632089000e-04	7.103848e-01	-1.157077e+00
5.343417257089000e-04	7.413669e-01	-1.190423e+00
5.353182882089000e-04	7.724017e-01	-1.223725e+00
5.362948507089000e-04	8.034809e-01	-1.256981e+00
5.372714132089000e-04	8.345968e-01	-1.290190e+00
5.382479757089000e-04	8.657422e-01	-1.323350e+00
5.392245382089000e-04	8.969106e-01	-1.356460e+00
5.402011007089000e-04	9.280961e-01	-1.389519e+00
5.411776632089000e-04	9.592930e-01	-1.422526e+00
5.421542257089000e-04	9.904963e-01	-1.455479e+00
5.431307882089000e-04	1.021701e+00	-1.488378e+00
5.441073507089000e-04	1.052903e+00	-1.521220e+00
5.450839132089000e-04	1.084097e+00	-1.554005e+00
5.460604757089000e-04	1.115281e+00	-1.586732e+00
5.470370382089000e-04	1.146449e+00	-1.619399e+00
5.480136007089000e-04	1.177599e+00	-1.652005e+00
5.489901632089000e-04	1.208727e+00	-1.684549e+00
5.499667257089000e-04	1.239829e+00	-1.717029e+00
5.509432882089000e-04	1.270904e+00	-1.749445e+00
5.519198507089000e-04	1.301947e+00	-1.781794e+00
5.528964132089000e-04	1.332957e+00	-1.814077e+00
5.538729757089000e-04	1.363929e+00	-1.846292e+00
5.548495382089000e-04	1.394863e+00	-1.878436e+00
5.558261007089000e-04	1.425754e+00	-1.910511e+00
5.568026632089000e-04	1.456601e+00	-1.942513e+00
5.577792257089000e-04	1.487402e+00	-1.974442e+00
5.587557882089000e-04	1.518154e+00	-2.006297e+00
5.597323507089000e-04	1.548855e+00	-2.038076e+00
5.607089132089000e-04	1.579502e+00	-2.069778e+00
5.616854757089000e-04	1.610095e+00	-2.101403e+00
5.626620382089000e-04	1.640629e+00	-2.132949e+00
5.636386007089000e-04	1.671105e+00	-2.164414e+00
5.646151632089000e-04	1.701519e+00	-2.195797e+00
5.655917257089000e-04	1.731871e+00	-2.227098e+00
5.665682882089000e-04	1.762157e+00	-2.258316e+00
5.675448507089000e-04	1.792376e+00	-2.289448e+00
5.685214132089000e-04	1.822527e+00	-2.320494e+00
5.694979757089000e-04	1.852607e+00	-2.351452e+00
5.704745382089000e-04	1.882616e+00	-2.382322e+00
5.714511007089000e-04	1.912551e+00	-2.413103e+00
5.724276632089000e-04	1.942410e+00	-2.443792e+00
5.734042257089000e-04	1.972192e+00	-2.474390e+00
5.743807882089000e-04	2.001896e+00	-2.504894e+00
5.753573507089000e-04	2.031519e+00	-2.535304e+00
5.763339132089000e-04	2.061061e+00	-2.565619e+00
5.773104757089000e-04	2.090519e+00	-2.595837e+00
5.782870382089000e-04	2.119893e+00	-2.625957e+00
5.792636007089000e-04	2.149181e+00	-2.655978e+00
5.802401632089000e-04	2.178380e+00	-2.685899e+00
5.812167257089001e-04	2.207491e+00	-2.715720e+00
5.821932882089001e-04	2.236511e+00	-2.745438e+00
5.831698507089001e-04	2.265438e+00	-2.775053e+00
5.841464132089001e-04	2.294273e+00	-2.804563e+00
5.851229757089001e-04	2.323012e+00	-2.833967e+00
5.860995382089001e-04	2.351655e+00	-2.863265e+00
5.870761007089001e-04	2.380201e+00	-2.892455e+00
5.880526632089001e-04	2.408648e+00	-2.921536e+00
5.890292257089001e-04	2.436995e+00	-2.950508e+00
5.900057882089001e-04	2.465239e+00	-2.979368e+00
5.909823507089001e-04	2.493382e+00	-3.008116e+00
5.919589132089001e-04	2.521419e+00	-3.036750e+00
5.929354757089001e-04	2.549352e+00	-3.065271e+00
5.939120382089001e-04	2.577178e+00	-3.093676e+00
5.948886007089001e-04	2.604895e+00	-3.121964e+00
5.958651632089001e-04	2.632504e+00	-3.150135e+00
5.968417257089001e-04	2.660002e+00	-3.178187e+00
5.978182882089001e-04	2.687388e+00	-3.206120e+00
5.987948507089001e-04	2.714662e+00	-3.233932e+00
5.997714132089001e-04	2.741821e+00	-3.261622e+00
6.007479757089001e-04	2.768865e+00	-3.289190e+00
6.017245382089001e-04	2.795793e+00	-3.316633e+00
6.027011007089001e-04	2.822603e+00	-3.343952e+00
6.036776632089001e-04	2.849294e+00	-3.371145e+00
6.046542257089001e-04	2.875865e+00	-3.398211e+00
6.056307882089001e-04	2.902315e+00	-3.425148e+00
6.066073507089001e-04	2.928643e+00	-3.451957e+00
6.075839132089001e-04	2.954847e+00	-3.478637e+00
6.085604757089001e-04	2.980927e+00	-3.505185e+00
6.095370382089001e-04	3.006881e+00	-3.531601e+00
6.105136007089001e-04	3.032709e+00	-3.557884e+00
6.114901632089001e-04	3.058408e+00	-3.584033e+00
6.124667257089001e-04	3.083979e+00	-3.610047e+00
6.134432882089001e-04	3.109420e+00	-3.635926e+00
6.144198507089001e-04	3.134729e+00	-3.661667e+00
6.153964132089001e-04	3.159907e+00	-3.687270e+00
6.163729757089001e-04	3.184951e+00	-3.712735e+00
6.173495382089001e-04	3.209861e+00	-3.738060e+00
6.183261007089001e-04	3.234636e+00	-3.763244e+00
6.193026632089001e-04	3.259274e+00	-3.788287e+00
6.202792257089001e-04	3.283775e+00	-3.813187e+00
6.212557882089001e-04	3.308138e+00	-3.837943e+00
6.222323507089001e-04	3.332361e+00	-3.862555e+00
6.232089132089001e-04	3.356444e+00	-3.887022e+00
6.241854757089001e-04	3.380385e+00	-3.911342e+00
6.251620382089001e-04	3.404185e+00	-3.935514e+00
6.261386007089001e-04	3.427840e+00	-3.959539e+00
6.271151632089001e-04	3.451352e+00	-3.983415e+00
6.280917257089001e-04	3.474718e+00	-4.007140e+00
6.290682882089001e-04	3.497938e+00	-4.030715e+00
6.300448507089001e-04	3.521011e+00	-4.054138e+00
6.310214132089001e-04	3.543936e+00	-4.077408e+00
6.319979757089001e-04	3.566711e+00	-4.100525e+00
6.329745382089001e-04	3.589337e+00	-4.123487e+00
6.339511007089001e-04	3.611812e+00	-4.146295e+00
6.349276632089001e-04	3.634135e+00	-4.168946e+00
6.359042257089001e-04	3.656305e+00	-4.191440e+00
6.368807882089001e-04	3.678321e+00	-4.213777e+00
6.378573507089001e-04	3.700183e+00	-4.235954e+00
6.388339132089001e-04	3.721890e+00	-4.257972e+00
6.398104757089001e-04	3.743440e+00	-4.279830e+00
6.407870382089001e-04	3.764833e+00	-4.301527e+00
6.417636007089001e-04	3.786068e+00	-4.323062e+00
6.427401632089001e-04	3.807145e+00	-4.344434e+00
6.437167257089001e-04	3.828061e+00	-4.365643e+00
6.446932882089001e-04	3.848817e+00	-4.386686e+00
6.456698507089001e-04	3.869412e+00	-4.407566e+00
6.466464132089001e-04	3.889844e+00	-4.428278e+00
6.476229757089001e-04	3.910113e+00	-4.448825e+00
6.485995382089001e-04	3.930219e+00	-4.469203e+00
6.495761007089001e-04	3.950159e+00	-4.489414e+00
6.505526632089001e-04	3.969935e+00	-4.509456e+00
6.515292257089001e-04	3.989544e+00	-4.529327e+00
6.525057882089001e-04	4.008986e+00	-4.549029e+00
6.534823507089001e-04	4.028260e+00	-4.568559e+00
6.544589132089001e-04	4.047366e+00	-4.587916e+00
6.554354757089001e-04	4.066302e+00	-4.607102e+00
6.564120382089001e-04	4.085068e+00	-4.626113e+00
6.573886007089001e-04	4.103663e+00	-4.644951e+00
6.583651632089001e-04	4.122087e+00	-4.663614e+00
6.593417257089001e-04	4.140338e+00	-4.682101e+00
6.603182882089001e-04	4.158416e+00	-4.700412e+00
6.612948507089001e-04	4.176321e+00	-4.718546e+00
6.622714132089001e-04	4.194051e+00	-4.736502e+00
6.632479757089001e-04	4.211606e+00	-4.754280e+00
6.642245382089001e-04	4.228985e+00	-4.771879e+00
6.652011007089001e-04	4.246188e+00	-4.789298e+00
6.661776632089001e-04	4.263213e+00	-4.806537e+00
6.671542257089001e-04	4.280060e+00	-4.823595e+00
6.681307882089001e-04	4.296729e+00	-4.840471e+00
6.691073507089001e-04	4.313218e+00	-4.857165e+00
6.700839132089001e-04	4.329527e+00	-4.873677e+00
6.710604757089001e-04	4.345656e+00	-4.890005e+00
6.720370382089001e-04	4.361604e+00	-4.906148e+00
6.730136007089001e-04	4.377370e+00	-4.922107e+00
6.739901632089001e-04	4.392954e+00	-4.937881e+00
6.749667257089001e-04	4.408354e+00	-4.953468e+00
6.759432882089001e-04	4.423571e+00	-4.968870e+00
6.769198507089001e-04	4.438604e+00	-4.984084e+00
6.778964132089001e-04	4.453452e+00	-4.999110e+00
6.788729757089001e-04	4.468114e+00	-5.013948e+00
6.798495382089001e-04	4.482590e+00	-5.028598e+00
6.808261007089001e-04	4.496880e+00	-5.043058e+00
6.818026632089001e-04	4.510983e+00	-5.057329e+00
6.827792257089001e-04	4.524897e+00	-5.071409e+00
6.837557882089001e-04	4.538624e+00	-5.085298e+00
6.847323507089001e-04	4.552162e+00	-5.098995e+00
6.857089132089001e-04	4.565510e+00	-5.112501e+00
6.866854757089001e-04	4.578669e+00	-5.125813e+00
6.876620382089001e-04	4.591637e+00	-5.138934e+00
6.886386007089001e-04	4.604414e+00	-5.151860e+00
6.896151632089001e-04	4.617001e+00	-5.164593e+00
6.905917257089001e-04	4.629395e+00	-5.177131e+00
6.915682882089001e-04	4.641596e+00	-5.189475e+00
6.925448507089001e-04	4.653605e+00	-5.201622e+00
6.935214132089002e-04	4.665421e+00	-5.213574e+00
6.944979757089002e-04	4.677043e+00	-5.225330e+00
6.954745382089002e-04	4.688471e+00	-5.236889e+00
6.964511007089002e-04	4.699704e+00	-5.248251e+00
6.974276632089002e-04	4.710742e+00	-5.259416e+00
6.984042257089002e-04	4.721584e+00	-5.270382e+00
6.993807882089002e-04	4.732230e+00	-5.281149e+00
7.003573507089002e-04	4.742681e+00	-5.291718e+00
7.013339132089002e-04	4.752934e+00	-5.302088e+00
7.023104757089002e-04	4.762990e+00	-5.312259e+00
7.032870382089002e-04	4.772848e+00	-5.322229e+00
7.042636007089002e-04	4.782508e+00	-5.331998e+00
7.052401632089002e-04	4.791971e+00	-5.341568e+00
7.062167257089002e-04	4.801234e+00	-5.350935e+00
7.071932882089002e-04	4.810298e+00	-5.360102e+00
7.081698507089002e-04	4.819163e+00	-5.369067e+00
7.091464132089002e-04	4.827828e+00	-5.377829e+00
7.101229757089002e-04	4.836293e+00	-5.386389e+00
7.110995382089002e-04	4.844557e+00	-5.394746e+00
7.120761007089002e-04	4.852621e+00	-5.402901e+00
7.130526632089002e-04	4.860484e+00	-5.410851e+00
7.140292257089002e-04	4.868145e+00	-5.418598e+00
7.150057882089002e-04	4.875604e+00	-5.426141e+00
7.159823507089002e-04	4.882862e+00	-5.433480e+00
7.169589132089002e-04	4.889917e+00	-5.440614e+00
7.179354757089002e-04	4.896770e+00	-5.447544e+00
7.189120382089002e-04	4.903419e+00	-5.454268e+00
7.198886007089002e-04	4.909866e+00	-5.460786e+00
7.208651632089002e-04	4.916110e+00	-5.467100e+00
7.218417257089002e-04	4.922149e+00	-5.473207e+00
7.228182882089002e-04	4.927985e+00	-5.479109e+00
7.237948507089002e-04	4.933618e+00	-5.484804e+00
7.247714132089002e-04	4.939045e+00	-5.490292e+00
7.257479757089002e-04	4.944268e+00	-5.495574e+00
7.267245382089002e-04	4.949287e+00	-5.500649e+00
7.277011007089002e-04	4.954101e+00	-5.505517e+00
7.286776632089002e-04	4.958709e+00	-5.510178e+00
7.296542257089002e-04	4.963113e+00	-5.514631e+00
7.306307882089002e-04	4.967310e+00	-5.518876e+00
7.316073507089002e-04	4.971303e+00	-5.522914e+00
7.325839132089002e-04	4.975090e+00	-5.526744e+00
7.335604757089002e-04	4.978671e+00	-5.530365e+00
7.345370382089002e-04	4.982045e+00	-5.533779e+00
7.355136007089002e-04	4.985214e+00	-5.536984e+00
7.364901632089002e-04	4.988176e+00	-5.539981e+00
7.374667257089002e-04	4.990932e+00	-5.542769e+00
7.384432882089002e-04	4.993482e+00	-5.545349e+00
7.394198507089002e-04	4.995824e+00	-5.547719e+00
7.403964132089002e-04	4.997961e+00	-5.549881e+00
7.413729757089002e-04	4.999890e+00	-5.551834e+00
7.423495382089002e-04	5.001613e+00	-5.553577e+00
7.433261007089002e-04	5.003128e+00	-5.555112e+00
7.443026632089002e-04	5.004437e+00	-5.556438e+00
7.452792257089002e-04	5.005538e+00	-5.557554e+00
7.462557882089002e-04	5.006433e+00	-5.558462e+00
7.472323507089002e-04	5.007121e+00	-5.559159e+00
7.482089132089002e-04	5.007601e+00	-5.559648e+00
7.491854757089002e-04	5.007874e+00	-5.559927e+00
7.501620382089002e-04	5.007940e+00	-5.559997e+00
7.511386007089002e-04	5.007799e+00	-5.559858e+00
7.521151632089002e-04	5.007451e+00	-5.559509e+00
7.530917257089002e-04	5.006895e+00	-5.558951e+00
7.540682882089002e-04	5.006132e+00	-5.558184e+00
7.550448507089002e-04	5.005163e+00	-5.557207e+00
7.560214132089002e-04	5.003986e+00	-5.556021e+00
7.569979757089002e-04	5.002602e+00	-5.554626e+00
7.579745382089002e-04	5.001011e+00	-5.553022e+00
7.589511007089002e-04	4.999214e+00	-5.551209e+00
7.599276632089002e-04	4.997209e+00	-5.549187e+00
7.609042257089002e-04	4.994998e+00	-5.546956e+00
7.618807882089002e-04	4.992580e+00	-5.544516e+00
7.628573507089002e-04	4.989955e+00	-5.541867e+00
7.638339132089002e-04	4.987124e+00	-5.539010e+00
7.648104757089002e-04	4.984087e+00	-5.535944e+00
7.657870382089002e-04	4.980844e+00	-5.532670e+00
7.667636007089002e-04	4.977394e+00	-5.529187e+00
7.677401632089002e-04	4.973739e+00	-5.525496e+00
7.687167257089002e-04	4.969877e+00	-5.521597e+00
7.696932882089002e-04	4.965810e+00	-5.517490e+00
7.706698507089002e-04	4.961537e+00	-5.513176e+00
7.716464132089002e-04	4.957059e+00	-5.508654e+00
7.726229757089002e-04	4.952376e+00	-5.503924e+00
7.735995382089002e-04	4.947487e+00	-5.498988e+00
7.745761007089002e-04	4.942394e+00	-5.493845e+00
7.755526632089002e-04	4.937097e+00	-5.488494e+00
7.765292257089002e-04	4.931594e+00	-5.482937e+00
7.775057882089002e-04	4.925888e+00	-5.477173e+00
7.784823507089002e-04	4.919978e+00	-5.471203e+00
7.794589132089002e-04	4.913864e+00	-5.465027e+00
7.804354757089002e-04	4.907546e+00	-5.458646e+00
7.814120382089002e-04	4.901025e+00	-5.452059e+00
7.823886007089002e-04	4.894301e+00	-5.445267e+00
7.833651632089002e-04	4.887375e+00	-5.438269e+00
7.843417257089002e-04	4.880246e+00	-5.431067e+00
7.853182882089002e-04	4.872914e+00	-5.423661e+00
7.862948507089002e-04	4.865381e+00	-5.416050e+00
7.872714132089002e-04	4.857646e+00	-5.408236e+00
7.882479757089002e-04	4.849710e+00	-5.400217e+00
7.892245382089002e-04	4.841573e+00	-5.391995e+00
7.902011007089002e-04	4.833235e+00	-5.383571e+00
7.911776632089002e-04	4.824697e+00	-5.374944e+00
7.921542257089002e-04	4.815958e+00	-5.366114e+00
7.931307882089002e-04	4.807020e+00	-5.357082e+00
7.941073507089002e-04	4.797883e+00	-5.347849e+00
7.950839132089002e-04	4.788547e+00	-5.338414e+00
7.960604757089002e-04	4.779011e+00	-5.328779e+00
7.970370382089002e-04	4.769278e+00	-5.318942e+00
7.980136007089002e-04	4.759347e+00	-5.308906e+00
7.989901632089002e-04	4.749218e+00	-5.298669e+00
7.999667257089002e-04	4.738893e+00	-5.288233e+00
8.009432882089002e-04	4.728370e+00	-5.277598e+00
8.019198507089002e-04	4.717652e+00	-5.266765e+00
8.028964132089002e-04	4.706737e+00	-5.255733e+00
8.038729757089002e-04	4.695627e+00	-5.244503e+00
8.048495382089002e-04	4.684322e+00	-5.233075e+00
8.058261007089003e-04	4.672822e+00	-5.221451e+00
8.068026632089003e-04	4.661129e+00	-5.209630e+00
8.077792257089003e-04	4.649241e+00	-5.197613e+00
8.087557882089003e-04	4.637161e+00	-5.185400e+00
8.097323507089003e-04	4.624888e+00	-5.172992e+00
8.107089132089003e-04	4.612422e+00	-5.160389e+00
8.116854757089003e-04	4.599765e+00	-5.147592e+00
8.126620382089003e-04	4.586916e+00	-5.134601e+00
8.136386007089003e-04	4.573877e+00	-5.121417e+00
8.146151632089003e-04	4.560648e+00	-5.108040e+00
8.155917257089003e-04	4.547229e+00	-5.094471e+00
8.165682882089003e-04	4.533620e+00	-5.080709e+00
8.175448507089003e-04	4.519824e+00	-5.066757e+00
8.185214132089003e-04	4.505838e+00	-5.052614e+00
8.194979757089003e-04	4.491666e+00	-5.038280e+00
8.204745382089003e-04	4.477306e+00	-5.023757e+00
8.214511007089003e-04	4.462760e+00	-5.009046e+00
8.224276632089003e-04	4.448028e+00	-4.994144e+00
8.234042257089003e-04	4.433111e+00	-4.979056e+00
8.243807882089003e-04	4.418008e+00	-4.963779e+00
8.253573507089003e-04	4.402722e+00	-4.948316e+00
8.263339132089003e-04	4.387253e+00	-4.932667e+00
8.273104757089003e-04	4.371600e+00	-4.916831e+00
8.282870382089003e-04	4.355765e+00	-4.900811e+00
8.292636007089003e-04	4.339749e+00	-4.884606e+00
8.302401632089003e-04	4.323551e+00	-4.868217e+00
8.312167257089003e-04	4.307173e+00	-4.851645e+00
8.321932882089003e-04	4.290616e+00	-4.834891e+00
8.331698507089003e-04	4.273879e+00	-4.817954e+00
8.341464132089003e-04	4.256963e+00	-4.800836e+00
8.351229757089003e-04	4.239870e+00	-4.783537e+00
8.360995382089003e-04	4.222600e+00	-4.766058e+00
8.370761007089003e-04	4.205153e+00	-4.748400e+00
8.380526632089003e-04	4.187531e+00	-4.730563e+00
8.390292257089003e-04	4.169734e+00	-4.712548e+00
8.400057882089003e-04	4.151762e+00	-4.694355e+00
8.409823507089003e-04	4.133617e+00	-4.675985e+00
8.419589132089003e-04	4.115299e+00	-4.657440e+00
8.429354757089003e-04	4.096809e+00	-4.638719e+00
8.439120382089003e-04	4.078147e+00	-4.619824e+00
8.448886007089003e-04	4.059315e+00	-4.600754e+00
8.458651632089003e-04	4.040312e+00	-4.581511e+00
8.468417257089003e-04	4.021141e+00	-4.562097e+00
8.478182882089003e-04	4.001801e+00	-4.542510e+00
8.487948507089003e-04	3.982293e+00	-4.522752e+00
8.497714132089003e-04	3.962619e+00	-4.502824e+00
8.507479757089003e-04	3.942778e+00	-4.482726e+00
8.517245382089003e-04	3.922772e+00	-4.462460e+00
8.527011007089003e-04	3.902602e+00	-4.442025e+00
8.536776632089003e-04	3.882268e+00	-4.421423e+00
8.546542257089003e-04	3.861771e+00	-4.400655e+00
8.556307882089003e-04	3.841112e+00	-4.379721e+00
8.566073507089003e-04	3.820291e+00	-4.358623e+00
8.575839132089003e-04	3.799311e+00	-4.337359e+00
8.585604757089003e-04	3.778170e+00	-4.315933e+00
8.595370382089003e-04	3.756871e+00	-4.294345e+00
8.605136007089003e-04	3.735415e+00	-4.272594e+00
8.614901632089003e-04	3.713801e+00	-4.250683e+00
8.624667257089003e-04	3.692031e+00	-4.228612e+00
8.634432882089003e-04	3.670105e+00	-4.206382e+00
8.644198507089003e-04	3.648026e+00	-4.183993e+00
8.653964132089003e-04	3.625793e+00	-4.161447e+00
8.663729757089003e-04	3.603407e+00	-4.138743e+00
8.673495382089003e-04	3.580869e+00	-4.115885e+00
8.683261007089003e-04	3.558181e+00	-4.092871e+00
8.693026632089003e-04	3.535343e+00	-4.069703e+00
8.702792257089003e-04	3.512357e+00	-4.046382e+00
8.712557882089003e-04	3.489222e+00	-4.022908e+00
8.722323507089003e-04	3.465940e+00	-3.999284e+00
8.732089132089003e-04	3.442512e+00	-3.975508e+00
8.741854757089003e-04	3.418939e+00	-3.951583e+00
8.751620382089003e-04	3.395221e+00	-3.927509e+00
8.761386007089003e-04	3.371361e+00	-3.903287e+00
8.771151632089003e-04	3.347358e+00	-3.878918e+00
8.780917257089003e-04	3.323214e+00	-3.854403e+00
8.790682882089003e-04	3.298930e+00	-3.829744e+00
8.800448507089003e-04	3.274506e+00	-3.804940e+00
8.810214132089003e-04	3.249944e+00	-3.779992e+00
8.819979757089003e-04	3.225245e+00	-3.754903e+00
8.829745382089003e-04	3.200410e+00	-3.729671e+00
8.839511007089003e-04	3.175440e+00	-3.704300e+00
8.849276632089003e-04	3.150335e+00	-3.678789e+00
8.859042257089003e-04	3.125098e+00	-3.653140e+00
8.868807882089003e-04	3.099728e+00	-3.627353e+00
8.878573507089003e-04	3.074227e+00	-3.601429e+00
8.888339132089003e-04	3.048596e+00	-3.575370e+00
8.898104757089003e-04	3.022837e+00	-3.549176e+00
8.907870382089003e-04	2.996950e+00	-3.522849e+00
8.917636007089003e-04	2.970936e+00	-3.496389e+00
8.927401632089003e-04	2.944796e+00	-3.469797e+00
8.937167257089003e-04	2.918532e+00	-3.443075e+00
8.946932882089003e-04	2.892145e+00	-3.416223e+00
8.956698507089003e-04	2.865635e+00	-3.389243e+00
8.966464132089003e-04	2.839005e+00	-3.362135e+00
8.976229757089003e-04	2.812254e+00	-3.334900e+00
8.985995382089003e-04	2.785385e+00	-3.307540e+00
8.995761007089003e-04	2.758398e+00	-3.280055e+00
9.005526632089003e-04	2.731294e+00	-3.252447e+00
9.015292257089003e-04	2.704075e+00	-3.224716e+00
9.025057882089003e-04	2.676742e+00	-3.196864e+00
9.034823507089003e-04	2.649296e+00	-3.168891e+00
9.044589132089003e-04	2.621738e+00	-3.140800e+00
9.054354757089003e-04	2.594070e+00	-3.112589e+00
9.064120382089003e-04	2.566293e+00	-3.084262e+00
9.073886007089003e-04	2.538407e+00	-3.055819e+00
9.083651632089003e-04	2.510415e+00	-3.027260e+00
9.093417257089003e-04	2.482317e+00	-2.998588e+00
9.103182882089003e-04	2.454114e+00	-2.969803e+00
9.112948507089003e-04	2.425809e+00	-2.940906e+00
9.122714132089003e-04	2.397402e+00	-2.911898e+00
9.132479757089003e-04	2.368895e+00	-2.882780e+00
9.142245382089003e-04	2.340288e+00	-2.853554e+00
9.152011007089003e-04	2.311584e+00	-2.824221e+00
9.161776632089003e-04	2.282783e+00	-2.794781e+00
9.171542257089003e-04	2.253887e+00	-2.765236e+00
9.181307882089003e-04	2.224898e+00	-2.735587e+00
9.191073507089004e-04	2.195816e+00	-2.705835e+00
9.200839132089004e-04	2.166642e+00	-2.675981e+00
9.210604757089004e-04	2.137380e+00	-2.646027e+00
9.220370382089004e-04	2.108029e+00	-2.615972e+00
9.230136007089004e-04	2.078592e+00	-2.585819e+00
9.239901632089004e-04	2.049069e+00	-2.555569e+00
9.249667257089004e-04	2.019463e+00	-2.525223e+00
9.259432882089004e-04	1.989774e+00	-2.494781e+00
9.269198507089004e-04	1.960004e+00	-2.464246e+00
9.278964132089004e-04	1.930156e+00	-2.433618e+00
9.288729757089004e-04	1.900229e+00	-2.402898e+00
9.298495382089004e-04	1.870227e+00	-2.372088e+00
9.308261007089004e-04	1.840150e+00	-2.341188e+00
9.318026632089004e-04	1.810000e+00	-2.310201e+00
9.327792257089004e-04	1.779779e+00	-2.279126e+00
9.337557882089004e-04	1.749488e+00	-2.247965e+00
9.347323507089004e-04	1.719129e+00	-2.216720e+00
9.357089132089004e-04	1.688705e+00	-2.185392e+00
9.366854757089004e-04	1.658216e+00	-2.153981e+00
9.376620382089004e-04	1.627665e+00	-2.122489e+00
9.386386007089004e-04	1.597053e+00	-2.090917e+00
9.396151632089004e-04	1.566382e+00	-2.059267e+00
9.405917257089004e-04	1.535654e+00	-2.027538e+00
9.415682882089004e-04	1.504872e+00	-1.995734e+00
9.425448507089004e-04	1.474036e+00	-1.963854e+00
9.435214132089004e-04	1.443150e+00	-1.931901e+00
9.444979757089004e-04	1.412216e+00	-1.899875e+00
9.454745382089004e-04	1.381235e+00	-1.867777e+00
9.464511007089004e-04	1.350210e+00	-1.835609e+00
9.474276632089004e-04	1.319143e+00	-1.803371e+00
9.484042257089004e-04	1.288036e+00	-1.771066e+00
9.493807882089004e-04	1.256893e+00	-1.738695e+00
9.503573507089004e-04	1.225716e+00	-1.706257e+00
9.513339132089004e-04	1.194507e+00	-1.673756e+00
9.523104757089004e-04	1.163269e+00	-1.641191e+00
9.532870382089004e-04	1.132005e+00	-1.608565e+00
9.542636007089004e-04	1.100719e+00	-1.575878e+00
9.552401632089004e-04	1.069413e+00	-1.543132e+00
9.562167257089004e-04	1.038090e+00	-1.510328e+00
9.571932882089004e-04	1.006755e+00	-1.477466e+00
9.581698507089004e-04	9.754116e-01	-1.444550e+00
9.591464132089004e-04	9.440629e-01	-1.411579e+00
9.601229757089004e-04	9.127135e-01	-1.378554e+00
9.610995382089004e-04	8.813679e-01	-1.345478e+00
9.620761007089004e-04	8.500309e-01	-1.312351e+00
9.630526632089004e-04	8.187078e-01	-1.279175e+00
9.640292257089004e-04	7.874041e-01	-1.245950e+00
9.650057882089004e-04	7.561258e-01	-1.212679e+00
9.659823507089004e-04	7.248796e-01	-1.179362e+00
9.669589132089004e-04	6.936725e-01	-1.146001e+00
9.679354757089004e-04	6.625125e-01	-1.112596e+00
9.689120382089004e-04	6.314083e-01	-1.079150e+00
9.698886007089004e-04	6.003695e-01	-1.045663e+00
9.708651632089004e-04	5.694067e-01	-1.012136e+00
9.718417257089004e-04	5.385321e-01	-9.785716e-01
9.728182882089004e-04	5.077592e-01	-9.449703e-01
9.737948507089004e-04	4.771034e-01	-9.113333e-01
9.747714132089004e-04	4.465825e-01	-8.776620e-01
9.757479757089004e-04	4.162169e-01	-8.439577e-01
9.767245382089004e-04	3.860301e-01	-8.102216e-01
9.777011007089003e-04	3.560503e-01	-7.764550e-01
9.786776632089002e-04	3.263104e-01	-7.426592e-01
9.796542257089001e-04	2.968501e-01	-7.088353e-01
9.806307882089000e-04	2.677175e-01	-6.749849e-01
9.816073507088999e-04	2.389719e-01	-6.411089e-01
9.825839132088998e-04	2.106869e-01	-6.072089e-01
9.835604757088996e-04	1.829561e-01	-5.732861e-01
9.845370382088995e-04	1.558999e-01	-5.393416e-01
9.855136007088994e-04	1.296766e-01	-5.053768e-01
9.864901632088993e-04	1.044982e-01	-4.713930e-01
9.874667257088992e-04	8.065507e-02	-4.373914e-01
9.884432882088991e-04	5.857834e-02	-4.033734e-01
9.894198507088990e-04	3.884950e-02	-3.693402e-01
9.903964132088989e-04	2.224634e-02	-3.352931e-01
9.913729757088988e-04	9.811284e-03	-3.012333e-01
9.923495382088987e-04	2.482210e-03	-2.671622e-01
9.933261007088986e-04	-2.675383e-05	-2.330811e-01
9.943026632088985e-04	-1.945659e-04	-1.989912e-01
9.952792257088984e-04	-2.699370e-04	-1.648938e-01
9.961262939502421e-04	-3.065215e-04	-1.353127e-01
9.970285457485011e-04	-2.570709e-04	-1.038003e-01
9.980051082485010e-04	-2.297125e-04	-6.968874e-02
9.989816707485009e-04	-1.452730e-04	-3.557459e-02
9.999582332485008e-04	-2.214406e-05	-1.459101e-03
1.000000000000000e-03	-1.349284e-05	-1.361807e-15
