rv	Ix(D1:-)
1.000000000000000e-05	1.094001e-01
1.000001000000000e+01	9.861998e-02
2.000001000000000e+01	8.977617e-02
3.000001000000000e+01	8.238979e-02
4.000001000000000e+01	7.612784e-02
5.000001000000000e+01	7.075167e-02
6.000001000000000e+01	6.608567e-02
7.000001000000000e+01	6.199776e-02
8.000001000000000e+01	5.838676e-02
9.000001000000000e+01	5.517377e-02
1.000000100000000e+02	5.229640e-02
1.100000100000000e+02	4.970465e-02
1.200000100000000e+02	4.735799e-02
1.300000100000000e+02	4.522320e-02
1.400000100000000e+02	4.327283e-02
1.500000100000000e+02	4.148395e-02
1.600000100000000e+02	3.983730e-02
1.700000100000000e+02	3.831655e-02
1.800000100000000e+02	3.690779e-02
1.900000100000000e+02	3.559908e-02
2.000000100000000e+02	3.438013e-02
2.100000100000000e+02	3.324201e-02
2.200000100000000e+02	3.217692e-02
2.300000100000000e+02	3.117806e-02
2.400000100000000e+02	3.023943e-02
2.500000100000000e+02	2.935574e-02
2.600000100000000e+02	2.852231e-02
2.700000100000000e+02	2.773495e-02
2.800000100000000e+02	2.698996e-02
2.900000100000000e+02	2.628399e-02
3.000000100000000e+02	2.561407e-02
3.100000100000000e+02	2.497749e-02
3.200000100000000e+02	2.437183e-02
3.300000100000000e+02	2.379490e-02
3.400000100000000e+02	2.324468e-02
3.500000100000000e+02	2.271936e-02
3.600000100000000e+02	2.221730e-02
3.700000100000000e+02	2.173698e-02
3.800000100000000e+02	2.127701e-02
3.900000100000000e+02	2.083614e-02
4.000000100000000e+02	2.041319e-02
4.100000100000000e+02	2.000709e-02
4.200000100000000e+02	1.961686e-02
4.300000100000000e+02	1.924158e-02
4.400000100000000e+02	1.888041e-02
4.500000100000000e+02	1.853257e-02
4.600000100000000e+02	1.819733e-02
4.700000100000000e+02	1.787402e-02
4.800000100000000e+02	1.756202e-02
4.900000100000000e+02	1.726074e-02
5.000000100000000e+02	1.696963e-02
5.100000100000000e+02	1.668819e-02
5.200000100000000e+02	1.641595e-02
5.300000100000000e+02	1.615246e-02
5.400000100000000e+02	1.589731e-02
5.500000100000000e+02	1.565011e-02
5.600000100000000e+02	1.541048e-02
5.700000100000000e+02	1.517810e-02
5.800000100000000e+02	1.495263e-02
5.900000100000000e+02	1.473376e-02
6.000000100000000e+02	1.452122e-02
6.100000100000000e+02	1.431474e-02
6.200000100000000e+02	1.411405e-02
6.300000100000000e+02	1.391893e-02
6.400000100000000e+02	1.372913e-02
6.500000100000000e+02	1.354444e-02
6.600000100000000e+02	1.336467e-02
6.700000100000000e+02	1.318961e-02
6.800000100000000e+02	1.301908e-02
6.900000100000000e+02	1.285291e-02
7.000000100000000e+02	1.269094e-02
7.100000100000000e+02	1.253301e-02
7.200000100000000e+02	1.237896e-02
7.300000100000000e+02	1.222866e-02
7.400000100000000e+02	1.208197e-02
7.500000100000000e+02	1.193876e-02
7.600000100000000e+02	1.179892e-02
7.700000100000000e+02	1.166231e-02
7.800000100000000e+02	1.152884e-02
7.900000100000000e+02	1.139839e-02
8.000000100000000e+02	1.127087e-02
8.100000100000000e+02	1.114617e-02
8.200000100000000e+02	1.102420e-02
8.300000100000000e+02	1.090488e-02
8.400000100000000e+02	1.078812e-02
8.500000100000000e+02	1.067384e-02
8.600000100000000e+02	1.056195e-02
8.700000100000000e+02	1.045239e-02
8.800000100000000e+02	1.034508e-02
8.900000100000000e+02	1.023996e-02
9.000000100000000e+02	1.013695e-02
9.100000100000000e+02	1.003600e-02
9.200000100000000e+02	9.937046e-03
9.300000100000000e+02	9.840025e-03
9.400000100000000e+02	9.744882e-03
9.500000100000000e+02	9.651563e-03
9.600000100000000e+02	9.560018e-03
9.700000100000000e+02	9.470196e-03
9.800000100000000e+02	9.382048e-03
9.900000100000000e+02	9.295528e-03
1.000000010000000e+03	9.210591e-03
1.010000010000000e+03	9.127195e-03
1.020000010000000e+03	9.045298e-03
1.030000010000000e+03	8.964860e-03
1.040000010000000e+03	8.885842e-03
1.050000010000000e+03	8.808206e-03
1.060000010000000e+03	8.731917e-03
1.070000010000000e+03	8.656940e-03
1.080000010000000e+03	8.583242e-03
1.090000010000000e+03	8.510790e-03
1.100000010000000e+03	8.439553e-03
1.110000010000000e+03	8.369500e-03
1.120000010000000e+03	8.300602e-03
1.130000010000000e+03	8.232830e-03
1.140000010000000e+03	8.166158e-03
1.150000010000000e+03	8.100559e-03
1.160000010000000e+03	8.036006e-03
1.170000010000000e+03	7.972476e-03
1.180000010000000e+03	7.909944e-03
1.190000010000000e+03	7.848387e-03
1.200000010000000e+03	7.787782e-03
1.210000010000000e+03	7.728106e-03
1.220000010000000e+03	7.669340e-03
1.230000010000000e+03	7.611462e-03
1.240000010000000e+03	7.554453e-03
1.250000010000000e+03	7.498292e-03
1.260000010000000e+03	7.442961e-03
1.270000010000000e+03	7.388442e-03
1.280000010000000e+03	7.334718e-03
1.290000010000000e+03	7.281770e-03
1.300000010000000e+03	7.229581e-03
1.310000010000000e+03	7.178137e-03
1.320000010000000e+03	7.127421e-03
1.330000010000000e+03	7.077417e-03
1.340000010000000e+03	7.028112e-03
1.350000010000000e+03	6.979490e-03
1.360000010000000e+03	6.931537e-03
1.370000010000000e+03	6.884239e-03
1.380000010000000e+03	6.837583e-03
1.390000010000000e+03	6.791556e-03
1.400000010000000e+03	6.746145e-03
1.410000010000000e+03	6.701339e-03
1.420000010000000e+03	6.657124e-03
1.430000010000000e+03	6.613491e-03
1.440000010000000e+03	6.570426e-03
1.450000010000000e+03	6.527919e-03
1.460000010000000e+03	6.485960e-03
1.470000010000000e+03	6.444537e-03
1.480000010000000e+03	6.403641e-03
1.490000010000000e+03	6.363261e-03
1.500000010000000e+03	6.323388e-03
1.510000010000000e+03	6.284013e-03
1.520000010000000e+03	6.245125e-03
1.530000010000000e+03	6.206717e-03
1.540000010000000e+03	6.168779e-03
1.550000010000000e+03	6.131302e-03
1.560000010000000e+03	6.094278e-03
1.570000010000000e+03	6.057700e-03
1.580000010000000e+03	6.021559e-03
1.590000010000000e+03	5.985847e-03
1.600000010000000e+03	5.950557e-03
1.610000010000000e+03	5.915681e-03
1.620000010000000e+03	5.881212e-03
1.630000010000000e+03	5.847143e-03
1.640000010000000e+03	5.813467e-03
1.650000010000000e+03	5.780178e-03
1.660000010000000e+03	5.747268e-03
1.670000010000000e+03	5.714731e-03
1.680000010000000e+03	5.682561e-03
1.690000010000000e+03	5.650752e-03
1.700000010000000e+03	5.619297e-03
1.710000010000000e+03	5.588191e-03
1.720000010000000e+03	5.557428e-03
1.730000010000000e+03	5.527003e-03
1.740000010000000e+03	5.496909e-03
1.750000010000000e+03	5.467142e-03
1.760000010000000e+03	5.437695e-03
1.770000010000000e+03	5.408565e-03
1.780000010000000e+03	5.379746e-03
1.790000010000000e+03	5.351232e-03
1.800000010000000e+03	5.323020e-03
1.810000010000000e+03	5.295104e-03
1.820000010000000e+03	5.267479e-03
1.830000010000000e+03	5.240142e-03
1.840000010000000e+03	5.213088e-03
1.850000010000000e+03	5.186312e-03
1.860000010000000e+03	5.159810e-03
1.870000010000000e+03	5.133578e-03
1.880000010000000e+03	5.107611e-03
1.890000010000000e+03	5.081906e-03
1.900000010000000e+03	5.056459e-03
1.910000010000000e+03	5.031267e-03
1.920000010000000e+03	5.006324e-03
1.930000010000000e+03	4.981628e-03
1.940000010000000e+03	4.957174e-03
1.950000010000000e+03	4.932960e-03
1.960000010000000e+03	4.908981e-03
1.970000010000000e+03	4.885235e-03
1.980000010000000e+03	4.861718e-03
1.990000010000000e+03	4.838426e-03
2.000000010000000e+03	4.815357e-03
2.010000010000000e+03	4.792507e-03
2.020000010000000e+03	4.769873e-03
2.030000010000000e+03	4.747453e-03
2.040000010000000e+03	4.725242e-03
2.050000010000000e+03	4.703239e-03
2.060000010000000e+03	4.681440e-03
2.070000010000000e+03	4.659842e-03
2.080000010000000e+03	4.638443e-03
2.090000010000000e+03	4.617240e-03
2.100000010000000e+03	4.596230e-03
2.110000010000000e+03	4.575411e-03
2.120000010000000e+03	4.554780e-03
2.130000010000000e+03	4.534334e-03
2.140000010000000e+03	4.514071e-03
2.150000010000000e+03	4.493989e-03
2.160000010000000e+03	4.474085e-03
2.170000010000000e+03	4.454357e-03
2.180000010000000e+03	4.434802e-03
2.190000010000000e+03	4.415418e-03
2.200000010000000e+03	4.396204e-03
2.210000010000000e+03	4.377156e-03
2.220000010000000e+03	4.358273e-03
2.230000010000000e+03	4.339552e-03
2.240000010000000e+03	4.320991e-03
2.250000010000000e+03	4.302589e-03
2.260000010000000e+03	4.284344e-03
2.270000010000000e+03	4.266252e-03
2.280000010000000e+03	4.248313e-03
2.290000010000000e+03	4.230524e-03
2.300000010000000e+03	4.212884e-03
2.310000010000000e+03	4.195391e-03
2.320000010000000e+03	4.178042e-03
2.330000010000000e+03	4.160837e-03
2.340000010000000e+03	4.143773e-03
2.350000010000000e+03	4.126848e-03
2.360000010000000e+03	4.110062e-03
2.370000010000000e+03	4.093411e-03
2.380000010000000e+03	4.076895e-03
2.390000010000000e+03	4.060512e-03
2.400000010000000e+03	4.044261e-03
2.410000010000000e+03	4.028139e-03
2.420000010000000e+03	4.012146e-03
2.430000010000000e+03	3.996279e-03
2.440000010000000e+03	3.980537e-03
2.450000010000000e+03	3.964919e-03
2.460000010000000e+03	3.949423e-03
2.470000010000000e+03	3.934048e-03
2.480000010000000e+03	3.918793e-03
2.490000010000000e+03	3.903655e-03
2.500000010000000e+03	3.888634e-03
2.510000010000000e+03	3.873729e-03
2.520000010000000e+03	3.858937e-03
2.530000010000000e+03	3.844259e-03
2.540000010000000e+03	3.829691e-03
2.550000010000000e+03	3.815234e-03
2.560000010000000e+03	3.800886e-03
2.570000010000000e+03	3.786645e-03
2.580000010000000e+03	3.772511e-03
2.590000010000000e+03	3.758482e-03
2.600000010000000e+03	3.744557e-03
2.610000010000000e+03	3.730735e-03
2.620000010000000e+03	3.717015e-03
2.630000010000000e+03	3.703396e-03
2.640000010000000e+03	3.689876e-03
2.650000010000000e+03	3.676455e-03
2.660000010000000e+03	3.663131e-03
2.670000010000000e+03	3.649903e-03
2.680000010000000e+03	3.636771e-03
2.690000010000000e+03	3.623733e-03
2.700000010000000e+03	3.610789e-03
2.710000010000000e+03	3.597936e-03
2.720000010000000e+03	3.585175e-03
2.730000010000000e+03	3.572505e-03
2.740000010000000e+03	3.559923e-03
2.750000010000000e+03	3.547431e-03
2.760000010000000e+03	3.535025e-03
2.770000010000000e+03	3.522706e-03
2.780000010000000e+03	3.510473e-03
2.790000010000000e+03	3.498325e-03
2.800000010000000e+03	3.486261e-03
2.810000010000000e+03	3.474279e-03
2.820000010000000e+03	3.462380e-03
2.830000010000000e+03	3.450562e-03
2.840000010000000e+03	3.438825e-03
2.850000010000000e+03	3.427167e-03
2.860000010000000e+03	3.415589e-03
2.870000010000000e+03	3.404088e-03
2.880000010000000e+03	3.392665e-03
2.890000010000000e+03	3.381318e-03
2.900000010000000e+03	3.370047e-03
2.910000010000000e+03	3.358851e-03
2.920000010000000e+03	3.347730e-03
2.930000010000000e+03	3.336681e-03
2.940000010000000e+03	3.325706e-03
2.950000010000000e+03	3.314802e-03
2.960000010000000e+03	3.303970e-03
2.970000010000000e+03	3.293209e-03
2.980000010000000e+03	3.282518e-03
2.990000010000000e+03	3.271896e-03
3.000000010000000e+03	3.261342e-03
3.010000010000000e+03	3.250857e-03
3.020000010000000e+03	3.240438e-03
3.030000010000000e+03	3.230087e-03
3.040000010000000e+03	3.219801e-03
3.050000010000000e+03	3.209581e-03
3.060000010000000e+03	3.199426e-03
3.070000010000000e+03	3.189335e-03
3.080000010000000e+03	3.179307e-03
3.090000010000000e+03	3.169342e-03
3.100000010000000e+03	3.159440e-03
3.110000010000000e+03	3.149599e-03
3.120000010000000e+03	3.139820e-03
3.130000010000000e+03	3.130101e-03
3.140000010000000e+03	3.120443e-03
3.150000010000000e+03	3.110843e-03
3.160000010000000e+03	3.101303e-03
3.170000010000000e+03	3.091821e-03
3.180000010000000e+03	3.082398e-03
3.190000010000000e+03	3.073031e-03
3.200000010000000e+03	3.063721e-03
3.210000010000000e+03	3.054468e-03
3.220000010000000e+03	3.045270e-03
3.230000010000000e+03	3.036128e-03
3.240000010000000e+03	3.027041e-03
3.250000010000000e+03	3.018007e-03
3.260000010000000e+03	3.009028e-03
3.270000010000000e+03	3.000102e-03
3.280000010000000e+03	2.991229e-03
3.290000010000000e+03	2.982409e-03
3.300000010000000e+03	2.973640e-03
3.310000010000000e+03	2.964922e-03
3.320000010000000e+03	2.956256e-03
3.330000010000000e+03	2.947641e-03
3.340000010000000e+03	2.939075e-03
3.350000010000000e+03	2.930559e-03
3.360000010000000e+03	2.922093e-03
3.370000010000000e+03	2.913675e-03
3.380000010000000e+03	2.905306e-03
3.390000010000000e+03	2.896985e-03
3.400000010000000e+03	2.888711e-03
3.410000010000000e+03	2.880485e-03
3.420000010000000e+03	2.872305e-03
3.430000010000000e+03	2.864172e-03
3.440000010000000e+03	2.856085e-03
3.450000010000000e+03	2.848043e-03
3.460000010000000e+03	2.840047e-03
3.470000010000000e+03	2.832095e-03
3.480000010000000e+03	2.824188e-03
3.490000010000000e+03	2.816325e-03
3.500000010000000e+03	2.808506e-03
3.510000010000000e+03	2.800730e-03
3.520000010000000e+03	2.792997e-03
3.530000010000000e+03	2.785307e-03
3.540000010000000e+03	2.777659e-03
3.550000010000000e+03	2.770053e-03
3.560000010000000e+03	2.762488e-03
3.570000010000000e+03	2.754965e-03
3.580000010000000e+03	2.747483e-03
3.590000010000000e+03	2.740041e-03
3.600000010000000e+03	2.732640e-03
3.610000010000000e+03	2.725278e-03
3.620000010000000e+03	2.717957e-03
3.630000010000000e+03	2.710674e-03
3.640000010000000e+03	2.703430e-03
3.650000010000000e+03	2.696226e-03
3.660000010000000e+03	2.689059e-03
3.670000010000000e+03	2.681931e-03
3.680000010000000e+03	2.674840e-03
3.690000010000000e+03	2.667787e-03
3.700000010000000e+03	2.660770e-03
3.710000010000000e+03	2.653791e-03
3.720000010000000e+03	2.646848e-03
3.730000010000000e+03	2.639942e-03
3.740000010000000e+03	2.633072e-03
3.750000010000000e+03	2.626237e-03
3.760000010000000e+03	2.619438e-03
3.770000010000000e+03	2.612673e-03
3.780000010000000e+03	2.605944e-03
3.790000010000000e+03	2.599250e-03
3.800000010000000e+03	2.592590e-03
3.810000010000000e+03	2.585964e-03
3.820000010000000e+03	2.579371e-03
3.830000010000000e+03	2.572813e-03
3.840000010000000e+03	2.566287e-03
3.850000010000000e+03	2.559795e-03
3.860000010000000e+03	2.553335e-03
3.870000010000000e+03	2.546908e-03
3.880000010000000e+03	2.540514e-03
3.890000010000000e+03	2.534151e-03
3.900000010000000e+03	2.527820e-03
3.910000010000000e+03	2.521521e-03
3.920000010000000e+03	2.515254e-03
3.930000010000000e+03	2.509017e-03
3.940000010000000e+03	2.502811e-03
3.950000010000000e+03	2.496636e-03
3.960000010000000e+03	2.490492e-03
3.970000010000000e+03	2.484377e-03
3.980000010000000e+03	2.478293e-03
3.990000010000000e+03	2.472238e-03
4.000000010000000e+03	2.466213e-03
4.010000010000000e+03	2.460217e-03
4.020000010000000e+03	2.454251e-03
4.030000010000000e+03	2.448313e-03
4.040000010000000e+03	2.442404e-03
4.050000010000000e+03	2.436523e-03
4.060000010000000e+03	2.430671e-03
4.070000010000000e+03	2.424847e-03
4.080000010000000e+03	2.419051e-03
4.090000010000000e+03	2.413282e-03
4.100000010000000e+03	2.407541e-03
4.110000010000000e+03	2.401827e-03
4.120000010000000e+03	2.396141e-03
4.130000010000000e+03	2.390481e-03
4.140000010000000e+03	2.384848e-03
4.150000010000000e+03	2.379241e-03
4.160000010000000e+03	2.373661e-03
4.170000010000000e+03	2.368107e-03
4.180000010000000e+03	2.362579e-03
4.190000010000000e+03	2.357077e-03
4.200000010000000e+03	2.351600e-03
4.210000010000000e+03	2.346149e-03
4.220000010000000e+03	2.340723e-03
4.230000010000000e+03	2.335322e-03
4.240000010000000e+03	2.329946e-03
4.250000010000000e+03	2.324594e-03
4.260000010000000e+03	2.319268e-03
4.270000010000000e+03	2.313965e-03
4.280000010000000e+03	2.308687e-03
4.290000010000000e+03	2.303433e-03
4.300000010000000e+03	2.298203e-03
4.310000010000000e+03	2.292997e-03
4.320000010000000e+03	2.287814e-03
4.330000010000000e+03	2.282654e-03
4.340000010000000e+03	2.277518e-03
4.350000010000000e+03	2.272405e-03
4.360000010000000e+03	2.267315e-03
4.370000010000000e+03	2.262247e-03
4.380000010000000e+03	2.257203e-03
4.390000010000000e+03	2.252180e-03
4.400000010000000e+03	2.247180e-03
4.410000010000000e+03	2.242203e-03
4.420000010000000e+03	2.237247e-03
4.430000010000000e+03	2.232313e-03
4.440000010000000e+03	2.227401e-03
4.450000010000000e+03	2.222511e-03
4.460000010000000e+03	2.217642e-03
4.470000010000000e+03	2.212794e-03
4.480000010000000e+03	2.207967e-03
4.490000010000000e+03	2.203162e-03
4.500000010000000e+03	2.198377e-03
4.510000010000000e+03	2.193613e-03
4.520000010000000e+03	2.188870e-03
4.530000010000000e+03	2.184147e-03
4.540000010000000e+03	2.179445e-03
4.550000010000000e+03	2.174763e-03
4.560000010000000e+03	2.170101e-03
4.570000010000000e+03	2.165459e-03
4.580000010000000e+03	2.160837e-03
4.590000010000000e+03	2.156235e-03
4.600000010000000e+03	2.151652e-03
4.610000010000000e+03	2.147088e-03
4.620000010000000e+03	2.142544e-03
4.630000010000000e+03	2.138020e-03
4.640000010000000e+03	2.133514e-03
4.650000010000000e+03	2.129027e-03
4.660000010000000e+03	2.124559e-03
4.670000010000000e+03	2.120110e-03
4.680000010000000e+03	2.115679e-03
4.690000010000000e+03	2.111268e-03
4.700000010000000e+03	2.106874e-03
4.710000010000000e+03	2.102498e-03
4.720000010000000e+03	2.098141e-03
4.730000010000000e+03	2.093802e-03
4.740000010000000e+03	2.089481e-03
4.750000010000000e+03	2.085177e-03
4.760000010000000e+03	2.080892e-03
4.770000010000000e+03	2.076624e-03
4.780000010000000e+03	2.072373e-03
4.790000010000000e+03	2.068140e-03
4.800000010000000e+03	2.063924e-03
4.810000010000000e+03	2.059726e-03
4.820000010000000e+03	2.055544e-03
4.830000010000000e+03	2.051379e-03
4.840000010000000e+03	2.047231e-03
4.850000010000000e+03	2.043100e-03
4.860000010000000e+03	2.038986e-03
4.870000010000000e+03	2.034888e-03
4.880000010000000e+03	2.030807e-03
4.890000010000000e+03	2.026742e-03
4.900000010000000e+03	2.022693e-03
4.910000010000000e+03	2.018661e-03
4.920000010000000e+03	2.014644e-03
4.930000010000000e+03	2.010644e-03
4.940000010000000e+03	2.006659e-03
4.950000010000000e+03	2.002690e-03
4.960000010000000e+03	1.998737e-03
4.970000010000000e+03	1.994800e-03
4.980000010000000e+03	1.990878e-03
4.990000010000000e+03	1.986971e-03
5.000000010000000e+03	1.983080e-03
5.010000010000000e+03	1.979203e-03
5.020000010000000e+03	1.975343e-03
5.030000010000000e+03	1.971497e-03
5.040000010000000e+03	1.967666e-03
5.050000010000000e+03	1.963850e-03
5.060000010000000e+03	1.960048e-03
5.070000010000000e+03	1.956262e-03
5.080000010000000e+03	1.952490e-03
5.090000010000000e+03	1.948733e-03
5.100000010000000e+03	1.944990e-03
5.110000010000000e+03	1.941261e-03
5.120000010000000e+03	1.937547e-03
5.130000010000000e+03	1.933847e-03
5.140000010000000e+03	1.930161e-03
5.150000010000000e+03	1.926489e-03
5.160000010000000e+03	1.922831e-03
5.170000010000000e+03	1.919187e-03
5.180000010000000e+03	1.915557e-03
5.190000010000000e+03	1.911941e-03
5.200000010000000e+03	1.908338e-03
5.210000010000000e+03	1.904748e-03
5.220000010000000e+03	1.901173e-03
5.230000010000000e+03	1.897610e-03
5.240000010000000e+03	1.894061e-03
5.250000010000000e+03	1.890526e-03
5.260000010000000e+03	1.887003e-03
5.270000010000000e+03	1.883494e-03
5.280000010000000e+03	1.879997e-03
5.290000010000000e+03	1.876514e-03
5.300000010000000e+03	1.873043e-03
5.310000010000000e+03	1.869586e-03
5.320000010000000e+03	1.866141e-03
5.330000010000000e+03	1.862709e-03
5.340000010000000e+03	1.859289e-03
5.350000010000000e+03	1.855882e-03
5.360000010000000e+03	1.852488e-03
5.370000010000000e+03	1.849105e-03
5.380000010000000e+03	1.845736e-03
5.390000010000000e+03	1.842378e-03
5.400000010000000e+03	1.839033e-03
5.410000010000000e+03	1.835700e-03
5.420000010000000e+03	1.832379e-03
5.430000010000000e+03	1.829070e-03
5.440000010000000e+03	1.825772e-03
5.450000010000000e+03	1.822487e-03
5.460000010000000e+03	1.819214e-03
5.470000010000000e+03	1.815952e-03
5.480000010000000e+03	1.812702e-03
5.490000010000000e+03	1.809464e-03
5.500000010000000e+03	1.806237e-03
5.510000010000000e+03	1.803022e-03
5.520000010000000e+03	1.799818e-03
5.530000010000000e+03	1.796625e-03
5.540000010000000e+03	1.793444e-03
5.550000010000000e+03	1.790274e-03
5.560000010000000e+03	1.787116e-03
5.570000010000000e+03	1.783968e-03
5.580000010000000e+03	1.780832e-03
5.590000010000000e+03	1.777706e-03
5.600000010000000e+03	1.774592e-03
5.610000010000000e+03	1.771488e-03
5.620000010000000e+03	1.768396e-03
5.630000010000000e+03	1.765314e-03
5.640000010000000e+03	1.762243e-03
5.650000010000000e+03	1.759182e-03
5.660000010000000e+03	1.756132e-03
5.670000010000000e+03	1.753093e-03
5.680000010000000e+03	1.750064e-03
5.690000010000000e+03	1.747046e-03
5.700000010000000e+03	1.744038e-03
5.710000010000000e+03	1.741041e-03
5.720000010000000e+03	1.738054e-03
5.730000010000000e+03	1.735077e-03
5.740000010000000e+03	1.732110e-03
5.750000010000000e+03	1.729153e-03
5.760000010000000e+03	1.726207e-03
5.770000010000000e+03	1.723270e-03
5.780000010000000e+03	1.720344e-03
5.790000010000000e+03	1.717427e-03
5.800000010000000e+03	1.714520e-03
5.810000010000000e+03	1.711623e-03
5.820000010000000e+03	1.708736e-03
5.830000010000000e+03	1.705859e-03
5.840000010000000e+03	1.702991e-03
5.850000010000000e+03	1.700133e-03
5.860000010000000e+03	1.697285e-03
5.870000010000000e+03	1.694446e-03
5.880000010000000e+03	1.691617e-03
5.890000010000000e+03	1.688797e-03
5.900000010000000e+03	1.685986e-03
5.910000010000000e+03	1.683185e-03
5.920000010000000e+03	1.680393e-03
5.930000010000000e+03	1.677611e-03
5.940000010000000e+03	1.674837e-03
5.950000010000000e+03	1.672073e-03
5.960000010000000e+03	1.669318e-03
5.970000010000000e+03	1.666572e-03
5.980000010000000e+03	1.663835e-03
5.990000010000000e+03	1.661107e-03
6.000000010000000e+03	1.658388e-03
6.010000010000000e+03	1.655678e-03
6.020000010000000e+03	1.652976e-03
6.030000010000000e+03	1.650284e-03
6.040000010000000e+03	1.647600e-03
6.050000010000000e+03	1.644925e-03
6.060000010000000e+03	1.642259e-03
6.070000010000000e+03	1.639601e-03
6.080000010000000e+03	1.636952e-03
6.090000010000000e+03	1.634312e-03
6.100000010000000e+03	1.631680e-03
6.110000010000000e+03	1.629056e-03
6.120000010000000e+03	1.626441e-03
6.130000010000000e+03	1.623834e-03
6.140000010000000e+03	1.621236e-03
6.150000010000000e+03	1.618646e-03
6.160000010000000e+03	1.616064e-03
6.170000010000000e+03	1.613491e-03
6.180000010000000e+03	1.610925e-03
6.190000010000000e+03	1.608368e-03
6.200000010000000e+03	1.605819e-03
6.210000010000000e+03	1.603278e-03
6.220000010000000e+03	1.600745e-03
6.230000010000000e+03	1.598220e-03
6.240000010000000e+03	1.595703e-03
6.250000010000000e+03	1.593194e-03
6.260000010000000e+03	1.590693e-03
6.270000010000000e+03	1.588200e-03
6.280000010000000e+03	1.585715e-03
6.290000010000000e+03	1.583237e-03
6.300000010000000e+03	1.580767e-03
6.310000010000000e+03	1.578305e-03
6.320000010000000e+03	1.575850e-03
6.330000010000000e+03	1.573403e-03
6.340000010000000e+03	1.570964e-03
6.350000010000000e+03	1.568532e-03
6.360000010000000e+03	1.566108e-03
6.370000010000000e+03	1.563691e-03
6.380000010000000e+03	1.561282e-03
6.390000010000000e+03	1.558880e-03
6.400000010000000e+03	1.556485e-03
6.410000010000000e+03	1.554098e-03
6.420000010000000e+03	1.551718e-03
6.430000010000000e+03	1.549346e-03
6.440000010000000e+03	1.546981e-03
6.450000010000000e+03	1.544623e-03
6.460000010000000e+03	1.542272e-03
6.470000010000000e+03	1.539928e-03
6.480000010000000e+03	1.537591e-03
6.490000010000000e+03	1.535262e-03
6.500000010000000e+03	1.532939e-03
6.510000010000000e+03	1.530624e-03
6.520000010000000e+03	1.528316e-03
6.530000010000000e+03	1.526014e-03
6.540000010000000e+03	1.523720e-03
6.550000010000000e+03	1.521432e-03
6.560000010000000e+03	1.519151e-03
6.570000010000000e+03	1.516877e-03
6.580000010000000e+03	1.514610e-03
6.590000010000000e+03	1.512350e-03
6.600000010000000e+03	1.510096e-03
6.610000010000000e+03	1.507850e-03
6.620000010000000e+03	1.505609e-03
6.630000010000000e+03	1.503376e-03
6.640000010000000e+03	1.501149e-03
6.650000010000000e+03	1.498929e-03
6.660000010000000e+03	1.496715e-03
6.670000010000000e+03	1.494508e-03
6.680000010000000e+03	1.492307e-03
6.690000010000000e+03	1.490113e-03
6.700000010000000e+03	1.487925e-03
6.710000010000000e+03	1.485744e-03
6.720000010000000e+03	1.483569e-03
6.730000010000000e+03	1.481400e-03
6.740000010000000e+03	1.479238e-03
6.750000010000000e+03	1.477082e-03
6.760000010000000e+03	1.474933e-03
6.770000010000000e+03	1.472789e-03
6.780000010000000e+03	1.470652e-03
6.790000010000000e+03	1.468521e-03
6.800000010000000e+03	1.466396e-03
6.810000010000000e+03	1.464278e-03
6.820000010000000e+03	1.462165e-03
6.830000010000000e+03	1.460059e-03
6.840000010000000e+03	1.457958e-03
6.850000010000000e+03	1.455864e-03
6.860000010000000e+03	1.453776e-03
6.870000010000000e+03	1.451694e-03
6.880000010000000e+03	1.449617e-03
6.890000010000000e+03	1.447547e-03
6.900000010000000e+03	1.445482e-03
6.910000010000000e+03	1.443424e-03
6.920000010000000e+03	1.441371e-03
6.930000010000000e+03	1.439324e-03
6.940000010000000e+03	1.437283e-03
6.950000010000000e+03	1.435248e-03
6.960000010000000e+03	1.433219e-03
6.970000010000000e+03	1.431195e-03
6.980000010000000e+03	1.429177e-03
6.990000010000000e+03	1.427164e-03
7.000000010000000e+03	1.425158e-03
7.010000010000000e+03	1.423157e-03
7.020000010000000e+03	1.421161e-03
7.030000010000000e+03	1.419171e-03
7.040000010000000e+03	1.417187e-03
7.050000010000000e+03	1.415208e-03
7.060000010000000e+03	1.413235e-03
7.070000010000000e+03	1.411268e-03
7.080000010000000e+03	1.409305e-03
7.090000010000000e+03	1.407349e-03
7.100000010000000e+03	1.405397e-03
7.110000010000000e+03	1.403451e-03
7.120000010000000e+03	1.401511e-03
7.130000010000000e+03	1.399576e-03
7.140000010000000e+03	1.397646e-03
7.150000010000000e+03	1.395722e-03
7.160000010000000e+03	1.393802e-03
7.170000010000000e+03	1.391888e-03
7.180000010000000e+03	1.389980e-03
7.190000010000000e+03	1.388076e-03
7.200000010000000e+03	1.386178e-03
7.210000010000000e+03	1.384285e-03
7.220000010000000e+03	1.382397e-03
7.230000010000000e+03	1.380515e-03
7.240000010000000e+03	1.378637e-03
7.250000010000000e+03	1.376765e-03
7.260000010000000e+03	1.374897e-03
7.270000010000000e+03	1.373035e-03
7.280000010000000e+03	1.371178e-03
7.290000010000000e+03	1.369326e-03
7.300000010000000e+03	1.367479e-03
7.310000010000000e+03	1.365636e-03
7.320000010000000e+03	1.363799e-03
7.330000010000000e+03	1.361967e-03
7.340000010000000e+03	1.360139e-03
7.350000010000000e+03	1.358317e-03
7.360000010000000e+03	1.356499e-03
7.370000010000000e+03	1.354687e-03
7.380000010000000e+03	1.352879e-03
7.390000010000000e+03	1.351076e-03
7.400000010000000e+03	1.349277e-03
7.410000010000000e+03	1.347484e-03
7.420000010000000e+03	1.345695e-03
7.430000010000000e+03	1.343911e-03
7.440000010000000e+03	1.342132e-03
7.450000010000000e+03	1.340357e-03
7.460000010000000e+03	1.338588e-03
7.470000010000000e+03	1.336823e-03
7.480000010000000e+03	1.335062e-03
7.490000010000000e+03	1.333306e-03
7.500000010000000e+03	1.331555e-03
7.510000010000000e+03	1.329808e-03
7.520000010000000e+03	1.328066e-03
7.530000010000000e+03	1.326329e-03
7.540000010000000e+03	1.324596e-03
7.550000010000000e+03	1.322867e-03
7.560000010000000e+03	1.321144e-03
7.570000010000000e+03	1.319424e-03
7.580000010000000e+03	1.317709e-03
7.590000010000000e+03	1.315999e-03
7.600000010000000e+03	1.314293e-03
7.610000010000000e+03	1.312591e-03
7.620000010000000e+03	1.310894e-03
7.630000010000000e+03	1.309201e-03
7.640000010000000e+03	1.307513e-03
7.650000010000000e+03	1.305829e-03
7.660000010000000e+03	1.304149e-03
7.670000010000000e+03	1.302473e-03
7.680000010000000e+03	1.300802e-03
7.690000010000000e+03	1.299136e-03
7.700000010000000e+03	1.297473e-03
7.710000010000000e+03	1.295815e-03
7.720000010000000e+03	1.294161e-03
7.730000010000000e+03	1.292511e-03
7.740000010000000e+03	1.290865e-03
7.750000010000000e+03	1.289224e-03
7.760000010000000e+03	1.287586e-03
7.770000010000000e+03	1.285953e-03
7.780000010000000e+03	1.284324e-03
7.790000010000000e+03	1.282700e-03
7.800000010000000e+03	1.281079e-03
7.810000010000000e+03	1.279462e-03
7.820000010000000e+03	1.277850e-03
7.830000010000000e+03	1.276241e-03
7.840000010000000e+03	1.274637e-03
7.850000010000000e+03	1.273036e-03
7.860000010000000e+03	1.271440e-03
7.870000010000000e+03	1.269848e-03
7.880000010000000e+03	1.268259e-03
7.890000010000000e+03	1.266675e-03
7.900000010000000e+03	1.265094e-03
7.910000010000000e+03	1.263518e-03
7.920000010000000e+03	1.261945e-03
7.930000010000000e+03	1.260377e-03
7.940000010000000e+03	1.258812e-03
7.950000010000000e+03	1.257251e-03
7.960000010000000e+03	1.255694e-03
7.970000010000000e+03	1.254141e-03
7.980000010000000e+03	1.252592e-03
7.990000010000000e+03	1.251046e-03
8.000000010000000e+03	1.249505e-03
8.010000010000000e+03	1.247967e-03
8.020000010000000e+03	1.246433e-03
8.030000010000000e+03	1.244902e-03
8.040000010000000e+03	1.243376e-03
8.050000010000000e+03	1.241853e-03
8.060000010000000e+03	1.240334e-03
8.070000010000000e+03	1.238819e-03
8.080000010000000e+03	1.237307e-03
8.090000010000000e+03	1.235799e-03
8.100000010000000e+03	1.234295e-03
8.110000010000000e+03	1.232794e-03
8.120000010000000e+03	1.231297e-03
8.130000010000000e+03	1.229804e-03
8.140000010000000e+03	1.228314e-03
8.150000010000000e+03	1.226828e-03
8.160000010000000e+03	1.225346e-03
8.170000010000000e+03	1.223867e-03
8.180000010000000e+03	1.222391e-03
8.190000010000000e+03	1.220920e-03
8.200000010000000e+03	1.219451e-03
8.210000010000000e+03	1.217987e-03
8.220000010000000e+03	1.216526e-03
8.230000010000000e+03	1.215068e-03
8.240000010000000e+03	1.213614e-03
8.250000010000000e+03	1.212163e-03
8.260000010000000e+03	1.210716e-03
8.270000010000000e+03	1.209272e-03
8.280000010000000e+03	1.207832e-03
8.290000010000000e+03	1.206395e-03
8.300000010000000e+03	1.204961e-03
8.310000010000000e+03	1.203531e-03
8.320000010000000e+03	1.202104e-03
8.330000010000000e+03	1.200681e-03
8.340000010000000e+03	1.199261e-03
8.350000010000000e+03	1.197845e-03
8.360000010000000e+03	1.196432e-03
8.370000010000000e+03	1.195022e-03
8.380000010000000e+03	1.193615e-03
8.390000010000000e+03	1.192212e-03
8.400000010000000e+03	1.190812e-03
8.410000010000000e+03	1.189415e-03
8.420000010000000e+03	1.188022e-03
8.430000010000000e+03	1.186632e-03
8.440000010000000e+03	1.185245e-03
8.450000010000000e+03	1.183861e-03
8.460000010000000e+03	1.182481e-03
8.470000010000000e+03	1.181104e-03
8.480000010000000e+03	1.179730e-03
8.490000010000000e+03	1.178359e-03
8.500000010000000e+03	1.176991e-03
8.510000010000000e+03	1.175627e-03
8.520000010000000e+03	1.174266e-03
8.530000010000000e+03	1.172908e-03
8.540000010000000e+03	1.171553e-03
8.550000010000000e+03	1.170201e-03
8.560000010000000e+03	1.168852e-03
8.570000010000000e+03	1.167507e-03
8.580000010000000e+03	1.166164e-03
8.590000010000000e+03	1.164825e-03
8.600000010000000e+03	1.163489e-03
8.610000010000000e+03	1.162155e-03
8.620000010000000e+03	1.160825e-03
8.630000010000000e+03	1.159498e-03
8.640000010000000e+03	1.158174e-03
8.650000010000000e+03	1.156853e-03
8.660000010000000e+03	1.155535e-03
8.670000010000000e+03	1.154220e-03
8.680000010000000e+03	1.152908e-03
8.690000010000000e+03	1.151599e-03
8.700000010000000e+03	1.150293e-03
8.710000010000000e+03	1.148989e-03
8.720000010000000e+03	1.147689e-03
8.730000010000000e+03	1.146392e-03
8.740000010000000e+03	1.145098e-03
8.750000010000000e+03	1.143806e-03
8.760000010000000e+03	1.142518e-03
8.770000010000000e+03	1.141232e-03
8.780000010000000e+03	1.139950e-03
8.790000010000000e+03	1.138670e-03
8.800000010000000e+03	1.137393e-03
8.810000010000000e+03	1.136119e-03
8.820000010000000e+03	1.134848e-03
8.830000010000000e+03	1.133579e-03
8.840000010000000e+03	1.132314e-03
8.850000010000000e+03	1.131051e-03
8.860000010000000e+03	1.129791e-03
8.870000010000000e+03	1.128534e-03
8.880000010000000e+03	1.127280e-03
8.890000010000000e+03	1.126028e-03
8.900000010000000e+03	1.124780e-03
8.910000010000000e+03	1.123534e-03
8.920000010000000e+03	1.122291e-03
8.930000010000000e+03	1.121050e-03
8.940000010000000e+03	1.119812e-03
8.950000010000000e+03	1.118578e-03
8.960000010000000e+03	1.117345e-03
8.970000010000000e+03	1.116116e-03
8.980000010000000e+03	1.114889e-03
8.990000010000000e+03	1.113665e-03
9.000000010000000e+03	1.112444e-03
9.010000010000000e+03	1.111225e-03
9.020000010000000e+03	1.110009e-03
9.030000010000000e+03	1.108795e-03
9.040000010000000e+03	1.107585e-03
9.050000010000000e+03	1.106377e-03
9.060000010000000e+03	1.105171e-03
9.070000010000000e+03	1.103968e-03
9.080000010000000e+03	1.102768e-03
9.090000010000000e+03	1.101571e-03
9.100000010000000e+03	1.100376e-03
9.110000010000000e+03	1.099183e-03
9.120000010000000e+03	1.097993e-03
9.130000010000000e+03	1.096806e-03
9.140000010000000e+03	1.095621e-03
9.150000010000000e+03	1.094439e-03
9.160000010000000e+03	1.093260e-03
9.170000010000000e+03	1.092083e-03
9.180000010000000e+03	1.090908e-03
9.190000010000000e+03	1.089736e-03
9.200000010000000e+03	1.088567e-03
9.210000010000000e+03	1.087400e-03
9.220000010000000e+03	1.086236e-03
9.230000010000000e+03	1.085074e-03
9.240000010000000e+03	1.083914e-03
9.250000010000000e+03	1.082757e-03
9.260000010000000e+03	1.081603e-03
9.270000010000000e+03	1.080451e-03
9.280000010000000e+03	1.079301e-03
9.290000010000000e+03	1.078154e-03
9.300000010000000e+03	1.077009e-03
9.310000010000000e+03	1.075867e-03
9.320000010000000e+03	1.074727e-03
9.330000010000000e+03	1.073590e-03
9.340000010000000e+03	1.072455e-03
9.350000010000000e+03	1.071322e-03
9.360000010000000e+03	1.070192e-03
9.370000010000000e+03	1.069064e-03
9.380000010000000e+03	1.067939e-03
9.390000010000000e+03	1.066816e-03
9.400000010000000e+03	1.065695e-03
9.410000010000000e+03	1.064577e-03
9.420000010000000e+03	1.063461e-03
9.430000010000000e+03	1.062347e-03
9.440000010000000e+03	1.061236e-03
9.450000010000000e+03	1.060127e-03
9.460000010000000e+03	1.059020e-03
9.470000010000000e+03	1.057916e-03
9.480000010000000e+03	1.056813e-03
9.490000010000000e+03	1.055714e-03
9.500000010000000e+03	1.054616e-03
9.510000010000000e+03	1.053521e-03
9.520000010000000e+03	1.052428e-03
9.530000010000000e+03	1.051337e-03
9.540000010000000e+03	1.050249e-03
9.550000010000000e+03	1.049163e-03
9.560000010000000e+03	1.048079e-03
9.570000010000000e+03	1.046997e-03
9.580000010000000e+03	1.045918e-03
9.590000010000000e+03	1.044841e-03
9.600000010000000e+03	1.043766e-03
9.610000010000000e+03	1.042693e-03
9.620000010000000e+03	1.041622e-03
9.630000010000000e+03	1.040554e-03
9.640000010000000e+03	1.039488e-03
9.650000010000000e+03	1.038424e-03
9.660000010000000e+03	1.037362e-03
9.670000010000000e+03	1.036303e-03
9.680000010000000e+03	1.035245e-03
9.690000010000000e+03	1.034190e-03
9.700000010000000e+03	1.033137e-03
9.710000010000000e+03	1.032086e-03
9.720000010000000e+03	1.031037e-03
9.730000010000000e+03	1.029990e-03
9.740000010000000e+03	1.028945e-03
9.750000010000000e+03	1.027903e-03
9.760000010000000e+03	1.026863e-03
9.770000010000000e+03	1.025824e-03
9.780000010000000e+03	1.024788e-03
9.790000010000000e+03	1.023754e-03
9.800000010000000e+03	1.022722e-03
9.810000010000000e+03	1.021692e-03
9.820000010000000e+03	1.020664e-03
9.830000010000000e+03	1.019638e-03
9.840000010000000e+03	1.018615e-03
9.850000010000000e+03	1.017593e-03
9.860000010000000e+03	1.016574e-03
9.870000010000000e+03	1.015556e-03
9.880000010000000e+03	1.014541e-03
9.890000010000000e+03	1.013527e-03
9.900000010000000e+03	1.012516e-03
9.910000010000000e+03	1.011506e-03
9.920000010000000e+03	1.010499e-03
9.930000010000000e+03	1.009493e-03
9.940000010000000e+03	1.008490e-03
9.950000010000000e+03	1.007489e-03
9.960000010000000e+03	1.006489e-03
9.970000010000000e+03	1.005492e-03
9.980000010000000e+03	1.004496e-03
9.990000010000000e+03	1.003503e-03
1.000000001000000e+04	1.002511e-03
1.001000001000000e+04	1.001522e-03
1.002000001000000e+04	1.000534e-03
1.003000001000000e+04	9.995485e-04
1.004000001000000e+04	9.985648e-04
1.005000001000000e+04	9.975829e-04
1.006000001000000e+04	9.966032e-04
1.007000001000000e+04	9.956252e-04
1.008000001000000e+04	9.946493e-04
1.009000001000000e+04	9.936751e-04
1.010000001000000e+04	9.927029e-04
1.011000001000000e+04	9.917327e-04
1.012000001000000e+04	9.907642e-04
1.013000001000000e+04	9.897978e-04
1.014000001000000e+04	9.888333e-04
1.015000001000000e+04	9.878705e-04
1.016000001000000e+04	9.869096e-04
1.017000001000000e+04	9.859507e-04
1.018000001000000e+04	9.849935e-04
1.019000001000000e+04	9.840383e-04
1.020000001000000e+04	9.830849e-04
1.021000001000000e+04	9.821334e-04
1.022000001000000e+04	9.811837e-04
1.023000001000000e+04	9.802359e-04
1.024000001000000e+04	9.792898e-04
1.025000001000000e+04	9.783456e-04
1.026000001000000e+04	9.774033e-04
1.027000001000000e+04	9.764627e-04
1.028000001000000e+04	9.755239e-04
1.029000001000000e+04	9.745869e-04
1.030000001000000e+04	9.736518e-04
1.031000001000000e+04	9.727185e-04
1.032000001000000e+04	9.717869e-04
1.033000001000000e+04	9.708571e-04
1.034000001000000e+04	9.699291e-04
1.035000001000000e+04	9.690029e-04
1.036000001000000e+04	9.680784e-04
1.037000001000000e+04	9.671557e-04
1.038000001000000e+04	9.662348e-04
1.039000001000000e+04	9.653156e-04
1.040000001000000e+04	9.643982e-04
1.041000001000000e+04	9.634825e-04
1.042000001000000e+04	9.625686e-04
1.043000001000000e+04	9.616564e-04
1.044000001000000e+04	9.607459e-04
1.045000001000000e+04	9.598372e-04
1.046000001000000e+04	9.589301e-04
1.047000001000000e+04	9.580248e-04
1.048000001000000e+04	9.571212e-04
1.049000001000000e+04	9.562193e-04
1.050000001000000e+04	9.553191e-04
1.051000001000000e+04	9.544206e-04
1.052000001000000e+04	9.535238e-04
1.053000001000000e+04	9.526287e-04
1.054000001000000e+04	9.517352e-04
1.055000001000000e+04	9.508434e-04
1.056000001000000e+04	9.499534e-04
1.057000001000000e+04	9.490650e-04
1.058000001000000e+04	9.481782e-04
1.059000001000000e+04	9.472931e-04
1.060000001000000e+04	9.464096e-04
1.061000001000000e+04	9.455278e-04
1.062000001000000e+04	9.446476e-04
1.063000001000000e+04	9.437691e-04
1.064000001000000e+04	9.428922e-04
1.065000001000000e+04	9.420170e-04
1.066000001000000e+04	9.411434e-04
1.067000001000000e+04	9.402714e-04
1.068000001000000e+04	9.394010e-04
1.069000001000000e+04	9.385322e-04
1.070000001000000e+04	9.376650e-04
1.071000001000000e+04	9.367994e-04
1.072000001000000e+04	9.359355e-04
1.073000001000000e+04	9.350731e-04
1.074000001000000e+04	9.342123e-04
1.075000001000000e+04	9.333531e-04
1.076000001000000e+04	9.324955e-04
1.077000001000000e+04	9.316395e-04
1.078000001000000e+04	9.307850e-04
1.079000001000000e+04	9.299321e-04
1.080000001000000e+04	9.290808e-04
1.081000001000000e+04	9.282310e-04
1.082000001000000e+04	9.273827e-04
1.083000001000000e+04	9.265360e-04
1.084000001000000e+04	9.256909e-04
1.085000001000000e+04	9.248474e-04
1.086000001000000e+04	9.240053e-04
1.087000001000000e+04	9.231648e-04
1.088000001000000e+04	9.223258e-04
1.089000001000000e+04	9.214884e-04
1.090000001000000e+04	9.206525e-04
1.091000001000000e+04	9.198181e-04
1.092000001000000e+04	9.189851e-04
1.093000001000000e+04	9.181537e-04
1.094000001000000e+04	9.173239e-04
1.095000001000000e+04	9.164955e-04
1.096000001000000e+04	9.156686e-04
1.097000001000000e+04	9.148432e-04
1.098000001000000e+04	9.140193e-04
1.099000001000000e+04	9.131969e-04
1.100000001000000e+04	9.123759e-04
1.101000001000000e+04	9.115565e-04
1.102000001000000e+04	9.107385e-04
1.103000001000000e+04	9.099219e-04
1.104000001000000e+04	9.091069e-04
1.105000001000000e+04	9.082933e-04
1.106000001000000e+04	9.074811e-04
1.107000001000000e+04	9.066705e-04
1.108000001000000e+04	9.058612e-04
1.109000001000000e+04	9.050535e-04
1.110000001000000e+04	9.042471e-04
1.111000001000000e+04	9.034422e-04
1.112000001000000e+04	9.026387e-04
1.113000001000000e+04	9.018367e-04
1.114000001000000e+04	9.010360e-04
1.115000001000000e+04	9.002368e-04
1.116000001000000e+04	8.994390e-04
1.117000001000000e+04	8.986427e-04
1.118000001000000e+04	8.978477e-04
1.119000001000000e+04	8.970542e-04
1.120000001000000e+04	8.962620e-04
1.121000001000000e+04	8.954713e-04
1.122000001000000e+04	8.946820e-04
1.123000001000000e+04	8.938940e-04
1.124000001000000e+04	8.931074e-04
1.125000001000000e+04	8.923222e-04
1.126000001000000e+04	8.915384e-04
1.127000001000000e+04	8.907560e-04
1.128000001000000e+04	8.899749e-04
1.129000001000000e+04	8.891952e-04
1.130000001000000e+04	8.884170e-04
1.131000001000000e+04	8.876400e-04
1.132000001000000e+04	8.868644e-04
1.133000001000000e+04	8.860902e-04
1.134000001000000e+04	8.853173e-04
1.135000001000000e+04	8.845458e-04
1.136000001000000e+04	8.837756e-04
1.137000001000000e+04	8.830067e-04
1.138000001000000e+04	8.822393e-04
1.139000001000000e+04	8.814731e-04
1.140000001000000e+04	8.807082e-04
1.141000001000000e+04	8.799447e-04
1.142000001000000e+04	8.791825e-04
1.143000001000000e+04	8.784216e-04
1.144000001000000e+04	8.776621e-04
1.145000001000000e+04	8.769039e-04
1.146000001000000e+04	8.761470e-04
1.147000001000000e+04	8.753914e-04
1.148000001000000e+04	8.746370e-04
1.149000001000000e+04	8.738840e-04
1.150000001000000e+04	8.731323e-04
1.151000001000000e+04	8.723819e-04
1.152000001000000e+04	8.716328e-04
1.153000001000000e+04	8.708849e-04
1.154000001000000e+04	8.701384e-04
1.155000001000000e+04	8.693931e-04
1.156000001000000e+04	8.686491e-04
1.157000001000000e+04	8.679064e-04
1.158000001000000e+04	8.671649e-04
1.159000001000000e+04	8.664248e-04
1.160000001000000e+04	8.656858e-04
1.161000001000000e+04	8.649481e-04
1.162000001000000e+04	8.642118e-04
1.163000001000000e+04	8.634766e-04
1.164000001000000e+04	8.627427e-04
1.165000001000000e+04	8.620101e-04
1.166000001000000e+04	8.612787e-04
1.167000001000000e+04	8.605485e-04
1.168000001000000e+04	8.598196e-04
1.169000001000000e+04	8.590919e-04
1.170000001000000e+04	8.583654e-04
1.171000001000000e+04	8.576402e-04
1.172000001000000e+04	8.569162e-04
1.173000001000000e+04	8.561935e-04
1.174000001000000e+04	8.554719e-04
1.175000001000000e+04	8.547516e-04
1.176000001000000e+04	8.540325e-04
1.177000001000000e+04	8.533145e-04
1.178000001000000e+04	8.525978e-04
1.179000001000000e+04	8.518823e-04
1.180000001000000e+04	8.511680e-04
1.181000001000000e+04	8.504549e-04
1.182000001000000e+04	8.497430e-04
1.183000001000000e+04	8.490323e-04
1.184000001000000e+04	8.483228e-04
1.185000001000000e+04	8.476144e-04
1.186000001000000e+04	8.469073e-04
1.187000001000000e+04	8.462013e-04
1.188000001000000e+04	8.454965e-04
1.189000001000000e+04	8.447929e-04
1.190000001000000e+04	8.440905e-04
1.191000001000000e+04	8.433892e-04
1.192000001000000e+04	8.426891e-04
1.193000001000000e+04	8.419901e-04
1.194000001000000e+04	8.412923e-04
1.195000001000000e+04	8.405957e-04
1.196000001000000e+04	8.399002e-04
1.197000001000000e+04	8.392059e-04
1.198000001000000e+04	8.385127e-04
1.199000001000000e+04	8.378207e-04
1.200000001000000e+04	8.371298e-04
1.201000001000000e+04	8.364401e-04
1.202000001000000e+04	8.357514e-04
1.203000001000000e+04	8.350640e-04
1.204000001000000e+04	8.343776e-04
1.205000001000000e+04	8.336924e-04
1.206000001000000e+04	8.330083e-04
1.207000001000000e+04	8.323253e-04
1.208000001000000e+04	8.316435e-04
1.209000001000000e+04	8.309628e-04
1.210000001000000e+04	8.302832e-04
1.211000001000000e+04	8.296046e-04
1.212000001000000e+04	8.289273e-04
1.213000001000000e+04	8.282510e-04
1.214000001000000e+04	8.275758e-04
1.215000001000000e+04	8.269017e-04
1.216000001000000e+04	8.262288e-04
1.217000001000000e+04	8.255569e-04
1.218000001000000e+04	8.248861e-04
1.219000001000000e+04	8.242163e-04
1.220000001000000e+04	8.235478e-04
1.221000001000000e+04	8.228802e-04
1.222000001000000e+04	8.222138e-04
1.223000001000000e+04	8.215485e-04
1.224000001000000e+04	8.208841e-04
1.225000001000000e+04	8.202209e-04
1.226000001000000e+04	8.195588e-04
1.227000001000000e+04	8.188977e-04
1.228000001000000e+04	8.182377e-04
1.229000001000000e+04	8.175788e-04
1.230000001000000e+04	8.169209e-04
1.231000001000000e+04	8.162641e-04
1.232000001000000e+04	8.156084e-04
1.233000001000000e+04	8.149536e-04
1.234000001000000e+04	8.143000e-04
1.235000001000000e+04	8.136474e-04
1.236000001000000e+04	8.129958e-04
1.237000001000000e+04	8.123453e-04
1.238000001000000e+04	8.116959e-04
1.239000001000000e+04	8.110474e-04
1.240000001000000e+04	8.104001e-04
1.241000001000000e+04	8.097537e-04
1.242000001000000e+04	8.091084e-04
1.243000001000000e+04	8.084641e-04
1.244000001000000e+04	8.078208e-04
1.245000001000000e+04	8.071786e-04
1.246000001000000e+04	8.065373e-04
1.247000001000000e+04	8.058971e-04
1.248000001000000e+04	8.052579e-04
1.249000001000000e+04	8.046197e-04
1.250000001000000e+04	8.039825e-04
1.251000001000000e+04	8.033464e-04
1.252000001000000e+04	8.027113e-04
1.253000001000000e+04	8.020771e-04
1.254000001000000e+04	8.014440e-04
1.255000001000000e+04	8.008119e-04
1.256000001000000e+04	8.001807e-04
1.257000001000000e+04	7.995506e-04
1.258000001000000e+04	7.989215e-04
1.259000001000000e+04	7.982933e-04
1.260000001000000e+04	7.976661e-04
1.261000001000000e+04	7.970399e-04
1.262000001000000e+04	7.964147e-04
1.263000001000000e+04	7.957905e-04
1.264000001000000e+04	7.951672e-04
1.265000001000000e+04	7.945450e-04
1.266000001000000e+04	7.939237e-04
1.267000001000000e+04	7.933034e-04
1.268000001000000e+04	7.926840e-04
1.269000001000000e+04	7.920656e-04
1.270000001000000e+04	7.914482e-04
1.271000001000000e+04	7.908318e-04
1.272000001000000e+04	7.902163e-04
1.273000001000000e+04	7.896018e-04
1.274000001000000e+04	7.889882e-04
1.275000001000000e+04	7.883756e-04
1.276000001000000e+04	7.877639e-04
1.277000001000000e+04	7.871532e-04
1.278000001000000e+04	7.865434e-04
1.279000001000000e+04	7.859346e-04
1.280000001000000e+04	7.853267e-04
1.281000001000000e+04	7.847198e-04
1.282000001000000e+04	7.841138e-04
1.283000001000000e+04	7.835087e-04
1.284000001000000e+04	7.829046e-04
1.285000001000000e+04	7.823014e-04
1.286000001000000e+04	7.816991e-04
1.287000001000000e+04	7.810977e-04
1.288000001000000e+04	7.804973e-04
1.289000001000000e+04	7.798978e-04
1.290000001000000e+04	7.792993e-04
1.291000001000000e+04	7.787016e-04
1.292000001000000e+04	7.781049e-04
1.293000001000000e+04	7.775091e-04
1.294000001000000e+04	7.769142e-04
1.295000001000000e+04	7.763202e-04
1.296000001000000e+04	7.757271e-04
1.297000001000000e+04	7.751349e-04
1.298000001000000e+04	7.745436e-04
1.299000001000000e+04	7.739533e-04
1.300000001000000e+04	7.733638e-04
1.301000001000000e+04	7.727752e-04
1.302000001000000e+04	7.721875e-04
1.303000001000000e+04	7.716008e-04
1.304000001000000e+04	7.710149e-04
1.305000001000000e+04	7.704299e-04
1.306000001000000e+04	7.698458e-04
1.307000001000000e+04	7.692626e-04
1.308000001000000e+04	7.686802e-04
1.309000001000000e+04	7.680987e-04
1.310000001000000e+04	7.675182e-04
1.311000001000000e+04	7.669385e-04
1.312000001000000e+04	7.663597e-04
1.313000001000000e+04	7.657817e-04
1.314000001000000e+04	7.652047e-04
1.315000001000000e+04	7.646285e-04
1.316000001000000e+04	7.640531e-04
1.317000001000000e+04	7.634786e-04
1.318000001000000e+04	7.629051e-04
1.319000001000000e+04	7.623323e-04
1.320000001000000e+04	7.617604e-04
1.321000001000000e+04	7.611894e-04
1.322000001000000e+04	7.606192e-04
1.323000001000000e+04	7.600499e-04
1.324000001000000e+04	7.594815e-04
1.325000001000000e+04	7.589138e-04
1.326000001000000e+04	7.583470e-04
1.327000001000000e+04	7.577811e-04
1.328000001000000e+04	7.572161e-04
1.329000001000000e+04	7.566519e-04
1.330000001000000e+04	7.560885e-04
1.331000001000000e+04	7.555260e-04
1.332000001000000e+04	7.549642e-04
1.333000001000000e+04	7.544034e-04
1.334000001000000e+04	7.538433e-04
1.335000001000000e+04	7.532841e-04
1.336000001000000e+04	7.527258e-04
1.337000001000000e+04	7.521682e-04
1.338000001000000e+04	7.516115e-04
1.339000001000000e+04	7.510556e-04
1.340000001000000e+04	7.505005e-04
1.341000001000000e+04	7.499463e-04
1.342000001000000e+04	7.493928e-04
1.343000001000000e+04	7.488402e-04
1.344000001000000e+04	7.482884e-04
1.345000001000000e+04	7.477375e-04
1.346000001000000e+04	7.471873e-04
1.347000001000000e+04	7.466379e-04
1.348000001000000e+04	7.460894e-04
1.349000001000000e+04	7.455416e-04
1.350000001000000e+04	7.449947e-04
1.351000001000000e+04	7.444486e-04
1.352000001000000e+04	7.439032e-04
1.353000001000000e+04	7.433587e-04
1.354000001000000e+04	7.428149e-04
1.355000001000000e+04	7.422720e-04
1.356000001000000e+04	7.417299e-04
1.357000001000000e+04	7.411885e-04
1.358000001000000e+04	7.406479e-04
1.359000001000000e+04	7.401081e-04
1.360000001000000e+04	7.395691e-04
1.361000001000000e+04	7.390309e-04
1.362000001000000e+04	7.384935e-04
1.363000001000000e+04	7.379569e-04
1.364000001000000e+04	7.374210e-04
1.365000001000000e+04	7.368859e-04
1.366000001000000e+04	7.363516e-04
1.367000001000000e+04	7.358181e-04
1.368000001000000e+04	7.352853e-04
1.369000001000000e+04	7.347534e-04
1.370000001000000e+04	7.342222e-04
1.371000001000000e+04	7.336917e-04
1.372000001000000e+04	7.331620e-04
1.373000001000000e+04	7.326332e-04
1.374000001000000e+04	7.321050e-04
1.375000001000000e+04	7.315776e-04
1.376000001000000e+04	7.310510e-04
1.377000001000000e+04	7.305251e-04
1.378000001000000e+04	7.300000e-04
1.379000001000000e+04	7.294757e-04
1.380000001000000e+04	7.289521e-04
1.381000001000000e+04	7.284292e-04
1.382000001000000e+04	7.279071e-04
1.383000001000000e+04	7.273858e-04
1.384000001000000e+04	7.268652e-04
1.385000001000000e+04	7.263453e-04
1.386000001000000e+04	7.258262e-04
1.387000001000000e+04	7.253079e-04
1.388000001000000e+04	7.247903e-04
1.389000001000000e+04	7.242734e-04
1.390000001000000e+04	7.237572e-04
1.391000001000000e+04	7.232418e-04
1.392000001000000e+04	7.227271e-04
1.393000001000000e+04	7.222132e-04
1.394000001000000e+04	7.217000e-04
1.395000001000000e+04	7.211875e-04
1.396000001000000e+04	7.206757e-04
1.397000001000000e+04	7.201647e-04
1.398000001000000e+04	7.196544e-04
1.399000001000000e+04	7.191448e-04
1.400000001000000e+04	7.186360e-04
1.401000001000000e+04	7.181278e-04
1.402000001000000e+04	7.176204e-04
1.403000001000000e+04	7.171137e-04
1.404000001000000e+04	7.166077e-04
1.405000001000000e+04	7.161025e-04
1.406000001000000e+04	7.155979e-04
1.407000001000000e+04	7.150940e-04
1.408000001000000e+04	7.145909e-04
1.409000001000000e+04	7.140885e-04
1.410000001000000e+04	7.135868e-04
1.411000001000000e+04	7.130858e-04
1.412000001000000e+04	7.125855e-04
1.413000001000000e+04	7.120859e-04
1.414000001000000e+04	7.115870e-04
1.415000001000000e+04	7.110888e-04
1.416000001000000e+04	7.105913e-04
1.417000001000000e+04	7.100944e-04
1.418000001000000e+04	7.095983e-04
1.419000001000000e+04	7.091029e-04
1.420000001000000e+04	7.086082e-04
1.421000001000000e+04	7.081141e-04
1.422000001000000e+04	7.076208e-04
1.423000001000000e+04	7.071281e-04
1.424000001000000e+04	7.066361e-04
1.425000001000000e+04	7.061448e-04
1.426000001000000e+04	7.056543e-04
1.427000001000000e+04	7.051643e-04
1.428000001000000e+04	7.046751e-04
1.429000001000000e+04	7.041865e-04
1.430000001000000e+04	7.036986e-04
1.431000001000000e+04	7.032114e-04
1.432000001000000e+04	7.027249e-04
1.433000001000000e+04	7.022390e-04
1.434000001000000e+04	7.017538e-04
1.435000001000000e+04	7.012693e-04
1.436000001000000e+04	7.007855e-04
1.437000001000000e+04	7.003023e-04
1.438000001000000e+04	6.998198e-04
1.439000001000000e+04	6.993379e-04
1.440000001000000e+04	6.988568e-04
1.441000001000000e+04	6.983763e-04
1.442000001000000e+04	6.978964e-04
1.443000001000000e+04	6.974172e-04
1.444000001000000e+04	6.969387e-04
1.445000001000000e+04	6.964608e-04
1.446000001000000e+04	6.959835e-04
1.447000001000000e+04	6.955070e-04
1.448000001000000e+04	6.950310e-04
1.449000001000000e+04	6.945558e-04
1.450000001000000e+04	6.940812e-04
1.451000001000000e+04	6.936072e-04
1.452000001000000e+04	6.931339e-04
1.453000001000000e+04	6.926612e-04
1.454000001000000e+04	6.921891e-04
1.455000001000000e+04	6.917178e-04
1.456000001000000e+04	6.912471e-04
1.457000001000000e+04	6.907770e-04
1.458000001000000e+04	6.903075e-04
1.459000001000000e+04	6.898387e-04
1.460000001000000e+04	6.893705e-04
1.461000001000000e+04	6.889029e-04
1.462000001000000e+04	6.884360e-04
1.463000001000000e+04	6.879697e-04
1.464000001000000e+04	6.875041e-04
1.465000001000000e+04	6.870390e-04
1.466000001000000e+04	6.865747e-04
1.467000001000000e+04	6.861109e-04
1.468000001000000e+04	6.856478e-04
1.469000001000000e+04	6.851853e-04
1.470000001000000e+04	6.847234e-04
1.471000001000000e+04	6.842621e-04
1.472000001000000e+04	6.838015e-04
1.473000001000000e+04	6.833415e-04
1.474000001000000e+04	6.828821e-04
1.475000001000000e+04	6.824233e-04
1.476000001000000e+04	6.819651e-04
1.477000001000000e+04	6.815076e-04
1.478000001000000e+04	6.810506e-04
1.479000001000000e+04	6.805944e-04
1.480000001000000e+04	6.801386e-04
1.481000001000000e+04	6.796835e-04
1.482000001000000e+04	6.792290e-04
1.483000001000000e+04	6.787752e-04
1.484000001000000e+04	6.783219e-04
1.485000001000000e+04	6.778692e-04
1.486000001000000e+04	6.774172e-04
1.487000001000000e+04	6.769657e-04
1.488000001000000e+04	6.765149e-04
1.489000001000000e+04	6.760646e-04
1.490000001000000e+04	6.756150e-04
1.491000001000000e+04	6.751659e-04
1.492000001000000e+04	6.747175e-04
1.493000001000000e+04	6.742696e-04
1.494000001000000e+04	6.738223e-04
1.495000001000000e+04	6.733757e-04
1.496000001000000e+04	6.729296e-04
1.497000001000000e+04	6.724840e-04
1.498000001000000e+04	6.720392e-04
1.499000001000000e+04	6.715949e-04
1.500000001000000e+04	6.711512e-04
1.501000001000000e+04	6.707080e-04
1.502000001000000e+04	6.702655e-04
1.503000001000000e+04	6.698235e-04
1.504000001000000e+04	6.693821e-04
1.505000001000000e+04	6.689413e-04
1.506000001000000e+04	6.685011e-04
1.507000001000000e+04	6.680615e-04
1.508000001000000e+04	6.676224e-04
1.509000001000000e+04	6.671839e-04
1.510000001000000e+04	6.667460e-04
1.511000001000000e+04	6.663087e-04
1.512000001000000e+04	6.658720e-04
1.513000001000000e+04	6.654357e-04
1.514000001000000e+04	6.650001e-04
1.515000001000000e+04	6.645651e-04
1.516000001000000e+04	6.641306e-04
1.517000001000000e+04	6.636967e-04
1.518000001000000e+04	6.632634e-04
1.519000001000000e+04	6.628306e-04
1.520000001000000e+04	6.623984e-04
1.521000001000000e+04	6.619668e-04
1.522000001000000e+04	6.615357e-04
1.523000001000000e+04	6.611052e-04
1.524000001000000e+04	6.606752e-04
1.525000001000000e+04	6.602458e-04
1.526000001000000e+04	6.598170e-04
1.527000001000000e+04	6.593887e-04
1.528000001000000e+04	6.589610e-04
1.529000001000000e+04	6.585338e-04
1.530000001000000e+04	6.581072e-04
1.531000001000000e+04	6.576811e-04
1.532000001000000e+04	6.572556e-04
1.533000001000000e+04	6.568307e-04
1.534000001000000e+04	6.564063e-04
1.535000001000000e+04	6.559825e-04
1.536000001000000e+04	6.555591e-04
1.537000001000000e+04	6.551364e-04
1.538000001000000e+04	6.547142e-04
1.539000001000000e+04	6.542925e-04
1.540000001000000e+04	6.538713e-04
1.541000001000000e+04	6.534508e-04
1.542000001000000e+04	6.530307e-04
1.543000001000000e+04	6.526112e-04
1.544000001000000e+04	6.521923e-04
1.545000001000000e+04	6.517738e-04
1.546000001000000e+04	6.513559e-04
1.547000001000000e+04	6.509386e-04
1.548000001000000e+04	6.505218e-04
1.549000001000000e+04	6.501055e-04
1.550000001000000e+04	6.496898e-04
1.551000001000000e+04	6.492745e-04
1.552000001000000e+04	6.488598e-04
1.553000001000000e+04	6.484457e-04
1.554000001000000e+04	6.480321e-04
1.555000001000000e+04	6.476190e-04
1.556000001000000e+04	6.472064e-04
1.557000001000000e+04	6.467943e-04
1.558000001000000e+04	6.463828e-04
1.559000001000000e+04	6.459719e-04
1.560000001000000e+04	6.455614e-04
1.561000001000000e+04	6.451514e-04
1.562000001000000e+04	6.447420e-04
1.563000001000000e+04	6.443331e-04
1.564000001000000e+04	6.439247e-04
1.565000001000000e+04	6.435168e-04
1.566000001000000e+04	6.431094e-04
1.567000001000000e+04	6.427026e-04
1.568000001000000e+04	6.422963e-04
1.569000001000000e+04	6.418905e-04
1.570000001000000e+04	6.414852e-04
1.571000001000000e+04	6.410804e-04
1.572000001000000e+04	6.406761e-04
1.573000001000000e+04	6.402723e-04
1.574000001000000e+04	6.398691e-04
1.575000001000000e+04	6.394663e-04
1.576000001000000e+04	6.390641e-04
1.577000001000000e+04	6.386624e-04
1.578000001000000e+04	6.382611e-04
1.579000001000000e+04	6.378604e-04
1.580000001000000e+04	6.374602e-04
1.581000001000000e+04	6.370605e-04
1.582000001000000e+04	6.366613e-04
1.583000001000000e+04	6.362626e-04
1.584000001000000e+04	6.358644e-04
1.585000001000000e+04	6.354667e-04
1.586000001000000e+04	6.350694e-04
1.587000001000000e+04	6.346727e-04
1.588000001000000e+04	6.342765e-04
1.589000001000000e+04	6.338808e-04
1.590000001000000e+04	6.334856e-04
1.591000001000000e+04	6.330908e-04
1.592000001000000e+04	6.326966e-04
1.593000001000000e+04	6.323028e-04
1.594000001000000e+04	6.319095e-04
1.595000001000000e+04	6.315167e-04
1.596000001000000e+04	6.311245e-04
1.597000001000000e+04	6.307327e-04
1.598000001000000e+04	6.303414e-04
1.599000001000000e+04	6.299505e-04
1.600000001000000e+04	6.295602e-04
1.601000001000000e+04	6.291703e-04
1.602000001000000e+04	6.287809e-04
1.603000001000000e+04	6.283920e-04
1.604000001000000e+04	6.280036e-04
1.605000001000000e+04	6.276157e-04
1.606000001000000e+04	6.272283e-04
1.607000001000000e+04	6.268413e-04
1.608000001000000e+04	6.264548e-04
1.609000001000000e+04	6.260688e-04
1.610000001000000e+04	6.256832e-04
1.611000001000000e+04	6.252982e-04
1.612000001000000e+04	6.249136e-04
1.613000001000000e+04	6.245295e-04
1.614000001000000e+04	6.241458e-04
1.615000001000000e+04	6.237627e-04
1.616000001000000e+04	6.233800e-04
1.617000001000000e+04	6.229977e-04
1.618000001000000e+04	6.226160e-04
1.619000001000000e+04	6.222347e-04
1.620000001000000e+04	6.218538e-04
1.621000001000000e+04	6.214735e-04
1.622000001000000e+04	6.210936e-04
1.623000001000000e+04	6.207142e-04
1.624000001000000e+04	6.203352e-04
1.625000001000000e+04	6.199566e-04
1.626000001000000e+04	6.195786e-04
1.627000001000000e+04	6.192010e-04
1.628000001000000e+04	6.188239e-04
1.629000001000000e+04	6.184473e-04
1.630000001000000e+04	6.180711e-04
1.631000001000000e+04	6.176953e-04
1.632000001000000e+04	6.173201e-04
1.633000001000000e+04	6.169452e-04
1.634000001000000e+04	6.165708e-04
1.635000001000000e+04	6.161970e-04
1.636000001000000e+04	6.158234e-04
1.637000001000000e+04	6.154504e-04
1.638000001000000e+04	6.150779e-04
1.639000001000000e+04	6.147058e-04
1.640000001000000e+04	6.143341e-04
1.641000001000000e+04	6.139629e-04
1.642000001000000e+04	6.135922e-04
1.643000001000000e+04	6.132218e-04
1.644000001000000e+04	6.128520e-04
1.645000001000000e+04	6.124825e-04
1.646000001000000e+04	6.121136e-04
1.647000001000000e+04	6.117451e-04
1.648000001000000e+04	6.113770e-04
1.649000001000000e+04	6.110094e-04
1.650000001000000e+04	6.106421e-04
1.651000001000000e+04	6.102754e-04
1.652000001000000e+04	6.099091e-04
1.653000001000000e+04	6.095432e-04
1.654000001000000e+04	6.091778e-04
1.655000001000000e+04	6.088128e-04
1.656000001000000e+04	6.084482e-04
1.657000001000000e+04	6.080841e-04
1.658000001000000e+04	6.077204e-04
1.659000001000000e+04	6.073572e-04
1.660000001000000e+04	6.069944e-04
1.661000001000000e+04	6.066320e-04
1.662000001000000e+04	6.062700e-04
1.663000001000000e+04	6.059085e-04
1.664000001000000e+04	6.055475e-04
1.665000001000000e+04	6.051868e-04
1.666000001000000e+04	6.048265e-04
1.667000001000000e+04	6.044668e-04
1.668000001000000e+04	6.041074e-04
1.669000001000000e+04	6.037485e-04
1.670000001000000e+04	6.033900e-04
1.671000001000000e+04	6.030319e-04
1.672000001000000e+04	6.026742e-04
1.673000001000000e+04	6.023170e-04
1.674000001000000e+04	6.019602e-04
1.675000001000000e+04	6.016038e-04
1.676000001000000e+04	6.012478e-04
1.677000001000000e+04	6.008923e-04
1.678000001000000e+04	6.005372e-04
1.679000001000000e+04	6.001825e-04
1.680000001000000e+04	5.998281e-04
1.681000001000000e+04	5.994743e-04
1.682000001000000e+04	5.991209e-04
1.683000001000000e+04	5.987678e-04
1.684000001000000e+04	5.984152e-04
1.685000001000000e+04	5.980630e-04
1.686000001000000e+04	5.977112e-04
1.687000001000000e+04	5.973598e-04
1.688000001000000e+04	5.970089e-04
1.689000001000000e+04	5.966584e-04
1.690000001000000e+04	5.963083e-04
1.691000001000000e+04	5.959585e-04
1.692000001000000e+04	5.956092e-04
1.693000001000000e+04	5.952603e-04
1.694000001000000e+04	5.949118e-04
1.695000001000000e+04	5.945637e-04
1.696000001000000e+04	5.942160e-04
1.697000001000000e+04	5.938688e-04
1.698000001000000e+04	5.935219e-04
1.699000001000000e+04	5.931755e-04
1.700000001000000e+04	5.928294e-04
1.701000001000000e+04	5.924838e-04
1.702000001000000e+04	5.921386e-04
1.703000001000000e+04	5.917937e-04
1.704000001000000e+04	5.914493e-04
1.705000001000000e+04	5.911053e-04
1.706000001000000e+04	5.907616e-04
1.707000001000000e+04	5.904183e-04
1.708000001000000e+04	5.900755e-04
1.709000001000000e+04	5.897331e-04
1.710000001000000e+04	5.893910e-04
1.711000001000000e+04	5.890494e-04
1.712000001000000e+04	5.887081e-04
1.713000001000000e+04	5.883673e-04
1.714000001000000e+04	5.880269e-04
1.715000001000000e+04	5.876868e-04
1.716000001000000e+04	5.873471e-04
1.717000001000000e+04	5.870078e-04
1.718000001000000e+04	5.866690e-04
1.719000001000000e+04	5.863305e-04
1.720000001000000e+04	5.859924e-04
1.721000001000000e+04	5.856547e-04
1.722000001000000e+04	5.853174e-04
1.723000001000000e+04	5.849804e-04
1.724000001000000e+04	5.846439e-04
1.725000001000000e+04	5.843077e-04
1.726000001000000e+04	5.839720e-04
1.727000001000000e+04	5.836366e-04
1.728000001000000e+04	5.833016e-04
1.729000001000000e+04	5.829670e-04
1.730000001000000e+04	5.826327e-04
1.731000001000000e+04	5.822989e-04
1.732000001000000e+04	5.819654e-04
1.733000001000000e+04	5.816324e-04
1.734000001000000e+04	5.812997e-04
1.735000001000000e+04	5.809673e-04
1.736000001000000e+04	5.806354e-04
1.737000001000000e+04	5.803038e-04
1.738000001000000e+04	5.799727e-04
1.739000001000000e+04	5.796419e-04
1.740000001000000e+04	5.793115e-04
1.741000001000000e+04	5.789814e-04
1.742000001000000e+04	5.786517e-04
1.743000001000000e+04	5.783224e-04
1.744000001000000e+04	5.779935e-04
1.745000001000000e+04	5.776650e-04
1.746000001000000e+04	5.773368e-04
1.747000001000000e+04	5.770091e-04
1.748000001000000e+04	5.766816e-04
1.749000001000000e+04	5.763546e-04
1.750000001000000e+04	5.760278e-04
1.751000001000000e+04	5.757016e-04
1.752000001000000e+04	5.753756e-04
1.753000001000000e+04	5.750501e-04
1.754000001000000e+04	5.747249e-04
1.755000001000000e+04	5.744000e-04
1.756000001000000e+04	5.740756e-04
1.757000001000000e+04	5.737515e-04
1.758000001000000e+04	5.734277e-04
1.759000001000000e+04	5.731044e-04
1.760000001000000e+04	5.727814e-04
1.761000001000000e+04	5.724587e-04
1.762000001000000e+04	5.721364e-04
1.763000001000000e+04	5.718145e-04
1.764000001000000e+04	5.714930e-04
1.765000001000000e+04	5.711718e-04
1.766000001000000e+04	5.708510e-04
1.767000001000000e+04	5.705305e-04
1.768000001000000e+04	5.702104e-04
1.769000001000000e+04	5.698907e-04
1.770000001000000e+04	5.695713e-04
1.771000001000000e+04	5.692522e-04
1.772000001000000e+04	5.689336e-04
1.773000001000000e+04	5.686153e-04
1.774000001000000e+04	5.682973e-04
1.775000001000000e+04	5.679797e-04
1.776000001000000e+04	5.676625e-04
1.777000001000000e+04	5.673456e-04
1.778000001000000e+04	5.670291e-04
1.779000001000000e+04	5.667129e-04
1.780000001000000e+04	5.663970e-04
1.781000001000000e+04	5.660816e-04
1.782000001000000e+04	5.657665e-04
1.783000001000000e+04	5.654517e-04
1.784000001000000e+04	5.651372e-04
1.785000001000000e+04	5.648232e-04
1.786000001000000e+04	5.645095e-04
1.787000001000000e+04	5.641961e-04
1.788000001000000e+04	5.638830e-04
1.789000001000000e+04	5.635704e-04
1.790000001000000e+04	5.632581e-04
1.791000001000000e+04	5.629461e-04
1.792000001000000e+04	5.626344e-04
1.793000001000000e+04	5.623231e-04
1.794000001000000e+04	5.620122e-04
1.795000001000000e+04	5.617016e-04
1.796000001000000e+04	5.613913e-04
1.797000001000000e+04	5.610814e-04
1.798000001000000e+04	5.607718e-04
1.799000001000000e+04	5.604626e-04
1.800000001000000e+04	5.601537e-04
1.801000001000000e+04	5.598451e-04
1.802000001000000e+04	5.595369e-04
1.803000001000000e+04	5.592291e-04
1.804000001000000e+04	5.589215e-04
1.805000001000000e+04	5.586143e-04
1.806000001000000e+04	5.583075e-04
1.807000001000000e+04	5.580009e-04
1.808000001000000e+04	5.576948e-04
1.809000001000000e+04	5.573889e-04
1.810000001000000e+04	5.570834e-04
1.811000001000000e+04	5.567782e-04
1.812000001000000e+04	5.564734e-04
1.813000001000000e+04	5.561689e-04
1.814000001000000e+04	5.558647e-04
1.815000001000000e+04	5.555609e-04
1.816000001000000e+04	5.552574e-04
1.817000001000000e+04	5.549542e-04
1.818000001000000e+04	5.546514e-04
1.819000001000000e+04	5.543489e-04
1.820000001000000e+04	5.540467e-04
1.821000001000000e+04	5.537448e-04
1.822000001000000e+04	5.534433e-04
1.823000001000000e+04	5.531421e-04
1.824000001000000e+04	5.528412e-04
1.825000001000000e+04	5.525407e-04
1.826000001000000e+04	5.522405e-04
1.827000001000000e+04	5.519406e-04
1.828000001000000e+04	5.516410e-04
1.829000001000000e+04	5.513418e-04
1.830000001000000e+04	5.510429e-04
1.831000001000000e+04	5.507443e-04
1.832000001000000e+04	5.504460e-04
1.833000001000000e+04	5.501481e-04
1.834000001000000e+04	5.498505e-04
1.835000001000000e+04	5.495532e-04
1.836000001000000e+04	5.492562e-04
1.837000001000000e+04	5.489596e-04
1.838000001000000e+04	5.486633e-04
1.839000001000000e+04	5.483673e-04
1.840000001000000e+04	5.480716e-04
1.841000001000000e+04	5.477762e-04
1.842000001000000e+04	5.474811e-04
1.843000001000000e+04	5.471864e-04
1.844000001000000e+04	5.468920e-04
1.845000001000000e+04	5.465979e-04
1.846000001000000e+04	5.463041e-04
1.847000001000000e+04	5.460107e-04
1.848000001000000e+04	5.457175e-04
1.849000001000000e+04	5.454246e-04
1.850000001000000e+04	5.451321e-04
1.851000001000000e+04	5.448399e-04
1.852000001000000e+04	5.445480e-04
1.853000001000000e+04	5.442565e-04
1.854000001000000e+04	5.439652e-04
1.855000001000000e+04	5.436742e-04
1.856000001000000e+04	5.433836e-04
1.857000001000000e+04	5.430933e-04
1.858000001000000e+04	5.428033e-04
1.859000001000000e+04	5.425136e-04
1.860000001000000e+04	5.422242e-04
1.861000001000000e+04	5.419350e-04
1.862000001000000e+04	5.416463e-04
1.863000001000000e+04	5.413578e-04
1.864000001000000e+04	5.410696e-04
1.865000001000000e+04	5.407818e-04
1.866000001000000e+04	5.404942e-04
1.867000001000000e+04	5.402070e-04
1.868000001000000e+04	5.399200e-04
1.869000001000000e+04	5.396334e-04
1.870000001000000e+04	5.393470e-04
1.871000001000000e+04	5.390610e-04
1.872000001000000e+04	5.387753e-04
1.873000001000000e+04	5.384898e-04
1.874000001000000e+04	5.382047e-04
1.875000001000000e+04	5.379199e-04
1.876000001000000e+04	5.376354e-04
1.877000001000000e+04	5.373512e-04
1.878000001000000e+04	5.370673e-04
1.879000001000000e+04	5.367837e-04
1.880000001000000e+04	5.365004e-04
1.881000001000000e+04	5.362174e-04
1.882000001000000e+04	5.359346e-04
1.883000001000000e+04	5.356522e-04
1.884000001000000e+04	5.353701e-04
1.885000001000000e+04	5.350882e-04
1.886000001000000e+04	5.348067e-04
1.887000001000000e+04	5.345255e-04
1.888000001000000e+04	5.342446e-04
1.889000001000000e+04	5.339640e-04
1.890000001000000e+04	5.336836e-04
1.891000001000000e+04	5.334035e-04
1.892000001000000e+04	5.331238e-04
1.893000001000000e+04	5.328443e-04
1.894000001000000e+04	5.325652e-04
1.895000001000000e+04	5.322863e-04
1.896000001000000e+04	5.320077e-04
1.897000001000000e+04	5.317294e-04
1.898000001000000e+04	5.314514e-04
1.899000001000000e+04	5.311737e-04
1.900000001000000e+04	5.308963e-04
1.901000001000000e+04	5.306192e-04
1.902000001000000e+04	5.303423e-04
1.903000001000000e+04	5.300658e-04
1.904000001000000e+04	5.297895e-04
1.905000001000000e+04	5.295136e-04
1.906000001000000e+04	5.292379e-04
1.907000001000000e+04	5.289625e-04
1.908000001000000e+04	5.286874e-04
1.909000001000000e+04	5.284126e-04
1.910000001000000e+04	5.281380e-04
1.911000001000000e+04	5.278638e-04
1.912000001000000e+04	5.275898e-04
1.913000001000000e+04	5.273161e-04
1.914000001000000e+04	5.270427e-04
1.915000001000000e+04	5.267697e-04
1.916000001000000e+04	5.264968e-04
1.917000001000000e+04	5.262243e-04
1.918000001000000e+04	5.259521e-04
1.919000001000000e+04	5.256801e-04
1.920000001000000e+04	5.254084e-04
1.921000001000000e+04	5.251369e-04
1.922000001000000e+04	5.248658e-04
1.923000001000000e+04	5.245950e-04
1.924000001000000e+04	5.243244e-04
1.925000001000000e+04	5.240541e-04
1.926000001000000e+04	5.237841e-04
1.927000001000000e+04	5.235143e-04
1.928000001000000e+04	5.232448e-04
1.929000001000000e+04	5.229757e-04
1.930000001000000e+04	5.227068e-04
1.931000001000000e+04	5.224381e-04
1.932000001000000e+04	5.221698e-04
1.933000001000000e+04	5.219017e-04
1.934000001000000e+04	5.216339e-04
1.935000001000000e+04	5.213664e-04
1.936000001000000e+04	5.210991e-04
1.937000001000000e+04	5.208321e-04
1.938000001000000e+04	5.205654e-04
1.939000001000000e+04	5.202990e-04
1.940000001000000e+04	5.200328e-04
1.941000001000000e+04	5.197669e-04
1.942000001000000e+04	5.195013e-04
1.943000001000000e+04	5.192360e-04
1.944000001000000e+04	5.189709e-04
1.945000001000000e+04	5.187061e-04
1.946000001000000e+04	5.184416e-04
1.947000001000000e+04	5.181773e-04
1.948000001000000e+04	5.179133e-04
1.949000001000000e+04	5.176496e-04
1.950000001000000e+04	5.173861e-04
1.951000001000000e+04	5.171230e-04
1.952000001000000e+04	5.168600e-04
1.953000001000000e+04	5.165974e-04
1.954000001000000e+04	5.163350e-04
1.955000001000000e+04	5.160729e-04
1.956000001000000e+04	5.158111e-04
1.957000001000000e+04	5.155495e-04
1.958000001000000e+04	5.152881e-04
1.959000001000000e+04	5.150271e-04
1.960000001000000e+04	5.147663e-04
1.961000001000000e+04	5.145058e-04
1.962000001000000e+04	5.142455e-04
1.963000001000000e+04	5.139855e-04
1.964000001000000e+04	5.137258e-04
1.965000001000000e+04	5.134664e-04
1.966000001000000e+04	5.132072e-04
1.967000001000000e+04	5.129482e-04
1.968000001000000e+04	5.126895e-04
1.969000001000000e+04	5.124311e-04
1.970000001000000e+04	5.121729e-04
1.971000001000000e+04	5.119150e-04
1.972000001000000e+04	5.116574e-04
1.973000001000000e+04	5.114000e-04
1.974000001000000e+04	5.111429e-04
1.975000001000000e+04	5.108860e-04
1.976000001000000e+04	5.106294e-04
1.977000001000000e+04	5.103731e-04
1.978000001000000e+04	5.101170e-04
1.979000001000000e+04	5.098612e-04
1.980000001000000e+04	5.096056e-04
1.981000001000000e+04	5.093503e-04
1.982000001000000e+04	5.090952e-04
1.983000001000000e+04	5.088404e-04
1.984000001000000e+04	5.085858e-04
1.985000001000000e+04	5.083315e-04
1.986000001000000e+04	5.080775e-04
1.987000001000000e+04	5.078237e-04
1.988000001000000e+04	5.075702e-04
1.989000001000000e+04	5.073169e-04
1.990000001000000e+04	5.070639e-04
1.990900000000000e+04	5.068363e-04
