v1	V(n001)	V(n002)
5.000000000000000e+00	5.000000e+00	3.000000e+00
5.100000000000000e+00	5.100000e+00	3.060000e+00
5.200000000000000e+00	5.200000e+00	3.120000e+00
5.300000000000000e+00	5.300000e+00	3.180000e+00
5.400000000000000e+00	5.400000e+00	3.240000e+00
5.500000000000000e+00	5.500000e+00	3.300000e+00
5.600000000000000e+00	5.600000e+00	3.360000e+00
5.700000000000000e+00	5.700000e+00	3.420000e+00
5.800000000000000e+00	5.800000e+00	3.480000e+00
5.900000000000000e+00	5.900000e+00	3.540000e+00
6.000000000000000e+00	6.000000e+00	3.600000e+00
6.100000000000000e+00	6.100000e+00	3.660000e+00
6.200000000000000e+00	6.200000e+00	3.720000e+00
6.300000000000000e+00	6.300000e+00	3.780000e+00
6.400000000000000e+00	6.400000e+00	3.840000e+00
6.500000000000000e+00	6.500000e+00	3.900000e+00
6.600000000000000e+00	6.600000e+00	3.960000e+00
6.700000000000000e+00	6.700000e+00	4.020000e+00
6.800000000000000e+00	6.800000e+00	4.080000e+00
6.900000000000000e+00	6.900000e+00	4.140000e+00
7.000000000000000e+00	7.000000e+00	4.200000e+00
7.100000000000000e+00	7.100000e+00	4.260000e+00
7.200000000000000e+00	7.200000e+00	4.320000e+00
7.300000000000001e+00	7.300000e+00	4.379999e+00
7.400000000000000e+00	7.400000e+00	4.439995e+00
7.500000000000000e+00	7.500000e+00	4.499982e+00
7.600000000000000e+00	7.600000e+00	4.559937e+00
7.700000000000000e+00	7.700000e+00	4.619783e+00
7.800000000000001e+00	7.800000e+00	4.679258e+00
7.900000000000000e+00	7.900000e+00	4.737526e+00
8.000000000000000e+00	8.000000e+00	4.792324e+00
8.100000000000000e+00	8.100000e+00	4.839618e+00
8.199999999999999e+00	8.200000e+00	4.876452e+00
8.300000000000001e+00	8.300000e+00	4.903724e+00
8.400000000000000e+00	8.400000e+00	4.924139e+00
8.500000000000000e+00	8.500000e+00	4.939976e+00
8.600000000000000e+00	8.600000e+00	4.952723e+00
8.699999999999999e+00	8.700000e+00	4.963308e+00
8.800000000000001e+00	8.800000e+00	4.972323e+00
8.900000000000000e+00	8.900000e+00	4.980155e+00
9.000000000000000e+00	9.000000e+00	4.987073e+00
9.100000000000001e+00	9.100000e+00	4.993263e+00
9.199999999999999e+00	9.200000e+00	4.998864e+00
9.300000000000001e+00	9.300000e+00	5.003979e+00
9.400000000000000e+00	9.400000e+00	5.008684e+00
9.500000000000000e+00	9.500000e+00	5.013044e+00
9.600000000000001e+00	9.600000e+00	5.017106e+00
9.699999999999999e+00	9.700000e+00	5.020910e+00
9.800000000000001e+00	9.800000e+00	5.024488e+00
9.900000000000000e+00	9.900000e+00	5.027867e+00
1.000000000000000e+01	1.000000e+01	5.031069e+00
1.010000000000000e+01	1.010000e+01	5.034113e+00
1.020000000000000e+01	1.020000e+01	5.037014e+00
1.030000000000000e+01	1.030000e+01	5.039788e+00
1.040000000000000e+01	1.040000e+01	5.042444e+00
1.050000000000000e+01	1.050000e+01	5.044994e+00
1.060000000000000e+01	1.060000e+01	5.047446e+00
1.070000000000000e+01	1.070000e+01	5.049809e+00
1.080000000000000e+01	1.080000e+01	5.052090e+00
1.090000000000000e+01	1.090000e+01	5.054294e+00
1.100000000000000e+01	1.100000e+01	5.056428e+00
1.110000000000000e+01	1.110000e+01	5.058496e+00
1.120000000000000e+01	1.120000e+01	5.060503e+00
1.130000000000000e+01	1.130000e+01	5.062452e+00
1.140000000000000e+01	1.140000e+01	5.064348e+00
1.150000000000000e+01	1.150000e+01	5.066194e+00
1.160000000000000e+01	1.160000e+01	5.067992e+00
1.170000000000000e+01	1.170000e+01	5.069746e+00
1.180000000000000e+01	1.180000e+01	5.071458e+00
1.190000000000000e+01	1.190000e+01	5.073131e+00
1.200000000000000e+01	1.200000e+01	5.074766e+00
