r2	V(n002)
1.000000000000000e+01	1.090909e+00
2.000000000000000e+01	2.000000e+00
3.000000000000000e+01	2.769231e+00
4.000000000000000e+01	3.428571e+00
5.000000000000000e+01	4.000000e+00
6.000000000000000e+01	4.499989e+00
7.000000000000000e+01	4.896263e+00
8.000000000000000e+01	4.992535e+00
9.000000000000000e+01	5.023345e+00
1.000000000000000e+02	5.040325e+00
1.100000000000000e+02	5.051536e+00
1.200000000000000e+02	5.059641e+00
1.300000000000000e+02	5.065836e+00
1.400000000000000e+02	5.070753e+00
1.500000000000000e+02	5.074766e+00
1.600000000000000e+02	5.078110e+00
1.700000000000000e+02	5.080945e+00
1.800000000000000e+02	5.083382e+00
1.900000000000000e+02	5.085501e+00
2.000000000000000e+02	5.087362e+00
2.100000000000000e+02	5.089010e+00
2.200000000000000e+02	5.090480e+00
2.300000000000000e+02	5.091800e+00
2.400000000000000e+02	5.092992e+00
2.500000000000000e+02	5.094074e+00
2.600000000000000e+02	5.095061e+00
2.700000000000000e+02	5.095965e+00
2.800000000000000e+02	5.096796e+00
2.900000000000000e+02	5.097562e+00
3.000000000000000e+02	5.098272e+00
3.100000000000000e+02	5.098931e+00
3.200000000000000e+02	5.099544e+00
3.300000000000000e+02	5.100116e+00
3.400000000000000e+02	5.100651e+00
3.500000000000000e+02	5.101152e+00
3.600000000000000e+02	5.101624e+00
3.700000000000000e+02	5.102067e+00
3.800000000000000e+02	5.102486e+00
3.900000000000000e+02	5.102880e+00
4.000000000000000e+02	5.103254e+00
4.100000000000000e+02	5.103608e+00
4.200000000000000e+02	5.103944e+00
4.300000000000000e+02	5.104263e+00
4.400000000000000e+02	5.104567e+00
4.500000000000000e+02	5.104856e+00
4.600000000000000e+02	5.105132e+00
4.700000000000000e+02	5.105395e+00
4.800000000000000e+02	5.105647e+00
4.900000000000000e+02	5.105887e+00
5.000000000000000e+02	5.106118e+00
5.100000000000000e+02	5.106339e+00
5.200000000000000e+02	5.106551e+00
5.300000000000000e+02	5.106754e+00
5.400000000000000e+02	5.106950e+00
5.500000000000000e+02	5.107138e+00
5.600000000000000e+02	5.107319e+00
5.700000000000000e+02	5.107493e+00
5.800000000000000e+02	5.107661e+00
5.900000000000000e+02	5.107823e+00
6.000000000000000e+02	5.107980e+00
6.100000000000000e+02	5.108131e+00
6.200000000000000e+02	5.108276e+00
6.300000000000000e+02	5.108418e+00
6.400000000000000e+02	5.108554e+00
6.500000000000000e+02	5.108686e+00
6.600000000000000e+02	5.108814e+00
6.700000000000000e+02	5.108938e+00
6.800000000000000e+02	5.109058e+00
6.900000000000000e+02	5.109175e+00
7.000000000000000e+02	5.109288e+00
7.100000000000000e+02	5.109397e+00
7.200000000000000e+02	5.109504e+00
7.300000000000000e+02	5.109607e+00
7.400000000000000e+02	5.109708e+00
7.500000000000000e+02	5.109806e+00
7.600000000000000e+02	5.109901e+00
7.700000000000000e+02	5.109993e+00
7.800000000000000e+02	5.110084e+00
7.900000000000000e+02	5.110171e+00
8.000000000000000e+02	5.110257e+00
8.100000000000000e+02	5.110340e+00
8.200000000000000e+02	5.110421e+00
8.300000000000000e+02	5.110501e+00
8.400000000000000e+02	5.110578e+00
8.500000000000000e+02	5.110653e+00
8.600000000000000e+02	5.110727e+00
8.700000000000000e+02	5.110798e+00
8.800000000000000e+02	5.110869e+00
8.900000000000000e+02	5.110937e+00
9.000000000000000e+02	5.111004e+00
9.100000000000000e+02	5.111070e+00
9.200000000000000e+02	5.111134e+00
9.300000000000000e+02	5.111196e+00
9.400000000000000e+02	5.111257e+00
9.500000000000000e+02	5.111317e+00
9.600000000000000e+02	5.111376e+00
9.700000000000000e+02	5.111433e+00
9.800000000000000e+02	5.111489e+00
9.900000000000000e+02	5.111544e+00
1.000000000000000e+03	5.111598e+00
